colony_input
colony_input
3
27
897694
1
2
1
0
0 0
0
1
0
0
1
2
0
10000
0
2
2
MK@
0@
0.01 0.01 0.01 0.01 0.01 0.01 0.01 0.01 0.01 0.01 0.01 0.01 0.01 0.01 0.01 0.01 0.01 0.01 0.01 0.01 0.01 0.01 0.01 0.01 0.01 0.01 0.01
0.01 0.01 0.01 0.01 0.01 0.01 0.01 0.01 0.01 0.01 0.01 0.01 0.01 0.01 0.01 0.01 0.01 0.01 0.01 0.01 0.01 0.01 0.01 0.01 0.01 0.01 0.01
LHU_INK_2000_104 3 1 0 0 4 2 2 2 1 3 2 4 2 1 3 1 4 2 1 1 2 4 3 1 2 4 4 2 2 4 2 1 1 1 2 2 0 0 3 3 0 0 4 3 4 3 3 1 2 2 2 4 3 3
LHU_INK_2000_107 3 1 4 2 0 0 2 4 0 0 0 0 0 0 0 0 0 0 1 3 0 0 0 0 0 0 0 0 0 0 2 1 3 1 2 1 0 0 3 2 0 0 0 0 0 0 0 0 0 0 0 0 3 3
LHU_INK_2000_121 0 0 0 0 0 0 0 0 0 0 0 0 0 0 0 0 0 0 0 0 0 0 0 0 0 0 0 0 0 0 0 0 0 0 0 0 4 1 0 0 2 4 0 0 0 0 0 0 2 4 0 0 3 1


0 0
0 0




0 0
0 0
0
0
0
0
0
0
