colony_input
colony_input
20
184
491292
1
2
1
0
0 0
0
1
0
0
1
2
0
10000
0
2
2
MK@
0@
0.01 0.01 0.01 0.01 0.01 0.01 0.01 0.01 0.01 0.01 0.01 0.01 0.01 0.01 0.01 0.01 0.01 0.01 0.01 0.01 0.01 0.01 0.01 0.01 0.01 0.01 0.01 0.01 0.01 0.01 0.01 0.01 0.01 0.01 0.01 0.01 0.01 0.01 0.01 0.01 0.01 0.01 0.01 0.01 0.01 0.01 0.01 0.01 0.01 0.01 0.01 0.01 0.01 0.01 0.01 0.01 0.01 0.01 0.01 0.01 0.01 0.01 0.01 0.01 0.01 0.01 0.01 0.01 0.01 0.01 0.01 0.01 0.01 0.01 0.01 0.01 0.01 0.01 0.01 0.01 0.01 0.01 0.01 0.01 0.01 0.01 0.01 0.01 0.01 0.01 0.01 0.01 0.01 0.01 0.01 0.01 0.01 0.01 0.01 0.01 0.01 0.01 0.01 0.01 0.01 0.01 0.01 0.01 0.01 0.01 0.01 0.01 0.01 0.01 0.01 0.01 0.01 0.01 0.01 0.01 0.01 0.01 0.01 0.01 0.01 0.01 0.01 0.01 0.01 0.01 0.01 0.01 0.01 0.01 0.01 0.01 0.01 0.01 0.01 0.01 0.01 0.01 0.01 0.01 0.01 0.01 0.01 0.01 0.01 0.01 0.01 0.01 0.01 0.01 0.01 0.01 0.01 0.01 0.01 0.01 0.01 0.01 0.01 0.01 0.01 0.01 0.01 0.01 0.01 0.01 0.01 0.01 0.01 0.01 0.01 0.01 0.01 0.01 0.01 0.01 0.01 0.01 0.01 0.01
0.01 0.01 0.01 0.01 0.01 0.01 0.01 0.01 0.01 0.01 0.01 0.01 0.01 0.01 0.01 0.01 0.01 0.01 0.01 0.01 0.01 0.01 0.01 0.01 0.01 0.01 0.01 0.01 0.01 0.01 0.01 0.01 0.01 0.01 0.01 0.01 0.01 0.01 0.01 0.01 0.01 0.01 0.01 0.01 0.01 0.01 0.01 0.01 0.01 0.01 0.01 0.01 0.01 0.01 0.01 0.01 0.01 0.01 0.01 0.01 0.01 0.01 0.01 0.01 0.01 0.01 0.01 0.01 0.01 0.01 0.01 0.01 0.01 0.01 0.01 0.01 0.01 0.01 0.01 0.01 0.01 0.01 0.01 0.01 0.01 0.01 0.01 0.01 0.01 0.01 0.01 0.01 0.01 0.01 0.01 0.01 0.01 0.01 0.01 0.01 0.01 0.01 0.01 0.01 0.01 0.01 0.01 0.01 0.01 0.01 0.01 0.01 0.01 0.01 0.01 0.01 0.01 0.01 0.01 0.01 0.01 0.01 0.01 0.01 0.01 0.01 0.01 0.01 0.01 0.01 0.01 0.01 0.01 0.01 0.01 0.01 0.01 0.01 0.01 0.01 0.01 0.01 0.01 0.01 0.01 0.01 0.01 0.01 0.01 0.01 0.01 0.01 0.01 0.01 0.01 0.01 0.01 0.01 0.01 0.01 0.01 0.01 0.01 0.01 0.01 0.01 0.01 0.01 0.01 0.01 0.01 0.01 0.01 0.01 0.01 0.01 0.01 0.01 0.01 0.01 0.01 0.01 0.01 0.01
CAR_POI_2017_072 3 3 2 2 0 0 0 0 0 0 4 4 1 1 0 0 0 0 0 0 0 0 0 0 4 4 0 0 0 0 0 0 4 3 3 3 0 0 0 0 3 1 3 1 4 4 0 0 0 0 1 1 0 0 4 4 4 4 2 2 3 3 2 2 0 0 0 0 4 4 0 0 0 0 2 2 0 0 0 0 0 0 4 4 0 0 0 0 2 4 3 3 0 0 0 0 0 0 2 2 2 2 0 0 4 4 1 1 2 2 2 2 0 0 0 0 0 0 1 1 0 0 1 1 2 2 4 2 0 0 3 4 0 0 0 0 2 2 3 3 0 0 2 2 1 1 3 4 3 4 0 0 1 3 4 2 0 0 0 0 0 0 0 0 0 0 0 0 4 4 4 4 4 4 3 3 3 3 2 2 2 2 1 1 4 4 2 1 1 4 3 3 2 2 4 4 0 0 4 4 2 2 2 1 4 4 3 3 1 1 4 4 4 4 0 0 2 2 0 0 0 0 3 3 2 2 3 3 0 0 1 1 0 0 1 1 2 2 0 0 2 3 4 4 4 4 0 0 0 0 0 0 0 0 0 0 4 4 0 0 3 1 3 3 1 3 0 0 0 0 1 3 4 4 1 1 3 3 2 2 3 1 1 1 2 4 1 3 1 2 2 4 1 4 4 3 3 1 4 3 3 4 2 4 3 4 3 1 4 4 0 0 3 3 0 0 1 1 3 3 3 3 0 0 0 0 0 0 3 3 0 0 2 2 0 0 3 3 3 3 3 1 1 2 0 0 0 0 0 0 3 3 4 4 1 1 1 1 3 3 4 4 0 0 0 0 0 0
CAR_POI_2017_073 3 3 2 2 2 1 1 1 4 4 4 4 1 1 0 0 0 0 0 0 0 0 0 0 4 4 0 0 0 0 4 4 4 3 3 3 3 3 1 4 3 1 3 3 0 0 2 2 0 0 1 1 4 2 4 4 4 4 2 2 1 3 0 0 0 0 1 3 4 4 0 0 0 0 2 2 0 0 0 0 0 0 4 4 4 4 2 2 2 4 3 1 0 0 0 0 0 0 0 0 2 2 0 0 4 4 1 1 2 2 2 2 0 0 2 2 1 1 0 0 0 0 0 0 0 0 4 2 3 1 3 4 1 1 3 4 0 0 0 0 0 0 0 0 0 0 0 0 0 0 0 0 0 0 4 2 0 0 0 0 0 0 0 0 0 0 0 0 1 4 0 0 4 4 3 3 3 3 2 2 0 0 0 0 0 0 2 2 1 1 3 3 2 2 4 4 2 2 4 4 2 2 2 1 0 0 0 0 0 0 0 0 0 0 0 0 0 0 0 0 0 0 3 4 2 2 0 0 3 3 1 1 0 0 0 0 0 0 0 0 3 3 4 4 0 0 0 0 0 0 0 0 0 0 0 0 4 4 0 0 3 3 3 3 1 1 0 0 2 2 1 3 1 1 1 1 3 3 2 2 3 3 0 0 2 2 1 1 0 0 0 0 0 0 0 0 0 0 0 0 0 0 0 0 0 0 0 0 4 4 1 1 3 3 0 0 1 1 3 1 3 3 1 1 3 3 0 0 3 4 4 4 0 0 2 2 3 3 3 3 0 0 0 0 3 3 4 4 1 1 3 3 4 4 1 1 1 1 0 0 0 0 0 0 4 4 0 0
CAR_POI_2017_075 3 3 2 2 2 2 1 1 4 4 4 4 1 1 4 4 4 4 1 1 4 4 1 1 4 4 4 4 1 1 4 4 4 4 3 3 3 3 1 1 3 1 3 3 4 4 2 2 4 4 1 1 4 2 4 4 4 4 2 2 0 0 2 2 3 3 1 3 4 4 3 3 3 3 2 2 1 1 4 4 3 3 4 4 4 4 2 2 4 4 3 3 2 1 2 2 3 3 2 2 2 2 4 4 4 4 1 1 2 2 2 2 4 4 2 2 1 1 1 2 3 3 1 1 2 2 4 4 3 1 3 4 1 1 3 3 2 2 3 1 4 4 2 2 1 3 3 4 3 3 3 3 0 0 0 0 2 4 1 2 3 1 3 4 3 4 3 2 4 4 2 4 4 4 3 3 3 3 2 2 0 0 1 1 4 4 2 2 1 1 3 3 2 2 4 4 0 0 4 4 2 2 2 1 4 4 3 3 1 1 4 4 4 4 2 2 2 2 2 2 1 1 3 3 2 4 0 0 3 3 1 1 3 1 1 1 2 2 1 4 2 3 4 4 4 4 2 2 2 2 3 3 1 1 4 4 4 4 0 0 3 1 3 3 1 3 4 4 2 2 1 3 4 4 1 1 3 3 2 2 1 1 1 1 2 4 1 3 1 2 2 4 1 4 4 3 3 1 4 3 3 4 2 4 3 4 3 1 4 2 4 4 3 3 3 3 0 0 3 3 3 3 1 1 3 3 4 4 3 3 4 4 2 2 2 2 3 3 3 3 3 1 1 1 3 3 4 4 1 1 3 3 4 4 3 3 1 1 3 3 4 4 4 4 4 4 4 4
CAR_POI_2017_077 3 3 2 2 2 1 1 2 4 4 4 4 1 1 4 4 4 4 1 1 4 4 1 1 4 4 4 4 1 1 4 4 4 4 3 3 3 3 1 1 3 1 3 3 4 4 2 2 0 0 1 1 0 0 4 4 4 4 2 2 1 3 2 2 0 0 1 3 4 4 3 3 3 3 2 2 1 1 4 4 3 3 0 0 4 2 0 0 2 4 3 1 1 1 0 0 0 0 2 3 2 2 0 0 4 4 1 1 2 2 2 2 4 4 1 1 1 1 1 1 3 3 1 1 2 2 2 2 1 1 4 4 1 1 0 0 2 2 1 1 4 3 2 4 1 1 3 4 3 3 3 3 1 1 2 2 2 4 1 2 3 1 3 4 3 4 3 2 4 4 0 0 4 4 3 3 3 3 2 2 2 2 1 1 0 0 2 2 1 1 3 3 2 2 4 4 2 3 4 4 2 2 2 2 4 4 3 3 1 1 4 4 4 4 2 4 2 2 2 2 1 1 3 3 2 2 3 3 3 1 1 4 3 3 1 1 2 2 4 4 2 3 4 4 0 0 2 2 2 2 3 3 1 1 4 4 4 4 1 1 3 3 3 3 1 1 2 2 2 1 1 1 1 1 0 0 0 0 2 2 3 3 1 1 0 0 0 0 1 1 2 2 1 1 4 4 3 3 4 4 3 3 2 2 0 0 0 0 4 2 4 1 3 3 3 3 0 0 3 3 3 3 1 1 3 3 4 4 0 0 4 4 2 2 2 4 4 3 4 3 0 0 1 1 3 3 4 4 1 1 3 3 4 4 1 1 1 1 3 3 4 4 4 4 4 4 0 0
CAR_POI_2017_078 3 3 2 2 2 2 1 1 4 4 4 4 1 1 0 0 0 0 0 0 0 0 1 1 0 0 0 0 0 0 4 1 0 0 3 3 3 3 0 0 3 1 3 3 4 4 2 2 4 4 1 1 0 0 4 4 4 4 2 4 0 0 2 2 3 3 1 3 0 0 0 0 3 1 2 2 0 0 0 0 3 3 4 4 4 4 0 0 0 0 0 0 0 0 0 0 3 3 0 0 0 0 4 4 4 4 1 1 2 2 2 2 4 4 2 1 1 1 1 1 0 0 0 0 0 0 4 4 3 3 3 4 0 0 0 0 2 2 0 0 4 4 0 0 0 0 0 0 0 0 3 3 0 0 0 0 2 4 1 2 3 1 3 4 3 4 3 2 4 4 2 4 4 4 3 3 3 3 2 2 2 2 1 1 4 4 0 0 0 0 0 0 0 0 0 0 0 0 0 0 2 2 0 0 4 4 3 3 1 1 4 4 4 4 2 2 2 2 2 2 0 0 3 3 0 0 3 3 3 3 0 0 0 0 0 0 2 2 1 4 0 0 0 0 0 0 2 2 2 2 3 3 1 3 4 4 4 4 0 0 0 0 3 3 1 3 4 4 0 0 0 0 4 4 0 0 0 0 0 0 0 0 0 0 0 0 0 0 0 0 0 0 0 0 0 0 0 0 0 0 0 0 0 0 0 0 0 0 0 0 4 4 3 3 3 3 1 1 3 3 3 3 1 1 3 1 0 0 0 0 4 4 4 4 2 2 0 0 0 0 3 1 0 0 3 3 4 4 1 1 0 0 0 0 0 0 0 0 3 3 4 4 4 4 4 4 4 4
CAR_POI_2017_080 3 3 2 2 0 0 0 0 0 0 4 4 1 1 0 0 0 0 0 0 0 0 1 1 4 4 0 0 0 0 4 1 4 4 0 0 0 0 0 0 3 1 3 3 0 0 0 0 4 4 1 1 0 0 4 4 4 4 2 2 0 0 2 2 3 3 0 0 4 4 0 0 0 0 2 2 1 1 4 4 3 3 4 4 0 0 0 0 0 0 0 0 2 2 2 1 3 1 2 2 2 2 0 0 4 4 1 1 2 2 2 2 0 0 2 1 1 1 2 2 0 0 1 1 2 2 4 2 3 1 3 3 1 1 0 0 2 2 0 0 0 0 2 2 1 1 3 4 3 3 0 0 0 0 0 0 0 0 0 0 0 0 0 0 0 0 0 0 0 0 0 0 0 0 0 0 0 0 0 0 2 2 1 1 4 3 0 0 0 0 0 0 0 0 0 0 0 0 4 4 2 2 2 2 4 4 3 3 1 1 4 4 0 0 2 4 2 2 2 2 1 1 3 3 0 0 3 3 3 3 1 1 3 3 0 0 0 0 0 0 0 0 4 4 4 4 2 2 2 2 3 3 1 3 0 0 4 4 0 0 3 3 3 3 1 1 4 2 0 0 0 0 1 1 1 1 3 3 2 2 0 0 0 0 2 2 1 1 1 1 2 2 1 1 4 4 0 0 0 0 0 0 0 0 0 0 0 0 4 4 4 1 3 3 0 0 1 1 3 1 3 3 1 1 3 1 0 0 3 4 4 4 2 2 2 2 0 0 0 0 3 1 1 1 3 3 4 4 1 1 3 4 4 2 1 1 1 1 0 0 4 4 4 4 4 4 4 4
CAR_POI_2017_081 3 3 2 2 2 1 0 0 4 4 4 4 1 1 4 4 4 4 1 1 4 4 1 1 4 4 4 4 1 1 4 4 4 4 3 3 3 3 1 1 3 1 3 3 4 4 2 4 4 2 1 1 4 2 4 4 4 4 2 2 1 1 2 2 3 3 3 3 4 4 3 3 3 3 2 2 1 1 4 4 3 3 4 4 4 4 2 2 4 4 3 3 2 1 2 2 3 3 2 2 2 2 4 4 4 4 1 1 2 2 2 2 0 0 2 2 1 1 1 2 3 3 1 1 2 2 4 4 3 1 3 4 1 1 3 3 2 2 3 3 4 4 2 2 1 1 3 4 3 3 3 3 1 3 0 0 2 4 1 2 3 1 3 4 3 4 3 2 4 4 2 4 4 4 3 3 3 3 2 2 2 2 0 0 4 4 2 1 1 4 3 3 2 2 4 4 2 2 4 4 2 2 2 1 4 4 3 3 1 1 4 4 4 4 2 2 2 2 2 2 1 1 3 3 2 4 0 0 3 3 1 1 3 1 1 1 2 2 4 4 2 3 4 4 4 4 2 1 2 1 3 3 1 3 4 4 4 4 1 1 3 1 3 3 1 1 4 4 0 0 1 3 1 4 1 1 3 3 2 2 0 0 1 1 2 4 1 3 0 0 2 4 0 0 4 3 3 1 4 3 0 0 0 0 3 4 3 1 4 2 0 0 3 3 3 3 1 1 3 3 3 3 1 1 3 3 4 4 3 3 4 4 2 2 2 2 3 3 3 3 3 1 1 1 3 3 4 4 1 1 3 3 4 4 3 1 1 1 3 3 4 4 4 4 4 4 4 4
CAR_POI_2017_082 3 3 2 2 2 2 1 1 4 4 4 4 1 1 4 4 4 4 1 1 4 4 0 0 4 4 0 0 0 0 4 4 4 4 3 1 3 1 1 1 3 1 3 3 0 0 2 2 4 4 1 1 0 0 4 3 4 1 2 2 0 0 2 2 0 0 1 1 4 4 3 3 3 3 2 4 0 0 0 0 0 0 0 0 4 4 2 2 0 0 0 0 1 1 0 0 0 0 2 2 2 2 0 0 4 4 1 1 2 2 2 2 0 0 0 0 0 0 2 2 0 0 0 0 0 0 2 2 3 1 3 4 1 3 3 4 2 2 1 1 4 4 0 0 0 0 0 0 0 0 3 3 0 0 4 4 2 4 1 2 3 1 3 4 3 4 3 2 4 4 0 0 4 4 3 3 3 3 2 2 0 0 1 1 0 0 2 1 1 4 3 3 0 0 0 0 0 0 0 0 2 2 0 0 4 4 3 3 1 1 4 4 0 0 4 4 2 2 2 2 0 0 3 3 2 2 3 3 0 0 1 1 0 0 1 1 0 0 1 4 3 3 4 4 4 1 0 0 0 0 0 0 0 0 4 4 4 4 0 0 3 3 3 3 1 1 4 2 0 0 1 3 1 1 0 0 0 0 2 2 0 0 1 1 2 2 1 1 1 1 2 2 1 1 4 4 3 3 4 4 3 3 2 2 3 3 3 3 0 0 4 1 3 3 3 3 1 1 3 1 3 3 0 0 3 3 0 0 0 0 4 4 2 4 0 0 3 3 3 3 0 0 1 1 3 3 4 4 1 1 3 4 4 4 3 1 1 1 0 0 4 4 0 0 0 0 0 0
CAR_POI_2017_083 3 3 2 2 2 2 1 1 4 4 4 4 1 1 4 4 4 4 1 1 4 4 1 1 0 0 4 4 1 1 4 1 4 4 0 0 0 0 1 1 3 1 3 3 4 4 2 2 4 4 1 1 4 4 4 4 4 4 2 2 3 3 2 4 3 3 1 1 4 4 3 3 3 3 2 2 1 1 4 4 3 3 4 1 4 4 2 2 2 4 3 1 0 0 0 0 3 3 2 2 2 2 4 4 4 4 1 1 2 2 2 2 0 0 2 1 1 1 1 1 3 3 1 1 2 2 4 2 3 1 3 4 1 1 0 0 2 2 3 1 0 0 0 0 0 0 0 0 0 0 3 3 1 3 4 4 2 4 1 2 3 1 4 4 0 0 3 2 4 4 2 4 4 4 3 3 3 3 2 2 2 2 1 1 4 4 2 1 1 4 3 3 2 2 4 4 2 2 4 4 2 2 1 1 4 4 3 3 1 1 4 4 4 4 2 4 2 2 2 2 1 1 3 3 2 2 3 3 3 3 1 1 0 0 1 1 2 2 1 4 2 3 4 4 0 0 2 1 2 1 3 3 1 3 0 0 4 4 0 0 3 3 3 3 1 1 4 2 0 0 3 3 4 4 1 1 3 3 2 2 3 1 1 1 2 2 1 1 1 1 2 2 1 1 4 4 3 3 4 4 3 3 2 2 3 3 3 3 4 2 4 4 3 3 3 3 1 1 3 1 3 3 1 1 3 3 4 4 3 4 2 4 2 4 2 2 3 3 3 3 3 1 1 1 3 3 4 4 1 1 3 3 4 4 3 3 0 0 0 0 4 4 4 4 4 4 4 4
CAR_POI_2017_085 3 3 2 2 2 2 1 1 4 4 4 4 1 1 0 0 0 0 0 0 4 4 0 0 4 4 0 0 0 0 0 0 0 0 3 3 3 3 1 1 3 1 0 0 4 4 0 0 0 0 1 1 0 0 0 0 0 0 0 0 3 3 2 2 0 0 1 1 4 4 0 0 0 0 2 2 1 1 4 4 3 3 4 4 0 0 0 0 2 4 3 1 0 0 0 0 0 0 2 2 2 2 0 0 0 0 0 0 0 0 0 0 4 4 2 1 1 1 0 0 0 0 0 0 0 0 4 4 0 0 4 4 0 0 0 0 2 2 3 3 0 0 0 0 0 0 0 0 0 0 0 0 0 0 2 2 0 0 0 0 0 0 0 0 0 0 0 0 4 4 2 4 4 4 3 3 3 3 2 2 2 2 1 1 0 0 2 1 1 4 3 1 2 4 4 2 2 2 4 4 2 2 0 0 0 0 0 0 0 0 0 0 0 0 2 4 2 2 0 0 0 0 0 0 0 0 3 3 3 3 1 1 3 3 0 0 0 0 0 0 0 0 4 1 0 0 0 0 0 0 0 0 0 0 0 0 4 4 0 0 3 1 0 0 1 1 0 0 0 0 1 3 0 0 1 1 3 3 2 2 0 0 1 1 2 2 1 1 1 1 2 2 1 1 4 4 3 3 4 4 3 3 2 2 3 3 3 3 4 4 0 0 0 0 0 0 1 1 3 3 0 0 0 0 0 0 0 0 0 0 4 4 4 4 0 0 3 3 3 3 0 0 0 0 0 0 0 0 0 0 3 3 4 4 3 3 0 0 3 3 4 4 0 0 0 0 0 0
CAR_POI_2017_087 3 3 2 2 2 2 1 1 4 4 4 4 1 1 0 0 0 0 0 0 4 4 1 3 0 0 0 0 0 0 4 1 0 0 3 3 3 3 1 1 3 1 0 0 4 4 2 2 0 0 1 1 0 0 4 4 4 4 2 2 3 3 2 2 3 3 0 0 4 4 3 3 3 3 2 2 1 1 0 0 0 0 4 4 4 4 2 2 4 4 3 3 1 1 2 2 3 3 2 2 2 2 0 0 4 4 1 1 2 2 2 2 4 4 2 2 1 1 2 2 3 3 0 0 2 2 4 4 0 0 3 3 1 1 3 4 0 0 0 0 4 4 2 2 1 1 3 3 3 3 3 3 0 0 0 0 2 4 1 2 3 1 3 4 3 4 3 2 4 4 2 4 0 0 0 0 3 3 2 2 2 2 1 1 4 4 0 0 0 0 3 3 2 2 4 4 2 3 4 4 2 2 2 1 4 4 3 3 1 1 4 4 4 4 4 4 2 2 2 2 0 0 0 0 2 2 3 3 3 3 1 1 3 3 1 1 2 2 1 4 2 3 4 4 4 4 2 2 2 2 0 0 1 1 4 4 4 4 1 3 3 3 3 3 1 1 4 2 0 0 1 3 0 0 1 1 3 3 2 2 0 0 0 0 0 0 0 0 0 0 0 0 0 0 0 0 0 0 0 0 0 0 0 0 0 0 0 0 4 2 4 1 3 3 0 0 1 1 3 1 3 3 1 1 3 1 0 0 3 3 4 4 2 4 2 4 3 3 3 3 0 0 1 1 0 0 0 0 0 0 3 3 4 4 3 1 1 1 3 3 4 4 4 4 4 4 0 0
CAR_POI_2017_089 3 3 2 2 0 0 0 0 0 0 4 4 1 1 0 0 0 0 0 0 0 0 1 1 0 0 0 0 0 0 4 1 0 0 3 3 3 3 1 1 3 1 3 3 0 0 0 0 4 4 0 0 2 2 4 4 4 4 2 2 3 3 2 2 0 0 0 0 4 4 3 1 3 3 2 2 1 1 4 4 3 3 0 0 4 4 2 2 2 4 3 1 1 1 0 0 0 0 2 2 2 2 4 4 4 4 1 1 2 2 2 2 4 4 2 2 1 1 1 2 0 0 1 1 2 2 4 4 3 1 3 4 1 1 3 4 2 2 3 1 4 3 0 0 0 0 0 0 0 0 3 3 1 3 4 4 2 4 1 2 3 1 3 4 3 4 3 2 4 4 2 4 4 4 3 3 3 3 2 2 2 2 1 1 0 0 2 2 1 1 3 1 2 4 4 2 0 0 4 4 2 2 0 0 4 4 3 3 1 1 4 4 4 4 2 4 2 2 2 2 0 0 0 0 2 2 3 3 3 3 1 1 3 3 1 1 2 2 0 0 2 3 4 4 4 4 0 0 0 0 3 1 0 0 0 0 4 4 0 0 3 3 3 3 1 1 0 0 0 0 1 1 0 0 1 3 3 2 2 2 0 0 0 0 0 0 0 0 0 0 0 0 0 0 0 0 0 0 0 0 0 0 0 0 0 0 0 0 4 4 0 0 3 3 0 0 1 1 3 3 3 3 1 1 3 3 0 0 3 3 4 4 0 0 2 4 3 3 3 3 3 1 1 1 3 3 4 4 0 0 3 3 4 4 0 0 1 1 3 3 4 4 0 0 0 0 0 0
CAR_POI_2017_092 3 3 2 2 2 1 0 0 4 4 4 4 1 1 4 4 4 4 1 1 4 4 1 1 4 4 4 4 1 1 4 4 4 4 3 3 3 3 0 0 3 1 3 3 4 4 2 2 4 4 1 1 4 2 4 4 4 4 2 2 1 3 2 2 3 3 1 1 4 4 3 3 3 3 2 2 1 1 4 4 3 3 4 4 4 2 0 0 4 4 3 3 1 1 2 2 3 3 0 0 0 0 0 0 4 4 1 1 2 2 2 2 4 4 2 1 1 1 1 2 3 3 1 1 2 2 4 4 3 1 0 0 1 1 3 3 2 2 3 3 4 4 2 2 1 1 3 3 3 3 0 0 0 0 2 2 2 4 1 2 3 1 3 4 3 4 3 2 4 4 0 0 4 4 3 3 3 3 2 2 2 2 1 1 4 4 2 1 1 4 3 3 2 2 4 4 2 2 4 4 2 2 1 1 4 4 3 3 1 1 4 4 4 4 4 4 2 2 2 2 1 1 3 3 2 2 3 3 3 3 1 1 0 0 1 1 2 2 1 4 2 2 4 4 0 0 2 2 2 2 3 3 1 3 4 4 4 4 1 1 3 3 3 3 1 3 4 4 2 2 1 3 0 0 1 1 3 3 2 2 3 1 1 1 2 2 1 1 1 1 2 2 1 1 4 4 3 3 4 4 3 3 2 2 3 3 3 3 4 2 4 4 0 0 3 3 1 1 3 1 3 2 1 1 3 3 4 2 3 4 2 4 2 2 2 2 3 3 3 3 3 1 1 1 3 3 4 4 1 1 3 3 4 4 3 3 1 1 3 3 4 4 4 4 4 4 4 4
CAR_POI_2017_093 3 3 2 2 2 2 1 1 4 4 4 4 1 1 0 0 0 0 0 0 0 0 0 0 0 0 0 0 0 0 0 0 0 0 3 3 3 3 0 0 0 0 3 3 4 4 0 0 0 0 1 2 0 0 0 0 0 0 0 0 0 0 0 0 0 0 0 0 0 0 0 0 0 0 2 2 0 0 0 0 0 0 4 4 0 0 0 0 0 0 0 0 0 0 0 0 0 0 2 2 2 2 0 0 0 0 0 0 0 0 0 0 0 0 0 0 0 0 0 0 0 0 0 0 0 0 0 0 0 0 0 0 0 0 0 0 0 0 0 0 4 3 0 0 0 0 0 0 0 0 0 0 0 0 0 0 0 0 0 0 0 0 0 0 0 0 0 0 0 0 2 4 4 4 3 3 3 3 2 2 0 0 0 0 0 0 2 1 1 4 0 0 0 0 0 0 0 0 0 0 0 0 0 0 0 0 0 0 0 0 0 0 0 0 0 0 0 0 0 0 0 0 0 0 0 0 3 3 3 3 0 0 0 0 0 0 0 0 0 0 0 0 0 0 0 0 0 0 0 0 0 0 0 0 0 0 0 0 0 0 3 3 0 0 1 3 0 0 0 0 1 3 0 0 0 0 0 0 0 0 0 0 0 0 0 0 0 0 0 0 0 0 0 0 0 0 0 0 0 0 0 0 0 0 0 0 0 0 0 0 0 0 0 0 0 0 0 0 3 3 3 3 0 0 0 0 0 0 0 0 0 0 0 0 0 0 4 3 4 3 0 0 0 0 0 0 0 0 0 0 0 0 4 4 3 1 0 0 3 3 4 4 0 0 4 4 0 0
CAR_POI_2017_094 3 1 0 0 0 0 0 0 0 0 0 0 0 0 0 0 0 0 0 0 0 0 1 1 4 4 0 0 0 0 4 4 0 0 3 1 3 1 1 4 3 1 3 3 4 3 0 0 4 4 1 1 0 0 4 4 4 4 2 2 0 0 2 2 0 0 1 3 4 4 0 0 0 0 2 2 0 0 0 0 0 0 4 4 0 0 0 0 2 2 3 1 2 1 0 0 0 0 2 2 2 2 0 0 4 2 1 4 2 4 2 1 0 0 0 0 0 0 1 2 3 3 0 0 0 0 0 0 3 1 3 4 1 1 3 4 2 3 3 1 4 3 2 2 1 3 3 4 3 3 3 3 1 1 4 2 2 4 1 2 3 1 3 4 3 4 3 2 4 4 4 4 4 4 3 3 3 3 2 2 0 0 0 0 4 4 0 0 0 0 3 3 2 2 4 4 2 3 0 0 2 2 0 0 0 0 0 0 0 0 0 0 0 0 2 4 2 3 2 4 0 0 3 3 2 2 3 3 0 0 0 0 0 0 1 3 2 1 1 4 3 3 4 4 0 0 2 2 2 2 3 3 0 0 0 0 4 4 0 0 3 3 3 3 0 0 0 0 0 0 0 0 0 0 1 3 3 3 2 2 0 0 1 1 2 2 1 1 1 1 2 2 1 1 4 4 3 3 4 4 3 3 2 2 3 3 3 3 0 0 4 4 3 3 0 0 1 1 0 0 3 3 1 1 3 3 0 0 3 4 4 4 2 4 0 0 3 3 3 3 3 1 1 1 3 3 4 4 1 1 3 3 4 4 0 0 0 0 3 3 4 4 4 4 4 4 0 0
CAR_POI_2017_096 3 3 2 2 0 0 0 0 0 0 4 4 1 3 4 4 4 4 1 1 4 4 1 1 0 0 4 1 1 3 4 1 4 4 3 3 3 3 0 0 3 1 3 3 0 0 2 2 4 4 0 0 4 2 4 4 4 4 2 2 1 3 0 0 0 0 1 1 4 4 3 3 3 3 2 2 1 3 4 2 3 2 4 4 4 2 2 4 2 2 1 1 0 0 2 2 3 3 0 0 0 0 0 0 4 4 1 1 2 2 2 2 4 2 2 2 1 3 1 1 0 0 1 1 2 2 2 2 3 1 3 4 1 1 3 3 2 2 3 3 4 4 0 0 0 0 0 0 0 0 3 1 1 3 0 0 2 4 1 2 3 1 3 4 3 4 3 2 4 4 2 2 4 4 3 3 3 3 2 2 2 2 1 1 4 4 0 0 0 0 0 0 0 0 0 0 2 2 4 2 2 2 0 0 4 4 3 3 1 1 4 4 4 4 0 0 0 0 0 0 1 1 3 3 2 2 3 3 0 0 1 1 3 1 1 1 2 2 1 4 2 3 4 4 4 4 2 2 2 2 3 3 1 3 4 4 4 4 0 0 3 3 3 3 3 3 4 4 2 1 1 3 4 4 1 1 3 3 2 2 0 0 1 3 2 4 1 3 1 2 2 4 1 4 4 3 3 1 4 3 3 4 2 4 3 4 3 1 4 2 4 4 3 3 3 1 1 3 0 0 3 3 1 2 0 0 4 4 3 4 2 4 2 2 0 0 0 0 0 0 0 0 1 1 3 3 4 4 1 1 3 3 4 4 3 1 1 1 0 0 4 2 4 3 2 4 3 4
CAR_POI_2017_098 3 3 2 2 2 1 0 0 0 0 0 0 0 0 0 0 0 0 0 0 0 0 0 0 4 4 4 4 1 1 0 0 0 0 0 0 0 0 1 1 3 1 3 3 4 4 0 0 4 2 1 1 0 0 0 0 0 0 0 0 1 3 2 4 3 1 0 0 4 4 0 0 0 0 2 2 0 0 0 0 0 0 4 1 0 0 2 2 4 4 3 3 1 1 0 0 0 0 2 2 2 4 4 3 0 0 0 0 0 0 0 0 4 2 0 0 1 3 2 2 0 0 1 3 2 3 2 2 0 0 0 0 0 0 0 0 2 2 3 3 0 0 0 0 0 0 0 0 0 0 0 0 0 0 0 0 0 0 0 0 0 0 0 0 0 0 0 0 4 4 0 0 0 0 0 0 0 0 0 0 0 0 0 0 4 4 2 1 1 4 3 3 2 2 4 4 2 2 4 4 0 0 0 0 4 3 3 4 1 3 0 0 4 2 0 0 0 0 0 0 0 0 0 0 0 0 3 2 3 3 0 0 0 0 1 1 2 2 0 0 0 0 4 4 0 0 0 0 0 0 3 3 0 0 0 0 4 4 0 0 0 0 3 3 1 1 4 2 2 2 1 1 1 4 0 0 0 0 0 0 3 1 0 0 0 0 0 0 0 0 2 4 1 4 4 3 0 0 4 3 0 0 0 0 0 0 0 0 4 2 4 4 0 0 0 0 0 0 3 3 3 3 0 0 0 0 0 0 0 0 4 4 0 0 0 0 3 3 3 3 0 0 0 0 3 3 4 4 1 1 3 3 4 4 3 1 0 0 3 3 4 4 4 4 4 4 0 0
CAR_POI_2017_099 3 1 2 4 2 1 0 0 4 3 4 4 1 1 4 3 4 3 1 3 4 2 0 0 4 4 0 0 0 0 0 0 0 0 3 3 3 3 1 1 3 1 3 3 4 4 2 2 4 4 1 1 4 4 4 4 4 4 2 2 1 3 2 2 0 0 1 1 4 4 0 0 0 0 2 2 0 0 0 0 0 0 4 4 4 4 2 2 4 4 3 3 0 0 0 0 0 0 2 2 2 2 4 4 4 4 1 1 2 2 2 2 4 4 2 2 1 1 1 1 3 1 1 1 2 2 2 2 3 1 4 4 1 3 3 3 2 2 3 3 0 0 2 2 1 1 3 3 3 3 3 3 1 3 4 4 2 4 1 2 3 1 3 4 0 0 0 0 4 4 2 4 4 4 3 3 3 3 2 2 2 2 1 1 4 4 2 1 1 4 3 3 2 2 4 4 0 0 4 4 2 2 0 0 4 3 3 4 1 3 4 3 4 2 0 0 0 0 0 0 0 0 0 0 2 2 3 3 3 3 1 1 3 1 1 1 2 2 0 0 2 3 4 4 4 4 0 0 0 0 3 1 0 0 0 0 4 2 1 1 3 3 3 1 1 3 0 0 0 0 1 3 0 0 1 1 3 3 2 1 1 1 1 1 2 4 1 3 1 2 2 4 1 4 4 3 3 1 4 3 3 4 2 4 3 4 3 1 0 0 0 0 3 1 3 3 1 1 3 1 3 3 1 1 3 3 0 0 3 4 2 4 2 4 0 0 3 3 3 3 3 1 1 1 0 0 0 0 0 0 3 3 4 4 3 1 1 4 3 3 4 2 4 4 4 4 0 0
CAR_POI_2017_100 3 3 2 2 2 2 1 1 4 4 4 2 1 1 0 0 0 0 0 0 0 0 0 0 4 1 0 0 0 0 0 0 0 0 3 3 3 3 0 0 3 1 3 3 0 0 0 0 4 4 1 1 4 2 4 4 4 4 2 2 1 3 2 2 3 3 1 1 4 4 0 0 0 0 2 2 1 1 4 4 3 3 4 4 0 0 0 0 4 4 3 3 2 1 2 2 3 3 0 0 0 0 0 0 4 4 1 1 2 2 2 2 0 0 0 0 0 0 1 2 3 3 1 1 2 2 4 2 0 0 4 4 0 0 0 0 0 0 3 3 0 0 2 2 1 1 3 3 3 3 0 0 0 0 0 0 2 2 1 1 3 3 0 0 0 0 0 0 0 0 2 4 4 3 3 4 3 4 2 4 0 0 0 0 4 4 2 1 1 4 3 3 2 2 0 0 2 2 0 0 2 1 0 0 4 4 3 3 1 1 0 0 0 0 4 4 2 2 2 2 1 4 3 3 0 0 3 2 3 3 0 0 0 0 0 0 0 0 1 1 0 0 4 4 0 0 0 0 0 0 0 0 1 3 0 0 4 4 0 0 3 3 3 3 3 3 0 0 0 0 0 0 1 4 1 1 3 3 2 2 0 0 0 0 0 0 0 0 0 0 0 0 0 0 0 0 0 0 0 0 0 0 0 0 3 4 3 1 4 2 4 4 3 3 0 0 1 1 3 3 0 0 1 1 3 3 0 0 3 3 2 4 2 2 0 0 3 3 3 3 3 3 1 1 0 0 0 0 0 0 3 3 4 4 1 1 0 0 3 4 4 4 0 0 4 4 0 0
CAR_POI_2017_101 3 3 2 2 0 0 0 0 0 0 4 4 1 1 0 0 0 0 0 0 0 0 1 1 4 4 0 0 0 0 4 1 0 0 0 0 0 0 1 4 3 1 3 3 0 0 0 0 4 2 1 1 0 0 4 4 4 4 2 2 3 3 2 2 3 3 0 0 4 3 0 0 0 0 2 2 0 0 0 0 0 0 4 4 4 4 2 2 2 2 0 0 0 0 0 0 3 3 0 0 0 0 4 4 0 0 0 0 0 0 0 0 4 4 2 2 0 0 2 2 3 3 0 0 2 2 4 2 3 3 3 4 1 1 3 4 2 2 3 1 0 0 0 0 0 0 0 0 0 0 3 3 1 3 2 2 0 0 0 0 0 0 0 0 0 0 0 0 4 4 4 4 4 4 3 3 3 3 2 2 2 4 1 2 4 4 0 0 0 0 3 3 2 2 4 4 2 3 4 4 2 2 0 0 0 0 0 0 0 0 0 0 0 0 2 2 2 2 0 0 0 0 0 0 2 4 3 3 0 0 1 1 0 0 1 1 2 2 0 0 3 3 4 4 4 4 0 0 2 2 0 0 1 3 4 2 4 4 1 1 3 3 0 0 1 3 0 0 0 0 1 3 0 0 0 0 0 0 2 2 3 1 1 1 2 2 1 1 1 1 2 2 1 1 4 4 3 3 4 4 3 3 2 2 3 3 3 3 4 2 4 4 3 3 3 3 1 1 3 3 3 2 1 1 3 3 0 0 4 4 2 4 2 2 2 4 0 0 0 0 3 1 1 1 3 1 4 2 1 3 3 3 4 4 3 3 0 0 0 0 4 4 4 4 4 4 0 0


0 0
0 0




0 0
0 0
0
0
0
0
0
0
