colony_input
colony_input
18
108
190695
1
2
1
0
0 0
0
1
0
0
1
2
0
10000
0
2
2
MK@
0@
0.01 0.01 0.01 0.01 0.01 0.01 0.01 0.01 0.01 0.01 0.01 0.01 0.01 0.01 0.01 0.01 0.01 0.01 0.01 0.01 0.01 0.01 0.01 0.01 0.01 0.01 0.01 0.01 0.01 0.01 0.01 0.01 0.01 0.01 0.01 0.01 0.01 0.01 0.01 0.01 0.01 0.01 0.01 0.01 0.01 0.01 0.01 0.01 0.01 0.01 0.01 0.01 0.01 0.01 0.01 0.01 0.01 0.01 0.01 0.01 0.01 0.01 0.01 0.01 0.01 0.01 0.01 0.01 0.01 0.01 0.01 0.01 0.01 0.01 0.01 0.01 0.01 0.01 0.01 0.01 0.01 0.01 0.01 0.01 0.01 0.01 0.01 0.01 0.01 0.01 0.01 0.01 0.01 0.01 0.01 0.01 0.01 0.01 0.01 0.01 0.01 0.01 0.01 0.01 0.01 0.01 0.01 0.01
0.01 0.01 0.01 0.01 0.01 0.01 0.01 0.01 0.01 0.01 0.01 0.01 0.01 0.01 0.01 0.01 0.01 0.01 0.01 0.01 0.01 0.01 0.01 0.01 0.01 0.01 0.01 0.01 0.01 0.01 0.01 0.01 0.01 0.01 0.01 0.01 0.01 0.01 0.01 0.01 0.01 0.01 0.01 0.01 0.01 0.01 0.01 0.01 0.01 0.01 0.01 0.01 0.01 0.01 0.01 0.01 0.01 0.01 0.01 0.01 0.01 0.01 0.01 0.01 0.01 0.01 0.01 0.01 0.01 0.01 0.01 0.01 0.01 0.01 0.01 0.01 0.01 0.01 0.01 0.01 0.01 0.01 0.01 0.01 0.01 0.01 0.01 0.01 0.01 0.01 0.01 0.01 0.01 0.01 0.01 0.01 0.01 0.01 0.01 0.01 0.01 0.01 0.01 0.01 0.01 0.01 0.01 0.01
QUI_CMC_2016_001 4 4 0 0 2 2 1 1 4 4 1 1 4 4 3 3 3 1 2 4 4 4 2 2 1 1 3 3 1 1 2 2 4 4 1 1 1 1 2 2 1 1 4 2 4 4 1 1 4 4 4 4 2 2 2 2 0 0 1 3 4 4 1 1 1 1 3 3 2 2 4 2 1 3 1 2 4 4 3 3 0 0 2 2 4 4 1 1 2 2 2 4 1 2 3 1 3 4 3 4 3 2 0 0 2 2 2 2 1 1 0 0 1 1 2 2 3 1 2 4 4 2 3 3 0 0 2 2 3 3 2 2 0 0 2 2 1 1 3 3 4 4 1 1 2 2 3 3 4 4 2 2 1 1 4 4 2 2 0 0 0 0 1 1 1 1 3 3 1 1 3 3 3 3 4 4 0 0 1 4 4 4 1 1 1 1 1 1 3 3 3 1 0 0 0 0 3 1 1 1 3 3 2 2 1 1 1 1 4 4 4 4 2 4 3 4
QUI_CMC_2016_002 4 4 0 0 2 1 1 2 4 4 0 0 0 0 3 4 3 1 2 2 4 4 2 2 0 0 3 3 1 1 2 2 0 0 1 1 1 1 0 0 1 1 4 2 4 4 0 0 0 0 0 0 0 0 2 2 4 4 0 0 2 4 2 1 3 1 2 3 2 2 4 2 1 3 1 2 0 0 3 3 0 0 2 2 4 3 1 3 2 2 2 4 1 2 3 1 3 4 3 4 3 2 2 4 2 4 0 0 0 0 2 4 1 1 2 2 3 1 2 4 4 2 0 0 0 0 2 2 3 3 2 2 0 0 0 0 0 0 3 2 4 4 1 1 0 0 3 3 4 4 2 2 0 0 0 0 2 2 2 2 2 2 1 1 1 1 3 3 3 1 3 3 3 3 4 4 2 2 1 4 4 2 1 1 1 1 1 1 0 0 3 3 2 2 2 2 3 1 1 4 3 4 2 4 0 0 0 0 0 0 4 4 2 2 3 3
QUI_CMC_2016_003 0 0 0 0 0 0 1 1 4 2 1 1 4 4 3 3 3 1 2 2 4 4 2 2 1 1 3 3 1 1 2 2 4 4 1 4 1 1 2 4 1 1 2 2 4 4 0 0 0 0 4 2 2 4 2 4 4 2 1 1 2 4 2 1 3 1 0 0 2 2 2 2 3 3 2 2 4 4 3 3 0 0 2 2 0 0 0 0 2 2 2 4 0 0 0 0 0 0 0 0 0 0 0 0 2 2 0 0 0 0 2 4 1 1 2 4 1 1 4 4 2 2 3 3 2 3 0 0 3 1 2 2 2 1 0 0 0 0 3 3 4 4 1 1 2 2 0 0 4 4 2 2 3 1 4 4 2 2 2 2 2 1 3 3 1 1 3 3 3 1 0 0 1 3 4 4 0 0 1 1 0 0 1 1 0 0 0 0 0 0 3 3 0 0 2 2 0 0 1 1 3 3 2 2 0 0 4 1 2 4 4 4 2 2 0 0
QUI_CMC_2016_004 4 3 3 3 2 2 1 1 4 2 1 1 4 4 3 3 3 1 2 2 0 0 0 0 0 0 3 3 1 1 2 2 0 0 1 1 1 1 0 0 1 1 4 2 4 4 1 4 4 3 4 4 2 2 2 2 4 2 1 1 2 4 2 1 3 1 2 3 2 2 0 0 3 3 1 2 4 4 3 3 0 0 2 2 0 0 1 3 0 0 2 4 1 2 3 1 3 4 3 3 3 3 2 4 2 2 2 2 1 1 2 4 1 1 0 0 3 1 2 4 4 2 3 3 2 2 2 2 3 3 2 2 1 1 2 2 0 0 3 3 4 4 1 1 0 0 3 3 4 4 2 2 3 1 4 4 2 2 0 0 0 0 0 0 0 0 0 0 3 1 3 3 3 3 4 4 0 0 0 0 4 4 0 0 0 0 0 0 0 0 3 1 2 2 2 2 3 1 1 1 3 3 2 2 1 1 1 1 4 4 4 4 2 4 3 4
QUI_CMC_2016_005 4 4 3 3 2 2 1 1 4 4 1 1 4 4 3 3 3 1 2 2 4 4 2 2 1 1 3 3 1 1 2 2 4 4 1 1 1 1 2 2 1 1 4 2 4 4 1 1 4 4 4 4 2 2 2 2 4 4 1 1 2 2 2 2 3 3 3 3 2 2 2 2 3 3 0 0 4 2 3 4 0 0 2 2 4 4 1 3 2 2 2 4 1 2 3 1 3 4 3 4 3 2 2 2 2 2 2 2 1 1 2 2 1 1 2 2 3 1 2 4 4 2 3 3 2 2 2 2 3 3 2 2 1 1 2 2 1 1 3 3 4 4 1 1 2 2 3 3 4 4 2 2 1 1 4 4 2 2 2 2 2 2 1 3 1 1 3 3 3 3 3 3 1 3 4 4 2 2 4 4 4 2 1 1 1 1 1 1 3 3 3 1 2 2 2 2 3 1 1 1 3 3 2 2 1 1 1 1 4 4 4 4 2 2 3 3
QUI_CMC_2016_006 0 0 0 0 0 0 0 0 0 0 1 1 4 3 3 3 3 1 2 2 0 0 2 2 0 0 3 3 1 1 2 2 4 4 1 4 1 3 2 2 1 1 4 4 4 4 1 1 4 4 0 0 0 0 2 2 4 2 1 3 2 2 2 2 3 3 2 3 2 2 0 0 0 0 1 1 4 2 0 0 0 0 2 2 4 4 1 3 2 2 2 4 1 2 3 1 3 4 3 4 3 2 2 4 2 2 2 2 1 1 2 4 1 1 2 2 1 1 4 4 2 2 0 0 0 0 2 2 3 3 2 1 0 0 0 0 1 1 3 3 4 1 1 1 2 2 3 3 4 4 0 0 1 1 4 4 2 2 0 0 0 0 1 3 0 0 0 0 0 0 3 3 3 3 4 4 2 2 4 4 4 2 1 1 1 1 1 1 3 3 3 3 2 2 2 2 3 1 1 1 3 3 2 2 1 1 1 1 4 4 0 0 0 0 0 0
QUI_CMC_2016_007 0 0 3 3 2 1 1 1 4 4 0 0 4 4 3 3 3 1 0 0 0 0 2 2 1 1 3 3 1 1 2 2 4 1 1 4 0 0 0 0 0 0 0 0 0 0 1 1 4 4 4 4 2 2 0 0 4 2 1 3 2 2 2 2 3 3 0 0 0 0 0 0 0 0 0 0 4 2 3 3 3 3 0 0 0 0 1 1 0 0 2 4 1 2 3 1 3 4 3 4 3 2 0 0 0 0 2 1 1 4 2 4 1 1 0 0 1 1 4 4 2 2 3 1 0 0 2 2 3 3 2 1 0 0 2 2 1 4 3 3 4 4 1 1 2 2 3 1 0 0 0 0 0 0 0 0 2 2 0 0 0 0 1 3 0 0 0 0 3 1 3 3 0 0 4 4 0 0 1 4 0 0 0 0 1 1 1 1 3 1 3 1 0 0 0 0 3 1 0 0 0 0 0 0 1 1 1 1 4 4 4 3 2 4 3 4
QUI_CMC_2016_008 4 3 0 0 0 0 0 0 0 0 0 0 0 0 0 0 3 1 0 0 0 0 0 0 0 0 3 3 1 1 2 2 4 4 0 0 0 0 0 0 0 0 0 0 0 0 0 0 0 0 0 0 0 0 2 2 0 0 1 3 2 2 2 2 3 3 0 0 0 0 2 2 3 3 0 0 4 4 0 0 1 3 0 0 0 0 1 1 0 0 0 0 0 0 0 0 0 0 0 0 0 0 0 0 2 2 0 0 0 0 0 0 0 0 2 2 0 0 0 0 0 0 3 3 0 0 0 0 0 0 0 0 0 0 2 2 0 0 3 3 4 4 1 1 0 0 0 0 0 0 0 0 0 0 0 0 0 0 0 0 0 0 0 0 0 0 0 0 0 0 0 0 1 3 0 0 0 0 0 0 0 0 0 0 0 0 0 0 0 0 0 0 0 0 0 0 0 0 0 0 0 0 0 0 0 0 0 0 0 0 0 0 0 0 0 0
QUI_CMC_2016_009 4 4 3 3 2 2 1 1 4 4 1 1 4 4 3 3 0 0 2 2 4 4 2 2 1 1 3 3 1 1 2 2 0 0 1 1 0 0 2 2 1 1 2 2 4 4 1 1 4 4 4 4 2 2 2 2 4 2 1 1 2 4 2 1 3 1 2 3 2 2 2 2 3 3 2 2 0 0 3 3 0 0 0 0 4 4 1 3 2 2 2 4 1 2 3 1 3 4 3 3 3 3 4 4 2 2 2 2 1 1 4 4 1 1 2 4 1 1 4 4 2 2 3 3 2 2 2 2 3 3 2 2 1 1 2 2 1 1 3 3 4 4 1 1 2 2 3 3 0 0 0 0 0 0 4 1 2 4 2 2 2 2 1 3 1 1 3 3 0 0 3 3 1 3 4 4 2 2 4 4 4 2 1 1 1 1 1 1 3 3 1 1 2 2 2 4 3 1 1 1 3 3 2 2 1 1 1 1 4 4 4 4 2 4 3 4
QUI_CMC_2016_010 0 0 3 1 0 0 0 0 4 4 1 4 0 0 3 3 3 1 2 2 4 4 2 2 0 0 0 0 0 0 0 0 0 0 0 0 1 1 2 2 1 1 4 2 4 4 0 0 0 0 0 0 0 0 2 2 0 0 0 0 0 0 1 1 1 1 0 0 2 2 0 0 0 0 2 2 0 0 0 0 0 0 0 0 0 0 0 0 0 0 2 4 1 2 3 1 3 4 3 4 3 2 0 0 2 2 2 2 1 1 2 4 0 0 2 4 1 1 4 4 2 2 0 0 0 0 2 2 0 0 0 0 0 0 0 0 0 0 3 3 4 1 1 1 0 0 3 3 0 0 0 0 3 1 4 4 2 2 0 0 0 0 0 0 1 1 3 3 3 3 0 0 3 3 4 4 0 0 1 4 4 2 1 1 0 0 0 0 0 0 1 1 0 0 0 0 0 0 0 0 0 0 0 0 0 0 0 0 0 0 4 4 2 2 0 0
QUI_CMC_2016_011 0 0 0 0 0 0 0 0 0 0 1 1 0 0 3 3 0 0 0 0 0 0 2 2 0 0 3 3 1 1 2 2 0 0 1 4 0 0 2 2 0 0 0 0 0 0 0 0 0 0 4 4 2 2 0 0 0 0 0 0 0 0 0 0 0 0 0 0 0 0 0 0 0 0 0 0 0 0 3 3 0 0 2 3 0 0 0 0 0 0 2 4 1 2 3 1 3 4 3 4 3 2 0 0 2 2 0 0 0 0 0 0 1 1 0 0 0 0 0 0 0 0 0 0 0 0 0 0 0 0 0 0 0 0 0 0 0 0 3 3 4 4 1 1 0 0 0 0 0 0 0 0 0 0 0 0 0 0 2 1 2 1 0 0 0 0 0 0 0 0 0 0 1 3 0 0 0 0 1 4 0 0 1 1 1 4 1 1 0 0 3 3 2 2 0 0 0 0 0 0 0 0 0 0 0 0 0 0 0 0 4 4 2 4 3 4
QUI_CMC_2016_012 0 0 0 0 0 0 0 0 4 2 0 0 0 0 0 0 0 0 0 0 0 0 0 0 0 0 0 0 0 0 0 0 0 0 0 0 0 0 0 0 1 1 2 2 4 3 0 0 0 0 0 0 0 0 0 0 0 0 0 0 0 0 0 0 0 0 0 0 0 0 0 0 0 0 1 2 0 0 0 0 0 0 2 2 0 0 0 0 0 0 0 0 0 0 0 0 0 0 0 0 0 0 0 0 2 2 0 0 0 0 0 0 0 0 2 2 0 0 0 0 0 0 0 0 2 3 0 0 0 0 0 0 0 0 0 0 0 0 0 0 0 0 0 0 0 0 0 0 0 0 0 0 0 0 0 0 0 0 0 0 0 0 0 0 1 1 0 0 0 0 0 0 0 0 0 0 0 0 0 0 0 0 1 1 0 0 0 0 0 0 0 0 0 0 0 0 0 0 0 0 0 0 0 0 0 0 0 0 0 0 0 0 0 0 0 0
QUI_CMC_2016_013 0 0 0 0 0 0 0 0 4 4 1 1 0 0 3 3 3 1 0 0 4 2 2 2 0 0 0 0 0 0 0 0 0 0 1 1 1 1 0 0 1 1 2 2 4 4 0 0 0 0 4 4 2 2 0 0 0 0 1 1 0 0 0 0 0 0 0 0 0 0 0 0 3 3 2 2 0 0 0 0 1 3 0 0 4 4 0 0 2 2 0 0 0 0 0 0 0 0 0 0 0 0 0 0 0 0 0 0 0 0 2 2 1 1 0 0 3 1 2 4 4 2 3 3 0 0 2 1 3 3 2 2 0 0 2 2 0 0 3 3 0 0 0 0 3 2 0 0 0 0 0 0 0 0 0 0 0 0 0 0 0 0 0 0 1 1 0 0 3 3 3 3 1 3 4 4 0 0 1 4 4 2 4 1 0 0 0 0 3 3 3 3 0 0 0 0 0 0 0 0 0 0 0 0 0 0 4 1 2 4 0 0 0 0 0 0
QUI_CMC_2016_014 0 0 3 3 2 2 1 1 4 4 0 0 4 4 3 3 3 1 0 0 0 0 0 0 1 1 3 3 1 1 2 2 0 0 1 1 0 0 2 2 1 1 2 2 4 4 1 1 4 4 4 4 2 2 2 2 0 0 0 0 0 0 0 0 0 0 0 0 2 2 0 0 0 0 2 2 0 0 3 4 0 0 2 3 4 4 0 0 2 2 0 0 1 1 3 3 0 0 0 0 0 0 2 4 2 2 0 0 0 0 0 0 1 1 2 2 0 0 0 0 0 0 0 0 0 0 2 2 0 0 0 0 0 0 2 1 1 1 3 3 4 1 0 0 2 2 3 3 4 4 0 0 0 0 0 0 2 2 2 2 2 2 1 3 1 1 3 3 3 1 3 3 1 3 0 0 2 2 4 4 0 0 1 1 1 1 1 1 0 0 0 0 2 2 0 0 3 1 1 1 3 3 2 2 1 4 0 0 0 0 4 4 2 2 3 3
QUI_CMC_2016_015 4 4 3 1 2 1 1 2 4 4 1 4 4 4 3 3 3 1 0 0 4 4 2 4 1 1 0 0 0 0 0 0 4 4 0 0 1 1 2 2 0 0 2 2 4 4 0 0 0 0 4 4 2 2 2 2 0 0 0 0 0 0 0 0 0 0 0 0 2 2 2 2 3 3 1 2 0 0 3 3 1 1 0 0 0 0 1 1 0 0 2 4 1 2 3 1 3 4 3 4 3 2 0 0 0 0 2 2 1 1 0 0 1 1 2 4 1 1 4 4 2 2 0 0 0 0 2 2 0 0 0 0 2 1 0 0 1 1 3 3 0 0 0 0 2 2 3 3 4 4 2 2 1 1 4 4 2 2 2 2 2 2 1 1 1 1 3 3 3 1 3 4 1 3 4 4 2 2 0 0 4 4 1 1 1 1 1 1 3 3 3 1 2 4 0 0 0 0 1 1 3 3 2 2 0 0 0 0 0 0 4 4 2 2 0 0
QUI_CMC_2016_016 4 4 0 0 0 0 0 0 4 4 1 1 0 0 0 0 0 0 0 0 4 4 2 2 0 0 4 3 4 1 3 2 0 0 0 0 0 0 0 0 1 1 4 2 0 0 0 0 0 0 4 2 2 4 2 2 0 0 0 0 0 0 0 0 0 0 0 0 2 1 4 2 1 3 0 0 0 0 0 0 0 0 0 0 4 4 0 0 0 0 2 4 1 2 3 1 3 4 3 4 3 2 2 4 0 0 0 0 0 0 2 4 1 3 2 4 0 0 0 0 0 0 3 3 2 2 2 2 3 3 2 1 0 0 2 2 1 1 3 3 4 4 1 2 2 2 0 0 0 0 0 0 0 0 0 0 0 0 0 0 0 0 1 1 1 1 3 3 1 1 0 0 3 3 0 0 2 1 0 0 0 0 0 0 0 0 0 0 0 0 1 1 0 0 0 0 0 0 0 0 0 0 0 0 0 0 0 0 0 0 0 0 0 0 0 0
QUI_CMC_2016_017 0 0 0 0 0 0 0 0 0 0 0 0 0 0 3 3 3 1 0 0 0 0 2 2 1 4 3 3 1 1 2 2 0 0 0 0 1 1 0 0 1 1 4 2 4 4 1 4 4 3 0 0 0 0 2 2 4 2 1 3 0 0 0 0 0 0 0 0 2 2 0 0 3 3 2 2 0 0 3 3 1 3 2 2 4 4 1 3 4 2 2 4 1 2 3 1 3 4 3 4 3 2 2 2 0 0 0 0 0 0 2 2 1 1 2 2 0 0 0 0 0 0 3 3 2 2 2 2 3 3 0 0 2 1 0 0 0 0 3 3 4 4 1 1 2 2 0 0 4 4 2 2 3 3 4 4 0 0 2 2 2 2 0 0 1 1 3 3 3 1 0 0 0 0 4 4 0 0 1 4 4 4 1 1 1 1 1 3 3 3 0 0 0 0 0 0 0 0 0 0 0 0 0 0 1 4 4 1 0 0 4 4 2 2 0 0
QUI_CMC_2016_018 0 0 0 0 0 0 0 0 0 0 0 0 0 0 0 0 3 1 2 2 0 0 2 2 0 0 4 3 4 1 3 2 0 0 0 0 0 0 0 0 1 3 0 0 4 4 0 0 0 0 0 0 0 0 2 2 4 2 1 1 0 0 0 0 0 0 0 0 0 0 0 0 0 0 0 0 4 4 4 4 0 0 2 2 0 0 0 0 0 0 2 4 1 2 3 1 3 4 3 4 3 2 0 0 0 0 0 0 0 0 0 0 1 1 0 0 0 0 0 0 0 0 0 0 0 0 0 0 3 3 1 1 0 0 0 0 0 0 3 2 0 0 0 0 2 2 0 0 4 2 2 4 0 0 0 0 0 0 0 0 0 0 0 0 1 2 3 1 3 1 0 0 1 3 4 2 0 0 0 0 0 0 0 0 1 1 1 1 0 0 3 1 0 0 0 0 3 1 1 1 3 3 2 2 0 0 0 0 0 0 4 4 2 2 3 3


0 0
0 0




0 0
0 0
0
0
0
0
0
0
