colony_input
colony_input
19
186
345402
1
2
1
0
0 0
0
1
0
0
1
2
0
10000
0
2
2
MK@
0@
0.01 0.01 0.01 0.01 0.01 0.01 0.01 0.01 0.01 0.01 0.01 0.01 0.01 0.01 0.01 0.01 0.01 0.01 0.01 0.01 0.01 0.01 0.01 0.01 0.01 0.01 0.01 0.01 0.01 0.01 0.01 0.01 0.01 0.01 0.01 0.01 0.01 0.01 0.01 0.01 0.01 0.01 0.01 0.01 0.01 0.01 0.01 0.01 0.01 0.01 0.01 0.01 0.01 0.01 0.01 0.01 0.01 0.01 0.01 0.01 0.01 0.01 0.01 0.01 0.01 0.01 0.01 0.01 0.01 0.01 0.01 0.01 0.01 0.01 0.01 0.01 0.01 0.01 0.01 0.01 0.01 0.01 0.01 0.01 0.01 0.01 0.01 0.01 0.01 0.01 0.01 0.01 0.01 0.01 0.01 0.01 0.01 0.01 0.01 0.01 0.01 0.01 0.01 0.01 0.01 0.01 0.01 0.01 0.01 0.01 0.01 0.01 0.01 0.01 0.01 0.01 0.01 0.01 0.01 0.01 0.01 0.01 0.01 0.01 0.01 0.01 0.01 0.01 0.01 0.01 0.01 0.01 0.01 0.01 0.01 0.01 0.01 0.01 0.01 0.01 0.01 0.01 0.01 0.01 0.01 0.01 0.01 0.01 0.01 0.01 0.01 0.01 0.01 0.01 0.01 0.01 0.01 0.01 0.01 0.01 0.01 0.01 0.01 0.01 0.01 0.01 0.01 0.01 0.01 0.01 0.01 0.01 0.01 0.01 0.01 0.01 0.01 0.01 0.01 0.01 0.01 0.01 0.01 0.01 0.01 0.01
0.01 0.01 0.01 0.01 0.01 0.01 0.01 0.01 0.01 0.01 0.01 0.01 0.01 0.01 0.01 0.01 0.01 0.01 0.01 0.01 0.01 0.01 0.01 0.01 0.01 0.01 0.01 0.01 0.01 0.01 0.01 0.01 0.01 0.01 0.01 0.01 0.01 0.01 0.01 0.01 0.01 0.01 0.01 0.01 0.01 0.01 0.01 0.01 0.01 0.01 0.01 0.01 0.01 0.01 0.01 0.01 0.01 0.01 0.01 0.01 0.01 0.01 0.01 0.01 0.01 0.01 0.01 0.01 0.01 0.01 0.01 0.01 0.01 0.01 0.01 0.01 0.01 0.01 0.01 0.01 0.01 0.01 0.01 0.01 0.01 0.01 0.01 0.01 0.01 0.01 0.01 0.01 0.01 0.01 0.01 0.01 0.01 0.01 0.01 0.01 0.01 0.01 0.01 0.01 0.01 0.01 0.01 0.01 0.01 0.01 0.01 0.01 0.01 0.01 0.01 0.01 0.01 0.01 0.01 0.01 0.01 0.01 0.01 0.01 0.01 0.01 0.01 0.01 0.01 0.01 0.01 0.01 0.01 0.01 0.01 0.01 0.01 0.01 0.01 0.01 0.01 0.01 0.01 0.01 0.01 0.01 0.01 0.01 0.01 0.01 0.01 0.01 0.01 0.01 0.01 0.01 0.01 0.01 0.01 0.01 0.01 0.01 0.01 0.01 0.01 0.01 0.01 0.01 0.01 0.01 0.01 0.01 0.01 0.01 0.01 0.01 0.01 0.01 0.01 0.01 0.01 0.01 0.01 0.01 0.01 0.01
NFH_FOR_2017_014 0 0 0 0 0 0 0 0 3 3 2 1 1 2 0 0 0 0 0 0 0 0 0 0 0 0 0 0 0 0 0 0 0 0 0 0 0 0 0 0 0 0 0 0 0 0 0 0 0 0 0 0 0 0 0 0 0 0 0 0 0 0 0 0 0 0 0 0 0 0 0 0 0 0 0 0 0 0 0 0 2 2 3 3 0 0 1 3 0 0 0 0 0 0 0 0 0 0 0 0 0 0 0 0 0 0 0 0 0 0 0 0 0 0 0 0 0 0 4 4 3 3 0 0 0 0 0 0 0 0 0 0 0 0 0 0 0 0 0 0 0 0 0 0 0 0 0 0 0 0 0 0 3 3 0 0 0 0 4 2 2 4 0 0 0 0 0 0 0 0 0 0 0 0 0 0 0 0 0 0 0 0 0 0 0 0 0 0 0 0 0 0 0 0 0 0 0 0 0 0 0 0 0 0 0 0 0 0 0 0 0 0 0 0 0 0 0 0 0 0 0 0 0 0 0 0 0 0 0 0 4 4 0 0 0 0 0 0 0 0 0 0 0 0 0 0 0 0 0 0 0 0 0 0 0 0 0 0 0 0 0 0 0 0 0 0 3 3 4 2 0 0 0 0 0 0 0 0 0 0 0 0 0 0 0 0 0 0 0 0 0 0 0 0 0 0 0 0 0 0 0 0 0 0 0 0 0 0 0 0 0 0 0 0 0 0 0 0 0 0 0 0 0 0 3 3 0 0 0 0 0 0 0 0 0 0 0 0 0 0 0 0 0 0 0 0 0 0 0 0 4 4 0 0 0 0 0 0 0 0 0 0 0 0 2 4 0 0 3 3 0 0
NFH_FOR_2017_016 0 0 4 2 2 4 4 2 3 3 0 0 0 0 0 0 0 0 4 4 0 0 2 2 0 0 1 4 0 0 3 1 3 1 4 1 3 3 2 2 0 0 1 3 2 4 1 1 0 0 0 0 0 0 0 0 0 0 4 3 4 1 3 2 2 2 1 3 1 1 3 3 0 0 0 0 2 2 2 2 0 0 3 1 0 0 0 0 2 2 2 2 3 3 2 4 3 2 0 0 0 0 0 0 0 0 0 0 0 0 0 0 0 0 0 0 1 1 4 2 3 3 0 0 0 0 0 0 4 4 0 0 0 0 3 3 1 1 4 2 0 0 0 0 0 0 0 0 0 0 0 0 3 4 1 4 4 4 4 4 2 2 4 4 1 3 4 3 4 3 0 0 0 0 0 0 4 3 4 1 1 3 1 2 1 3 1 2 2 3 0 0 0 0 2 2 3 3 0 0 0 0 0 0 2 3 4 3 3 4 1 3 4 3 4 2 0 0 3 3 3 3 0 0 0 0 2 1 0 0 3 4 0 0 0 0 4 3 0 0 3 3 4 4 2 2 0 0 0 0 0 0 0 0 3 3 3 3 1 1 0 0 2 2 0 0 1 1 0 0 0 0 0 0 0 0 0 0 0 0 1 1 2 1 2 4 1 4 3 3 2 2 0 0 0 0 0 0 0 0 0 0 0 0 0 0 0 0 0 0 0 0 0 0 0 0 4 4 0 0 0 0 3 3 0 0 0 0 0 0 3 1 2 2 0 0 0 0 4 4 0 0 2 2 2 4 3 3 3 3 4 4 3 1 1 1 3 3 2 2 0 0 3 3 2 2 4 4 3 1 1 1
NFH_FOR_2017_021 0 0 0 0 0 0 0 0 0 0 0 0 0 0 0 0 0 0 0 0 0 0 0 0 0 0 0 0 0 0 3 1 3 3 4 4 3 1 0 0 0 0 0 0 0 0 0 0 0 0 4 2 0 0 0 0 0 0 0 0 0 0 0 0 0 0 0 0 0 0 0 0 0 0 4 2 2 2 2 4 2 2 3 1 0 0 1 1 2 4 2 1 3 1 0 0 0 0 0 0 0 0 0 0 0 0 0 0 0 0 0 0 0 0 0 0 0 0 4 4 3 3 0 0 0 0 0 0 0 0 0 0 0 0 3 4 0 0 0 0 0 0 0 0 0 0 0 0 0 0 0 0 3 3 1 4 0 0 0 0 0 0 4 2 0 0 0 0 0 0 2 4 0 0 0 0 0 0 0 0 0 0 0 0 0 0 0 0 0 0 0 0 0 0 0 0 0 0 0 0 0 0 0 0 0 0 0 0 0 0 0 0 0 0 0 0 0 0 0 0 0 0 0 0 0 0 0 0 0 0 3 3 0 0 0 0 0 0 0 0 0 0 0 0 0 0 0 0 0 0 0 0 0 0 0 0 0 0 0 0 0 0 0 0 0 0 1 3 0 0 0 0 0 0 0 0 0 0 0 0 0 0 0 0 0 0 0 0 3 3 0 0 0 0 0 0 0 0 0 0 0 0 0 0 0 0 0 0 0 0 0 0 0 0 0 0 0 0 0 0 0 0 0 0 0 0 0 0 0 0 0 0 0 0 0 0 0 0 0 0 0 0 0 0 0 0 0 0 0 0 4 2 0 0 0 0 0 0 0 0 0 0 0 0 0 0 4 2 3 3 0 0
NFH_FOR_2017_025 0 0 0 0 2 2 0 0 3 3 0 0 1 1 0 0 0 0 4 3 0 0 0 0 0 0 0 0 0 0 3 1 3 3 4 4 3 3 0 0 0 0 0 0 0 0 1 1 0 0 0 0 0 0 0 0 0 0 0 0 0 0 0 0 2 2 1 1 0 0 0 0 0 0 0 0 2 2 0 0 2 2 0 0 0 0 1 1 2 4 2 1 3 1 2 2 3 3 0 0 0 0 0 0 0 0 0 0 0 0 0 0 0 0 0 0 0 0 4 4 3 3 3 1 0 0 0 0 0 0 0 0 0 0 0 0 0 0 0 0 0 0 0 0 0 0 0 0 0 0 0 0 3 3 1 4 0 0 0 0 0 0 4 2 1 1 4 4 0 0 0 0 0 0 0 0 0 0 0 0 0 0 0 0 1 1 0 0 0 0 0 0 2 1 2 1 3 4 3 1 0 0 0 0 0 0 4 4 0 0 0 0 0 0 0 0 0 0 3 3 0 0 0 0 0 0 2 1 0 0 3 3 0 0 0 0 0 0 0 0 0 0 0 0 0 0 0 0 0 0 0 0 0 0 0 0 0 0 0 0 0 0 0 0 1 1 0 0 0 0 0 0 0 0 0 0 0 0 0 0 0 0 0 0 0 0 0 0 3 3 2 2 0 0 0 0 0 0 0 0 0 0 0 0 0 0 0 0 0 0 0 0 0 0 0 0 0 0 0 0 0 0 3 2 0 0 0 0 3 4 3 1 0 0 0 0 0 0 0 0 0 0 0 0 0 0 0 0 0 0 4 4 0 0 0 0 0 0 0 0 0 0 0 0 0 0 4 2 3 3 0 0
NFH_FOR_2017_051 0 0 0 0 0 0 0 0 3 3 2 1 1 2 0 0 1 3 4 4 0 0 0 0 0 0 0 0 0 0 3 1 0 0 0 0 0 0 2 4 0 0 0 0 0 0 1 1 0 0 0 0 0 0 0 0 0 0 0 0 0 0 0 0 0 0 0 0 0 0 3 3 0 0 0 0 2 2 0 0 2 2 3 3 0 0 1 1 0 0 0 0 0 0 2 4 3 2 0 0 0 0 0 0 0 0 0 0 1 1 2 2 0 0 0 0 1 1 4 2 0 0 0 0 0 0 0 0 0 0 0 0 0 0 0 0 0 0 0 0 0 0 0 0 0 0 0 0 0 0 0 0 3 4 1 1 4 4 4 4 2 2 0 0 0 0 0 0 0 0 2 2 2 1 1 4 0 0 0 0 1 1 1 1 1 3 0 0 0 0 0 0 0 0 2 2 3 3 3 3 2 4 0 0 0 0 0 0 0 0 0 0 0 0 0 0 0 0 0 0 3 4 0 0 0 0 0 0 1 4 3 3 0 0 0 0 4 3 4 2 3 2 4 2 2 4 0 0 0 0 0 0 0 0 0 0 3 4 1 3 0 0 0 0 1 1 1 1 0 0 0 0 0 0 0 0 0 0 0 0 0 0 0 0 0 0 0 0 3 3 0 0 0 0 0 0 0 0 0 0 2 4 1 3 1 2 2 4 4 3 3 4 3 1 0 0 4 2 4 1 0 0 0 0 0 0 0 0 0 0 0 0 2 4 0 0 0 0 0 0 0 0 0 0 2 4 4 3 4 3 4 4 3 1 0 0 0 0 0 0 0 0 0 0 0 0 4 2 3 3 0 0
NFH_FOR_2017_055 2 2 0 0 0 0 0 0 3 3 0 0 1 1 0 0 1 1 4 4 0 0 0 0 0 0 0 0 0 0 3 1 3 3 4 4 3 3 0 0 0 0 0 0 0 0 1 1 0 0 0 0 0 0 0 0 0 0 0 0 0 0 0 0 0 0 0 0 0 0 0 0 0 0 0 0 0 0 2 4 0 0 0 0 0 0 0 0 2 4 2 1 3 1 0 0 0 0 0 0 0 0 0 0 0 0 0 0 0 0 2 2 4 2 1 3 0 0 0 0 0 0 0 0 0 0 0 0 0 0 0 0 0 0 0 0 0 0 0 0 0 0 0 0 0 0 0 0 0 0 0 0 0 0 0 0 0 0 0 0 0 0 0 0 0 0 0 0 0 0 0 0 0 0 0 0 0 0 0 0 0 0 0 0 0 0 0 0 0 0 0 0 0 0 0 0 0 0 0 0 0 0 0 0 0 0 0 0 0 0 0 0 0 0 0 0 0 0 3 2 0 0 0 0 0 0 2 1 0 0 3 4 0 0 0 0 0 0 0 0 0 0 0 0 0 0 0 0 0 0 0 0 3 3 0 0 0 0 0 0 0 0 0 0 0 0 0 0 0 0 0 0 0 0 0 0 0 0 0 0 0 0 0 0 0 0 0 0 0 0 2 2 0 0 0 0 0 0 0 0 0 0 0 0 0 0 0 0 0 0 0 0 0 0 0 0 4 2 0 0 0 0 0 0 3 3 0 0 0 0 3 1 2 2 4 4 2 2 4 4 2 2 2 2 0 0 0 0 0 0 0 0 0 0 1 1 3 3 2 2 0 0 0 0 0 0 4 4 3 3 0 0
NFH_FOR_2017_059 0 0 0 0 0 0 0 0 0 0 2 1 1 2 1 4 1 1 4 4 0 0 2 2 3 3 1 1 0 0 3 1 3 3 4 4 3 3 2 2 0 0 0 0 0 0 1 3 0 0 0 0 0 0 0 0 0 0 4 4 4 4 0 0 2 4 1 3 1 1 3 4 0 0 4 4 2 2 2 4 2 2 3 1 0 0 1 1 2 4 2 1 3 1 2 4 3 2 0 0 0 0 0 0 0 0 0 0 0 0 0 0 0 0 0 0 1 2 4 2 3 3 3 1 0 0 0 0 0 0 0 0 2 2 0 0 1 1 0 0 2 4 1 2 3 1 3 4 3 4 3 2 0 0 0 0 2 4 4 4 2 2 0 0 0 0 0 0 0 0 0 0 2 1 1 4 4 4 4 4 1 1 1 1 1 1 0 0 2 3 0 0 0 0 2 2 3 3 3 3 2 4 0 0 0 0 4 4 3 3 1 1 4 4 0 0 2 2 3 3 0 0 0 0 0 0 2 1 0 0 3 3 0 0 0 0 4 3 4 4 3 3 4 4 2 2 0 0 0 0 0 0 3 1 3 3 3 3 1 1 0 0 0 0 0 0 1 1 0 0 0 0 0 0 0 0 0 0 0 0 1 2 2 2 2 2 1 1 3 4 2 2 0 0 0 0 4 1 3 4 2 2 1 1 1 1 2 2 4 4 0 0 0 0 0 0 4 2 4 1 0 0 0 0 3 3 0 0 3 4 1 1 0 0 4 3 2 1 4 2 2 4 2 2 0 0 4 3 4 3 4 4 3 3 1 1 3 3 2 2 0 0 3 3 2 2 4 2 3 3 1 1
NFH_FOR_2017_065 2 2 0 0 2 2 4 4 3 3 2 2 1 1 0 0 0 0 4 4 0 0 2 2 3 1 0 0 0 0 3 1 0 0 0 0 0 0 2 2 0 0 0 0 0 0 1 1 0 0 4 4 1 1 1 1 0 0 0 0 0 0 0 0 0 0 0 0 0 0 3 3 0 0 4 4 2 2 4 4 2 4 3 3 1 1 1 1 0 0 0 0 3 3 2 4 3 2 4 2 3 2 3 4 4 1 0 0 0 0 0 0 0 0 0 0 1 1 4 2 3 3 3 1 0 0 0 0 4 1 4 4 2 4 3 4 1 1 0 0 0 0 0 0 0 0 0 0 0 0 0 0 3 4 1 4 2 4 4 4 2 2 4 2 1 1 4 4 4 4 2 2 2 2 1 1 4 4 4 4 1 1 1 1 1 3 1 1 2 2 0 0 2 2 2 2 3 3 3 3 2 2 0 0 0 0 0 0 0 0 0 0 0 0 0 0 0 0 3 3 3 4 0 0 0 0 0 0 0 0 3 3 0 0 2 2 4 4 0 0 3 3 4 4 2 2 0 0 0 0 0 0 0 0 3 3 3 3 1 1 0 0 0 0 1 3 1 3 0 0 0 0 0 0 0 0 0 0 0 0 0 0 0 0 0 0 0 0 3 3 2 2 0 0 0 0 0 0 0 0 2 2 1 1 1 1 2 2 4 4 0 0 0 0 0 0 0 0 4 1 0 0 0 0 3 3 0 0 3 3 0 0 0 0 0 0 0 0 0 0 0 0 2 2 0 0 0 0 0 0 4 4 3 3 1 1 3 3 2 2 1 2 0 0 2 2 4 2 3 3 1 1
NFH_FOR_2017_067 2 2 4 4 2 2 4 4 3 3 2 2 1 1 1 1 1 1 4 4 0 0 2 2 3 3 1 1 4 4 3 1 3 3 4 4 3 3 2 4 2 4 0 0 2 2 1 1 2 2 4 4 1 1 1 1 1 4 4 4 4 4 3 3 2 4 1 3 1 1 3 3 3 3 4 4 2 2 2 2 2 2 3 3 1 1 1 1 2 2 2 2 3 3 2 4 3 2 4 4 3 3 3 3 4 4 4 2 1 4 2 1 2 2 3 3 1 1 4 4 3 3 3 1 3 3 1 3 4 4 4 4 2 2 3 4 1 1 2 2 2 2 1 1 3 3 3 3 3 3 3 3 3 4 1 1 2 4 4 4 2 2 4 4 1 1 4 4 4 4 2 2 2 2 1 1 4 4 4 4 1 1 1 1 1 3 1 1 2 2 3 3 2 2 2 2 3 3 3 3 2 2 2 1 2 2 4 4 3 3 1 1 4 4 4 4 2 2 3 3 3 4 3 3 3 2 2 1 1 1 3 3 1 1 2 2 4 3 4 4 3 3 4 4 2 2 2 1 2 1 0 0 3 3 3 3 3 3 1 1 2 4 2 1 1 1 1 3 0 0 1 2 1 2 1 3 3 4 3 4 1 1 2 2 2 2 1 1 3 3 2 2 2 2 4 4 4 4 3 3 2 2 1 1 1 1 2 2 4 4 3 3 3 3 2 2 4 2 4 4 0 0 2 2 3 3 4 4 3 3 3 1 2 2 4 4 2 2 4 4 2 2 2 2 0 0 4 4 4 4 4 4 3 1 1 1 3 3 2 2 1 2 3 3 2 4 4 2 3 3 1 1
NFH_FOR_2017_078 0 0 4 4 2 2 4 4 3 3 2 1 0 0 1 1 1 1 4 4 3 3 2 2 3 3 1 1 4 3 3 1 3 3 4 4 3 3 2 2 2 4 1 1 2 2 1 1 2 4 2 2 1 2 1 3 1 1 4 3 4 1 3 2 2 4 1 3 1 1 3 3 3 1 4 4 2 2 2 2 2 2 3 3 1 3 1 3 2 4 2 1 3 1 2 2 3 3 0 0 0 0 0 0 0 0 4 4 1 1 2 2 2 2 3 3 1 1 4 4 3 3 3 3 3 3 1 1 4 4 4 4 2 2 3 3 1 1 4 2 2 4 1 2 3 1 3 4 3 4 3 2 3 4 1 4 4 4 4 4 2 2 4 2 1 1 4 4 4 4 2 2 2 2 1 1 4 4 4 4 1 1 1 1 1 1 1 1 2 2 3 2 2 2 2 2 3 3 3 3 2 2 2 1 2 2 4 4 3 3 1 1 4 4 4 4 2 2 3 3 4 4 3 1 0 0 2 2 1 1 3 3 0 0 2 2 4 3 4 4 3 3 4 4 2 2 2 2 2 2 2 2 3 3 3 3 3 3 1 1 2 2 2 2 1 1 1 3 4 4 1 1 1 1 1 1 3 3 0 0 1 2 2 2 2 2 1 1 3 3 2 2 0 0 1 1 4 4 3 3 2 2 1 1 1 1 2 2 4 4 3 3 3 3 2 2 4 4 4 1 1 1 3 2 3 3 2 2 4 4 3 1 2 2 4 4 2 2 4 4 2 2 2 4 2 2 4 4 4 4 4 4 3 1 1 1 3 3 2 2 1 2 3 3 2 2 4 4 3 3 1 1
NFH_FOR_2017_102 0 0 0 0 0 0 0 0 3 1 2 2 1 1 0 0 0 0 4 4 0 0 2 2 3 3 1 1 0 0 3 1 3 3 4 4 3 3 2 2 0 0 0 0 0 0 1 1 0 0 0 0 0 0 0 0 0 0 4 3 4 1 3 2 2 4 1 3 1 1 0 0 0 0 4 4 2 2 2 2 2 4 3 3 1 3 1 1 2 4 2 1 3 1 2 4 3 2 0 0 0 0 0 0 0 0 0 0 0 0 0 0 2 2 3 3 1 1 4 2 3 3 0 0 3 3 1 3 4 4 0 0 0 0 3 3 1 1 4 2 2 4 1 2 3 1 3 4 3 4 3 2 4 4 1 1 2 4 4 4 2 2 4 4 1 1 4 4 4 4 0 0 0 0 0 0 4 4 4 4 1 1 1 1 1 1 1 1 0 0 0 0 0 0 2 2 3 3 3 3 4 4 0 0 2 2 4 4 3 3 1 1 4 4 4 4 2 4 3 3 0 0 0 0 0 0 2 1 0 0 0 0 0 0 2 2 4 3 4 4 3 3 4 4 2 2 2 2 2 2 2 1 0 0 0 0 3 3 1 1 0 0 0 0 1 1 1 3 4 2 0 0 0 0 0 0 0 0 0 0 1 1 2 2 2 2 1 1 3 3 2 2 0 0 1 1 0 0 0 0 0 0 0 0 0 0 0 0 0 0 0 0 0 0 0 0 2 2 0 0 1 3 3 2 3 3 0 0 3 3 1 1 2 2 4 4 2 2 4 4 0 0 2 2 0 0 4 4 4 4 4 4 3 1 1 1 3 3 2 2 0 0 3 3 2 4 4 2 3 3 1 1
NFH_FOR_2017_105 0 0 0 0 0 0 0 0 0 0 2 1 0 0 0 0 0 0 0 0 0 0 0 0 0 0 0 0 0 0 3 1 0 0 0 0 0 0 2 2 0 0 0 0 0 0 0 0 0 0 0 0 0 0 0 0 0 0 0 0 0 0 0 0 0 0 0 0 1 3 0 0 0 0 0 0 2 2 2 4 2 2 0 0 0 0 0 0 0 0 0 0 0 0 0 0 0 0 0 0 0 0 0 0 0 0 0 0 0 0 0 0 0 0 0 0 0 0 4 2 3 3 0 0 0 0 0 0 0 0 0 0 0 0 0 0 0 0 0 0 0 0 0 0 0 0 0 0 0 0 0 0 3 4 1 4 0 0 0 0 0 0 0 0 0 0 0 0 0 0 0 0 0 0 0 0 0 0 0 0 0 0 1 1 1 1 0 0 0 0 0 0 0 0 2 2 3 3 3 3 2 4 0 0 0 0 0 0 0 0 0 0 0 0 0 0 0 0 0 0 0 0 0 0 0 0 2 1 0 0 3 3 0 0 0 0 0 0 0 0 0 0 0 0 0 0 0 0 0 0 0 0 0 0 0 0 0 0 0 0 0 0 0 0 0 0 1 3 0 0 0 0 0 0 0 0 0 0 0 0 0 0 0 0 0 0 0 0 3 3 0 0 2 1 0 0 0 0 0 0 0 0 0 0 0 0 0 0 0 0 0 0 0 0 0 0 0 0 1 1 0 0 0 0 0 0 0 0 0 0 0 0 0 0 0 0 0 0 0 0 0 0 0 0 0 0 0 0 0 0 4 4 0 0 0 0 0 0 0 0 0 0 0 0 2 4 0 0 0 0 0 0
NFH_FOR_2017_107 0 0 0 0 0 0 0 0 3 3 2 2 1 1 0 0 0 0 0 0 4 4 2 2 3 3 1 4 0 0 3 1 3 3 4 4 3 3 2 2 0 0 0 0 0 0 1 1 0 0 0 0 0 0 0 0 0 0 0 0 0 0 0 0 0 0 0 0 0 0 0 0 0 0 0 0 2 2 2 2 2 2 3 1 0 0 1 3 2 4 2 1 3 1 2 4 3 2 0 0 0 0 0 0 0 0 4 4 1 1 2 2 0 0 0 0 1 2 4 4 3 3 0 0 0 0 0 0 0 0 0 0 0 0 0 0 0 0 0 0 0 0 0 0 0 0 0 0 0 0 0 0 3 4 1 4 2 4 4 4 2 2 4 2 0 0 4 4 0 0 2 2 2 2 1 1 0 0 0 0 0 0 0 0 0 0 0 0 2 3 0 0 0 0 0 0 0 0 0 0 0 0 0 0 0 0 0 0 0 0 0 0 0 0 0 0 0 0 0 0 4 4 0 0 0 0 0 0 0 0 3 3 0 0 0 0 0 0 0 0 0 0 0 0 0 0 0 0 0 0 0 0 0 0 0 0 0 0 0 0 0 0 0 0 1 1 1 3 4 4 0 0 0 0 0 0 0 0 0 0 0 0 0 0 0 0 0 0 3 3 2 1 0 0 0 0 0 0 0 0 0 0 0 0 0 0 0 0 0 0 0 0 0 0 0 0 0 0 4 1 0 0 0 0 0 0 0 0 0 0 0 0 0 0 0 0 0 0 4 4 0 0 4 4 0 0 0 0 0 0 4 4 0 0 1 4 3 4 2 4 0 0 3 4 2 4 4 2 3 3 0 0
NFH_FOR_2017_110 0 0 0 0 0 0 0 0 0 0 0 0 1 1 0 0 0 0 4 4 0 0 0 0 0 0 0 0 0 0 0 0 3 3 4 4 3 3 0 0 0 0 0 0 0 0 1 1 0 0 0 0 0 0 0 0 0 0 4 4 4 4 3 3 2 2 1 1 0 0 0 0 0 0 0 0 2 2 2 4 2 2 3 3 0 0 1 1 2 2 2 2 3 3 0 0 0 0 0 0 0 0 0 0 0 0 0 0 0 0 0 0 0 0 0 0 1 2 4 2 3 3 0 0 3 4 1 1 0 0 0 0 0 0 0 0 1 1 0 0 0 0 0 0 0 0 0 0 0 0 0 0 3 4 1 1 2 2 4 4 2 2 4 4 1 1 4 4 0 0 0 0 0 0 0 0 0 0 0 0 0 0 0 0 0 0 0 0 0 0 0 0 0 0 0 0 0 0 0 0 0 0 0 0 0 0 0 0 0 0 0 0 0 0 0 0 4 4 3 3 3 3 0 0 0 0 2 1 0 0 3 4 0 0 0 0 4 3 0 0 0 0 0 0 0 0 0 0 0 0 0 0 0 0 3 1 3 3 1 1 0 0 0 0 0 0 0 0 0 0 0 0 0 0 0 0 0 0 0 0 1 1 0 0 0 0 0 0 0 0 2 2 0 0 0 0 0 0 0 0 0 0 0 0 0 0 0 0 0 0 0 0 0 0 0 0 0 0 1 1 0 0 3 2 0 0 0 0 0 0 0 0 2 4 4 4 2 2 4 4 0 0 0 0 0 0 0 0 0 0 0 0 3 1 0 0 0 0 0 0 0 0 3 4 0 0 4 2 3 3 1 3
NFH_FOR_2017_115 0 0 0 0 0 0 0 0 3 3 2 2 1 1 0 0 0 0 0 0 0 0 2 4 3 3 1 1 0 0 3 1 3 3 4 4 3 3 0 0 0 0 0 0 0 0 1 1 0 0 4 2 1 1 1 1 0 0 0 0 0 0 0 0 0 0 0 0 0 0 0 0 0 0 4 4 2 2 0 0 2 2 3 3 0 0 0 0 0 0 0 0 0 0 2 2 3 3 0 0 0 0 0 0 0 0 0 0 0 0 0 0 0 0 0 0 1 1 4 4 3 3 0 0 0 0 0 0 4 4 0 0 0 0 0 0 1 1 0 0 0 0 0 0 0 0 0 0 0 0 0 0 0 0 0 0 2 4 4 4 0 0 4 2 1 1 4 4 0 0 2 2 2 2 1 1 0 0 0 0 0 0 0 0 0 0 0 0 0 0 0 0 2 2 2 2 3 3 3 3 2 2 2 1 0 0 0 0 0 0 0 0 0 0 0 0 0 0 0 0 4 4 0 0 0 0 2 1 0 0 0 0 0 0 0 0 0 0 0 0 3 3 4 4 2 2 0 0 0 0 0 0 0 0 3 3 0 0 0 0 0 0 0 0 1 1 1 1 0 0 0 0 0 0 0 0 0 0 0 0 0 0 0 0 0 0 0 0 3 3 0 0 2 1 1 4 0 0 0 0 0 0 0 0 0 0 0 0 0 0 0 0 0 0 0 0 0 0 1 1 0 0 0 0 0 0 0 0 0 0 3 1 0 0 0 0 0 0 0 0 0 0 0 0 2 2 0 0 0 0 4 4 3 1 1 1 3 3 2 2 0 0 0 0 2 4 0 0 3 3 0 0
NFH_FOR_2017_118 0 0 0 0 0 0 0 0 3 3 2 2 1 1 0 0 0 0 0 0 0 0 2 2 3 3 0 0 0 0 0 0 3 3 4 4 3 3 0 0 0 0 0 0 0 0 1 1 0 0 0 0 0 0 0 0 0 0 0 0 0 0 0 0 0 0 0 0 0 0 3 3 0 0 4 4 2 2 2 2 2 2 3 1 0 0 1 1 0 0 0 0 0 0 2 2 3 3 0 0 0 0 0 0 0 0 0 0 0 0 0 0 0 0 0 0 1 1 4 2 3 3 3 3 0 0 0 0 0 0 0 0 0 0 3 4 1 1 0 0 0 0 0 0 0 0 0 0 0 0 0 0 3 4 1 1 4 4 4 4 2 2 4 4 1 1 4 4 4 4 2 2 2 2 1 1 0 0 0 0 0 0 0 0 0 0 0 0 0 0 0 0 2 2 2 2 3 3 3 3 2 2 0 0 0 0 0 0 0 0 0 0 0 0 0 0 0 0 0 0 3 4 0 0 0 0 2 1 0 0 3 4 0 0 0 0 4 3 0 0 0 0 0 0 0 0 2 1 2 1 0 0 0 0 0 0 0 0 0 0 0 0 0 0 1 1 3 3 0 0 0 0 0 0 0 0 0 0 0 0 0 0 0 0 0 0 0 0 3 3 2 2 0 0 0 0 0 0 0 0 0 0 0 0 0 0 0 0 0 0 0 0 0 0 0 0 0 0 0 0 0 0 0 0 3 1 0 0 0 0 3 1 0 0 0 0 2 2 4 4 0 0 0 0 2 2 0 0 0 0 4 4 0 0 1 1 3 3 2 2 0 0 0 0 2 4 0 0 0 0 1 1
NFH_FOR_2017_124 0 0 0 0 0 0 0 0 3 3 2 2 1 1 0 0 0 0 0 0 0 0 0 0 0 0 1 4 0 0 3 1 3 3 4 4 3 3 2 2 0 0 0 0 0 0 1 1 0 0 0 0 0 0 0 0 0 0 0 0 0 0 0 0 0 0 0 0 0 0 3 3 0 0 4 4 2 1 2 4 2 2 3 3 0 0 0 0 0 0 0 0 0 0 2 2 3 3 0 0 0 0 0 0 0 0 0 0 0 0 0 0 0 0 0 0 1 2 4 2 3 3 3 1 0 0 0 0 0 0 0 0 0 0 0 0 1 3 0 0 0 0 0 0 0 0 0 0 0 0 0 0 3 3 1 1 2 4 4 4 2 2 4 2 1 1 4 4 4 4 2 2 2 2 1 1 4 4 4 4 1 1 1 1 1 3 0 0 0 0 0 0 2 2 2 2 3 3 3 3 2 4 0 0 0 0 0 0 0 0 0 0 0 0 0 0 0 0 0 0 3 4 0 0 0 0 0 0 0 0 3 3 0 0 0 0 0 0 0 0 3 3 4 4 0 0 0 0 0 0 0 0 0 0 0 0 0 0 0 0 0 0 0 0 0 0 1 3 0 0 0 0 0 0 0 0 0 0 0 0 0 0 0 0 0 0 0 0 0 0 0 0 0 0 0 0 0 0 0 0 0 0 0 0 0 0 0 0 0 0 0 0 0 0 0 0 4 2 0 0 0 0 0 0 0 0 0 0 0 0 0 0 0 0 0 0 0 0 0 0 0 0 0 0 0 0 0 0 0 0 4 4 0 0 1 1 3 3 2 2 0 0 0 0 2 2 4 2 3 3 0 0
NFH_FOR_2017_126 2 1 4 4 2 2 4 4 3 3 0 0 1 1 1 1 1 1 4 4 3 3 2 2 3 3 1 1 0 0 3 1 3 3 4 4 3 3 2 2 0 0 0 0 0 0 1 1 0 0 4 2 0 0 0 0 1 1 4 4 4 4 3 3 2 4 1 3 1 1 3 3 3 1 4 4 2 1 4 4 2 2 3 1 1 1 1 1 2 2 2 2 3 3 2 2 3 3 4 4 3 3 3 3 4 4 4 4 1 1 2 2 2 2 3 3 2 2 4 2 3 3 3 3 3 3 1 1 4 4 0 0 0 0 3 3 1 1 4 2 0 0 0 0 0 0 0 0 0 0 0 0 3 3 1 1 2 4 4 4 2 2 4 4 1 1 4 4 4 4 2 2 2 1 1 4 4 4 4 4 1 1 1 1 1 3 1 1 2 2 3 3 2 2 2 2 3 3 3 3 2 4 0 0 2 2 4 4 3 3 1 1 4 4 4 4 2 2 3 3 3 3 3 1 0 0 2 1 1 1 3 3 1 4 2 2 3 3 4 4 3 3 4 4 2 2 0 0 0 0 0 0 0 0 3 3 3 3 1 1 2 2 2 2 1 1 1 1 4 4 0 0 0 0 0 0 0 0 0 0 1 1 2 2 2 2 1 1 3 3 2 2 2 2 1 4 0 0 0 0 2 2 1 1 1 1 2 2 4 4 3 3 3 3 2 1 4 2 4 1 0 0 3 2 3 3 0 0 3 3 3 1 2 4 4 4 2 2 4 4 2 2 2 2 2 2 4 4 4 4 4 4 3 1 1 1 3 3 2 2 0 0 3 3 2 2 4 4 3 3 1 1
NFH_FOR_2017_129 0 0 0 0 0 0 0 0 0 0 0 0 0 0 0 0 0 0 0 0 0 0 0 0 0 0 1 1 4 3 3 1 0 0 0 0 0 0 0 0 0 0 0 0 0 0 0 0 0 0 0 0 0 0 0 0 0 0 0 0 0 0 0 0 0 0 0 0 0 0 0 0 0 0 4 4 2 2 0 0 2 2 3 3 0 0 0 0 0 0 0 0 0 0 0 0 0 0 0 0 0 0 0 0 0 0 0 0 0 0 0 0 0 0 0 0 0 0 4 2 3 4 0 0 0 0 0 0 0 0 4 3 0 0 0 0 0 0 0 0 0 0 0 0 0 0 0 0 0 0 0 0 0 0 0 0 0 0 0 0 0 0 0 0 0 0 0 0 0 0 2 2 2 2 1 1 0 0 0 0 0 0 0 0 0 0 0 0 0 0 0 0 0 0 2 2 3 3 3 3 2 4 0 0 0 0 0 0 0 0 0 0 0 0 0 0 0 0 3 3 0 0 0 0 0 0 0 0 0 0 0 0 0 0 2 1 0 0 0 0 0 0 0 0 0 0 0 0 0 0 0 0 0 0 0 0 0 0 0 0 0 0 0 0 0 0 1 3 0 0 0 0 0 0 0 0 0 0 0 0 1 1 0 0 0 0 0 0 0 0 0 0 0 0 1 4 0 0 0 0 0 0 0 0 0 0 0 0 0 0 0 0 0 0 0 0 0 0 0 0 0 0 0 0 0 0 0 0 0 0 0 0 0 0 0 0 0 0 0 0 0 0 0 0 0 0 0 0 0 0 0 0 0 0 0 0 0 0 0 0 0 0 0 0 2 2 4 2 3 3 0 0


0 0
0 0




0 0
0 0
0
0
0
0
0
0
