colony_input
colony_input
12
106
431763
1
2
1
0
0 0
0
1
0
0
1
2
0
10000
0
2
2
MK@
0@
0.01 0.01 0.01 0.01 0.01 0.01 0.01 0.01 0.01 0.01 0.01 0.01 0.01 0.01 0.01 0.01 0.01 0.01 0.01 0.01 0.01 0.01 0.01 0.01 0.01 0.01 0.01 0.01 0.01 0.01 0.01 0.01 0.01 0.01 0.01 0.01 0.01 0.01 0.01 0.01 0.01 0.01 0.01 0.01 0.01 0.01 0.01 0.01 0.01 0.01 0.01 0.01 0.01 0.01 0.01 0.01 0.01 0.01 0.01 0.01 0.01 0.01 0.01 0.01 0.01 0.01 0.01 0.01 0.01 0.01 0.01 0.01 0.01 0.01 0.01 0.01 0.01 0.01 0.01 0.01 0.01 0.01 0.01 0.01 0.01 0.01 0.01 0.01 0.01 0.01 0.01 0.01 0.01 0.01 0.01 0.01 0.01 0.01 0.01 0.01 0.01 0.01 0.01 0.01 0.01 0.01
0.01 0.01 0.01 0.01 0.01 0.01 0.01 0.01 0.01 0.01 0.01 0.01 0.01 0.01 0.01 0.01 0.01 0.01 0.01 0.01 0.01 0.01 0.01 0.01 0.01 0.01 0.01 0.01 0.01 0.01 0.01 0.01 0.01 0.01 0.01 0.01 0.01 0.01 0.01 0.01 0.01 0.01 0.01 0.01 0.01 0.01 0.01 0.01 0.01 0.01 0.01 0.01 0.01 0.01 0.01 0.01 0.01 0.01 0.01 0.01 0.01 0.01 0.01 0.01 0.01 0.01 0.01 0.01 0.01 0.01 0.01 0.01 0.01 0.01 0.01 0.01 0.01 0.01 0.01 0.01 0.01 0.01 0.01 0.01 0.01 0.01 0.01 0.01 0.01 0.01 0.01 0.01 0.01 0.01 0.01 0.01 0.01 0.01 0.01 0.01 0.01 0.01 0.01 0.01 0.01 0.01
WAL_MPH_2011_002 0 0 0 0 0 0 0 0 0 0 3 1 0 0 0 0 0 0 0 0 0 0 1 3 4 3 4 1 3 2 0 0 0 0 0 0 0 0 0 0 2 2 0 0 0 0 0 0 2 2 3 3 1 1 0 0 0 0 1 1 0 0 0 0 3 3 0 0 0 0 0 0 2 2 1 1 0 0 0 0 2 2 4 4 1 1 3 3 0 0 0 0 0 0 0 0 4 4 0 0 0 0 0 0 1 1 2 2 4 4 0 0 0 0 1 1 0 0 0 0 1 1 1 1 2 2 0 0 0 0 0 0 3 2 1 1 0 0 0 0 0 0 0 0 0 0 1 1 0 0 3 3 1 1 0 0 1 3 0 0 2 4 1 3 1 2 2 4 0 0 4 3 0 0 0 0 0 0 0 0 3 4 3 1 2 2 4 1 0 0 0 0 0 0 4 4 0 0 3 3 3 1 0 0 0 0 3 3 0 0 0 0
WAL_MPH_2011_003 2 2 0 0 0 0 4 2 0 0 3 1 0 0 0 0 0 0 0 0 0 0 0 0 0 0 0 0 0 0 0 0 0 0 0 0 0 0 0 0 0 0 0 0 2 2 3 3 0 0 0 0 0 0 0 0 0 0 1 3 0 0 0 0 3 4 3 3 0 0 0 0 0 0 0 0 0 0 0 0 2 4 4 4 1 2 3 1 3 4 0 0 0 0 2 4 4 2 4 4 0 0 0 0 1 1 2 2 0 0 0 0 0 0 0 0 0 0 3 1 1 1 1 1 0 0 3 3 0 0 4 4 0 0 1 4 0 0 0 0 2 2 2 1 2 1 0 0 1 3 3 3 1 1 0 0 3 3 0 0 0 0 0 0 0 0 0 0 0 0 0 0 0 0 0 0 0 0 0 0 0 0 0 0 4 4 0 0 0 0 0 0 3 4 4 4 0 0 0 0 3 1 0 0 0 0 0 0 0 0 0 0
WAL_MPH_2011_004 2 2 2 2 1 1 4 2 1 1 3 1 3 3 1 1 2 2 2 2 2 2 1 1 3 3 1 1 2 2 4 4 3 3 3 3 0 0 3 3 2 2 2 2 2 2 3 3 2 2 3 3 1 1 3 3 4 4 1 1 1 1 3 3 3 3 3 3 2 2 3 3 0 0 1 3 2 2 1 1 2 4 4 4 1 2 3 1 3 4 3 4 3 2 4 4 4 4 4 4 2 1 1 4 1 1 2 2 2 4 2 2 3 3 1 1 2 2 1 1 1 1 1 1 2 2 3 3 3 3 4 4 2 2 1 1 1 1 4 4 2 4 2 1 2 1 1 1 1 1 3 3 1 1 0 0 3 3 4 4 2 4 1 3 1 2 2 4 1 4 4 3 3 1 4 3 3 4 2 4 3 4 3 1 4 4 0 0 0 0 4 4 4 4 4 4 2 2 3 3 3 1 1 1 3 3 3 3 2 2 3 3
WAL_MPH_2011_005 2 2 0 0 0 0 2 2 1 4 3 1 3 3 1 1 2 2 2 2 2 2 0 0 3 3 1 1 2 2 4 1 0 0 3 3 0 0 3 1 2 2 2 2 2 2 3 3 2 2 3 3 1 1 3 3 0 0 1 1 0 0 3 3 3 3 3 3 2 2 3 3 2 2 1 1 4 2 1 3 2 4 4 4 1 2 3 1 3 4 3 4 3 2 0 0 4 4 4 4 2 1 1 4 1 1 2 2 0 0 0 0 0 0 1 1 0 0 0 0 0 0 0 0 2 2 3 1 0 0 0 0 3 2 0 0 1 1 4 4 0 0 0 0 0 0 0 0 1 1 0 0 0 0 0 0 0 0 4 4 2 4 1 3 1 2 2 4 1 4 4 3 3 1 4 3 0 0 0 0 3 4 3 1 4 2 4 4 1 4 4 4 3 4 0 0 0 0 3 3 0 0 0 0 0 0 3 3 2 2 0 0
WAL_MPH_2011_006 0 0 0 0 0 0 2 2 1 1 3 1 3 4 1 3 2 4 2 4 2 4 0 0 3 3 1 1 2 2 0 0 1 3 0 0 0 0 3 1 2 4 0 0 2 2 3 3 0 0 0 0 0 0 3 3 4 4 1 1 0 0 3 3 3 4 3 3 0 0 0 0 0 0 0 0 2 2 0 0 2 4 4 4 1 2 3 1 3 4 3 4 3 2 0 0 4 4 0 0 2 2 1 1 0 0 2 1 2 4 0 0 3 2 1 1 2 1 0 0 0 0 0 0 2 2 0 0 0 0 0 0 2 2 0 0 1 1 4 4 0 0 0 0 0 0 3 1 1 1 0 0 0 0 1 3 0 0 0 0 0 0 1 3 1 2 2 4 1 4 0 0 3 1 4 3 0 0 0 0 3 4 3 1 0 0 4 1 4 4 4 4 0 0 2 4 2 2 0 0 0 0 1 1 3 1 3 3 2 2 0 0
WAL_MPH_2011_007 0 0 0 0 0 0 0 0 1 1 3 1 3 3 1 1 2 2 2 2 2 2 0 0 0 0 0 0 0 0 4 4 3 3 3 3 0 0 0 0 2 2 2 2 2 1 3 1 0 0 0 0 0 0 3 3 0 0 1 1 1 2 3 1 3 4 1 3 2 2 4 3 2 4 1 1 4 2 0 0 0 0 4 4 0 0 0 0 0 0 3 3 3 3 2 4 0 0 0 0 2 1 1 4 1 1 0 0 4 4 2 3 0 0 1 1 2 1 0 0 0 0 0 0 2 2 3 3 0 0 0 0 0 0 1 1 1 3 0 0 0 0 0 0 0 0 3 1 1 1 0 0 0 0 0 0 0 0 1 4 0 0 0 0 0 0 0 0 0 0 0 0 0 0 0 0 0 0 0 0 0 0 0 0 0 0 4 1 0 0 4 4 3 3 4 4 0 0 3 3 3 1 1 2 3 3 3 3 2 2 3 3
WAL_MPH_2011_008 0 0 0 0 0 0 0 0 1 1 3 1 3 3 1 1 2 2 2 2 2 2 0 0 3 3 1 1 2 2 4 4 3 3 0 0 0 0 3 1 0 0 0 0 0 0 0 0 0 0 0 0 0 0 0 0 0 0 1 1 0 0 3 3 0 0 1 3 2 2 0 0 0 0 1 3 4 2 1 1 2 4 4 2 1 2 3 1 3 4 3 4 3 2 0 0 0 0 4 1 0 0 0 0 1 3 0 0 0 0 2 3 3 3 1 1 2 1 1 1 0 0 0 0 2 2 3 3 0 0 0 0 3 2 0 0 1 1 4 1 0 0 0 0 0 0 0 0 1 1 0 0 0 0 1 3 0 0 0 0 0 0 0 0 0 0 0 0 0 0 0 0 0 0 0 0 0 0 0 0 0 0 0 0 4 2 4 4 0 0 4 4 3 4 4 4 2 4 0 0 0 0 0 0 0 0 0 0 0 0 0 0
WAL_MPH_2011_009 0 0 2 2 1 1 4 2 0 0 3 1 0 0 0 0 0 0 0 0 0 0 1 1 0 0 0 0 0 0 0 0 0 0 3 3 0 0 0 0 2 2 0 0 2 2 3 3 2 4 3 1 1 2 3 2 4 3 1 1 0 0 3 3 0 0 3 3 2 2 0 0 2 2 3 3 0 0 0 0 2 4 4 4 1 2 3 1 3 4 3 4 3 2 0 0 4 4 4 4 0 0 0 0 0 0 2 2 2 4 0 0 0 0 1 4 0 0 0 0 1 3 1 4 2 1 0 0 3 3 4 1 3 3 1 1 0 0 0 0 2 4 2 2 2 2 0 0 0 0 3 4 1 3 0 0 0 0 4 4 0 0 0 0 0 0 0 0 0 0 0 0 0 0 0 0 0 0 0 0 0 0 0 0 2 2 4 4 0 0 4 1 0 0 2 4 0 0 4 3 3 1 1 1 0 0 3 1 2 2 3 3
WAL_MPH_2011_010 0 0 0 0 0 0 2 2 0 0 0 0 0 0 0 0 0 0 0 0 0 0 0 0 0 0 0 0 0 0 0 0 0 0 0 0 0 0 0 0 0 0 0 0 0 0 0 0 0 0 3 3 1 1 0 0 0 0 0 0 0 0 0 0 0 0 0 0 2 2 0 0 0 0 0 0 0 0 0 0 0 0 0 0 0 0 0 0 0 0 0 0 0 0 0 0 4 4 0 0 0 0 0 0 1 1 2 2 0 0 0 0 0 0 0 0 0 0 0 0 0 0 0 0 0 0 0 0 3 4 0 0 0 0 1 1 0 0 0 0 0 0 0 0 0 0 3 1 0 0 0 0 0 0 0 0 3 3 0 0 4 4 3 3 0 0 2 4 1 4 4 3 0 0 4 3 0 0 0 0 0 0 0 0 0 0 0 0 0 0 0 0 0 0 0 0 0 0 0 0 3 1 0 0 0 0 0 0 2 4 3 4
WAL_MPH_2011_011 2 1 0 0 0 0 4 2 0 0 3 1 0 0 0 0 0 0 0 0 0 0 0 0 0 0 0 0 0 0 0 0 0 0 0 0 2 1 0 0 0 0 0 0 0 0 0 0 2 2 3 3 1 1 3 3 4 4 0 0 0 0 0 0 0 0 0 0 2 2 0 0 0 0 0 0 0 0 0 0 2 4 4 4 1 2 3 1 3 4 3 4 3 2 0 0 0 0 0 0 2 1 1 4 0 0 2 2 0 0 0 0 0 0 0 0 0 0 0 0 0 0 0 0 0 0 0 0 0 0 0 0 0 0 0 0 0 0 0 0 0 0 0 0 2 1 3 1 0 0 0 0 0 0 0 0 0 0 0 0 0 0 0 0 0 0 0 0 0 0 0 0 0 0 0 0 0 0 0 0 0 0 0 0 4 4 0 0 0 0 0 0 0 0 0 0 2 2 0 0 3 1 1 2 0 0 3 3 0 0 0 0
WAL_MPH_2011_016 2 2 2 1 1 2 2 2 1 1 3 1 3 3 1 1 2 2 2 2 2 2 1 1 3 3 1 1 2 2 4 4 3 3 3 3 0 0 3 1 2 2 2 2 2 2 3 3 2 2 3 3 1 1 3 3 4 4 1 1 1 1 3 3 3 4 3 3 2 2 3 3 2 2 1 1 2 2 1 1 2 4 4 4 1 2 3 1 3 4 3 4 3 2 4 4 4 4 4 4 2 1 1 4 1 1 2 2 2 4 2 2 3 3 1 1 2 2 1 1 1 1 1 1 2 2 3 3 0 0 0 0 2 2 1 1 1 1 4 4 2 2 2 2 2 2 1 1 1 1 3 3 1 1 0 0 3 3 4 4 2 4 1 3 1 2 2 4 1 4 4 3 3 1 4 3 3 4 2 4 3 4 3 1 4 2 4 4 4 4 4 4 3 4 4 4 2 2 3 3 3 1 1 1 3 3 3 3 2 2 3 3
WAL_MPH_2011_017 2 2 0 0 0 0 2 2 0 0 3 1 3 3 1 1 2 2 2 2 2 2 1 1 3 3 1 1 2 2 4 4 1 3 4 3 0 0 1 1 2 2 2 1 2 2 3 3 2 2 3 3 1 1 3 3 4 4 1 1 1 1 3 3 3 4 1 3 2 3 3 3 2 2 1 3 2 2 1 3 2 4 4 4 1 2 3 1 3 4 3 4 3 2 4 4 4 4 4 4 2 1 1 4 1 1 0 0 2 2 2 2 3 3 1 1 0 0 1 1 1 1 1 1 2 2 0 0 3 3 4 4 2 2 1 1 1 1 4 4 2 2 0 0 0 0 0 0 1 3 0 0 0 0 1 1 0 0 0 0 4 4 3 3 0 0 2 4 1 4 4 3 0 0 4 3 0 0 0 0 0 0 0 0 4 2 0 0 4 4 0 0 0 0 0 0 2 2 0 0 3 1 1 1 3 3 0 0 2 2 3 3


0 0
0 0




0 0
0 0
0
0
0
0
0
0
