colony_input
colony_input
16
113
74080
1
2
1
0
0 0
0
1
0
0
1
2
0
10000
0
2
2
MK@
0@
0.01 0.01 0.01 0.01 0.01 0.01 0.01 0.01 0.01 0.01 0.01 0.01 0.01 0.01 0.01 0.01 0.01 0.01 0.01 0.01 0.01 0.01 0.01 0.01 0.01 0.01 0.01 0.01 0.01 0.01 0.01 0.01 0.01 0.01 0.01 0.01 0.01 0.01 0.01 0.01 0.01 0.01 0.01 0.01 0.01 0.01 0.01 0.01 0.01 0.01 0.01 0.01 0.01 0.01 0.01 0.01 0.01 0.01 0.01 0.01 0.01 0.01 0.01 0.01 0.01 0.01 0.01 0.01 0.01 0.01 0.01 0.01 0.01 0.01 0.01 0.01 0.01 0.01 0.01 0.01 0.01 0.01 0.01 0.01 0.01 0.01 0.01 0.01 0.01 0.01 0.01 0.01 0.01 0.01 0.01 0.01 0.01 0.01 0.01 0.01 0.01 0.01 0.01 0.01 0.01 0.01 0.01 0.01 0.01 0.01 0.01 0.01 0.01
0.01 0.01 0.01 0.01 0.01 0.01 0.01 0.01 0.01 0.01 0.01 0.01 0.01 0.01 0.01 0.01 0.01 0.01 0.01 0.01 0.01 0.01 0.01 0.01 0.01 0.01 0.01 0.01 0.01 0.01 0.01 0.01 0.01 0.01 0.01 0.01 0.01 0.01 0.01 0.01 0.01 0.01 0.01 0.01 0.01 0.01 0.01 0.01 0.01 0.01 0.01 0.01 0.01 0.01 0.01 0.01 0.01 0.01 0.01 0.01 0.01 0.01 0.01 0.01 0.01 0.01 0.01 0.01 0.01 0.01 0.01 0.01 0.01 0.01 0.01 0.01 0.01 0.01 0.01 0.01 0.01 0.01 0.01 0.01 0.01 0.01 0.01 0.01 0.01 0.01 0.01 0.01 0.01 0.01 0.01 0.01 0.01 0.01 0.01 0.01 0.01 0.01 0.01 0.01 0.01 0.01 0.01 0.01 0.01 0.01 0.01 0.01 0.01
REE_TNY_2001_001 3 1 2 1 0 0 1 1 0 0 0 0 0 0 3 1 0 0 2 4 0 0 0 0 0 0 0 0 0 0 0 0 3 1 4 1 1 3 1 1 3 3 2 4 2 2 0 0 0 0 0 0 0 0 0 0 0 0 0 0 0 0 2 2 3 3 4 4 1 1 0 0 0 0 3 3 4 4 0 0 0 0 0 0 0 0 0 0 0 0 2 4 1 2 3 1 3 4 0 0 0 0 0 0 0 0 2 2 0 0 0 0 3 3 3 1 3 3 0 0 0 0 0 0 0 0 3 3 3 3 2 2 0 0 0 0 0 0 0 0 2 2 0 0 0 0 0 0 4 4 0 0 0 0 2 2 2 2 2 2 0 0 0 0 3 3 0 0 0 0 3 1 1 1 0 0 2 2 0 0 1 3 3 2 2 2 2 2 4 4 0 0 0 0 1 1 3 4 0 0 2 2 3 3 4 4 0 0 2 2 4 3 4 3 0 0 3 1 2 1 3 3 2 2 3 3
REE_TNY_2001_002 0 0 0 0 0 0 1 1 0 0 0 0 0 0 3 1 0 0 2 4 0 0 0 0 0 0 0 0 0 0 0 0 1 1 1 1 0 0 0 0 0 0 0 0 0 0 0 0 0 0 0 0 0 0 0 0 0 0 0 0 0 0 0 0 0 0 0 0 0 0 0 0 0 0 3 3 4 4 0 0 4 4 0 0 0 0 0 0 0 0 2 2 1 1 3 3 0 0 0 0 0 0 0 0 0 0 0 0 0 0 0 0 0 0 0 0 3 3 0 0 0 0 0 0 0 0 0 0 0 0 0 0 0 0 0 0 0 0 3 3 2 2 2 2 0 0 0 0 0 0 0 0 0 0 2 2 2 2 2 2 0 0 0 0 0 0 0 0 0 0 0 0 0 0 2 1 0 0 0 0 1 1 3 3 2 2 2 2 0 0 0 0 1 1 0 0 3 3 0 0 2 2 3 3 4 4 0 0 0 0 0 0 0 0 0 0 0 0 2 2 0 0 2 2 0 0
REE_TNY_2001_003 3 3 2 1 0 0 1 1 0 0 3 3 2 2 3 1 0 0 2 4 0 0 3 3 1 1 2 2 0 0 0 0 3 1 4 1 3 3 0 0 3 4 2 2 2 2 1 1 4 4 2 2 3 3 0 0 0 0 0 0 0 0 0 0 3 2 4 4 1 1 0 0 0 0 3 3 3 4 3 3 4 4 1 1 0 0 0 0 1 1 2 4 1 2 3 1 3 4 3 4 3 2 1 1 4 4 0 0 0 0 0 0 1 1 3 3 3 3 3 3 2 2 4 4 0 0 3 3 3 3 2 2 0 0 0 0 2 2 3 3 2 4 2 2 2 2 1 1 1 4 0 0 0 0 2 2 2 2 2 2 3 3 0 0 0 0 3 1 0 0 3 3 0 0 2 1 0 0 1 1 1 1 3 3 0 0 0 0 4 4 3 3 0 0 1 1 0 0 0 0 2 2 3 4 4 2 2 4 0 0 4 4 4 4 3 3 0 0 1 1 0 0 2 4 3 4
REE_TNY_2001_004 3 3 2 2 1 1 1 1 4 4 3 3 2 4 3 1 2 4 2 2 0 0 3 3 1 1 2 2 1 1 1 1 3 1 4 1 1 3 1 3 3 4 2 2 2 2 1 1 4 4 2 2 0 0 4 4 1 1 1 1 2 2 2 2 3 3 4 4 1 1 2 2 3 3 3 3 4 4 1 1 4 4 1 3 1 3 4 2 1 3 2 4 1 2 3 1 3 4 3 4 3 2 1 1 4 4 0 0 2 2 0 0 3 3 3 3 3 3 3 3 2 2 4 4 2 2 3 3 3 1 2 2 2 2 3 1 2 2 3 3 2 2 2 2 0 0 1 1 4 4 1 1 4 4 2 1 2 1 2 2 1 3 3 1 3 3 3 3 1 1 3 3 1 1 2 1 2 2 0 0 1 1 3 3 2 2 2 2 4 4 3 3 1 1 0 0 3 3 3 3 2 2 0 0 4 4 0 0 0 0 4 4 4 4 3 3 0 0 2 2 3 3 2 4 3 4
REE_TNY_2001_005 0 0 0 0 0 0 0 0 0 0 0 0 0 0 3 1 0 0 0 0 4 2 0 0 0 0 0 0 1 1 4 1 0 0 0 0 0 0 0 0 3 4 2 2 0 0 0 0 0 0 0 0 0 0 0 0 0 0 0 0 0 0 0 0 0 0 0 0 0 0 0 0 0 0 0 0 0 0 1 3 0 0 0 0 0 0 0 0 0 0 0 0 0 0 0 0 0 0 0 0 0 0 0 0 0 0 0 0 2 2 0 0 0 0 0 0 0 0 3 1 2 4 4 2 0 0 0 0 0 0 0 0 2 1 0 0 0 0 3 3 0 0 2 2 0 0 0 0 0 0 0 0 0 0 2 1 2 1 0 0 0 0 0 0 0 0 0 0 0 0 3 3 0 0 0 0 0 0 0 0 0 0 0 0 0 0 0 0 0 0 3 3 1 1 0 0 3 4 0 0 0 0 3 3 4 4 0 0 0 0 0 0 0 0 0 0 0 0 2 1 0 0 0 0 0 0
REE_TNY_2001_006 0 0 0 0 0 0 1 1 0 0 0 0 0 0 3 1 2 2 2 2 0 0 0 0 0 0 0 0 1 3 1 1 0 0 0 0 1 3 1 3 4 4 0 0 0 0 0 0 0 0 0 0 0 0 0 0 0 0 0 0 0 0 0 0 0 0 0 0 1 1 0 0 0 0 3 4 3 4 3 3 0 0 1 1 0 0 0 0 0 0 0 0 0 0 0 0 0 0 0 0 0 0 0 0 1 4 0 0 2 4 0 0 1 3 0 0 0 0 0 0 0 0 0 0 2 2 3 3 3 3 2 2 0 0 0 0 0 0 0 0 0 0 0 0 2 2 0 0 0 0 0 0 0 0 0 0 2 1 2 2 3 3 0 0 0 0 0 0 1 3 0 0 0 0 0 0 0 0 0 0 0 0 0 0 0 0 0 0 4 4 3 3 0 0 0 0 0 0 0 0 2 2 0 0 0 0 0 0 2 4 4 4 4 4 3 3 0 0 2 1 3 3 0 0 0 0
REE_TNY_2001_008 0 0 0 0 0 0 0 0 4 2 0 0 0 0 3 1 0 0 2 4 0 0 0 0 0 0 0 0 0 0 0 0 0 0 0 0 0 0 0 0 3 4 2 2 2 2 1 1 4 4 2 2 3 3 0 0 0 0 0 0 0 0 0 0 0 0 0 0 1 1 0 0 0 0 4 4 3 3 1 1 0 0 1 3 0 0 0 0 0 0 2 4 1 2 3 1 3 4 3 4 3 2 0 0 1 4 0 0 2 2 0 0 0 0 0 0 0 0 3 3 2 2 4 4 0 0 0 0 3 3 2 4 0 0 0 0 2 1 3 3 2 2 3 2 2 1 1 1 0 0 0 0 4 1 2 2 2 2 2 2 0 0 3 3 3 3 0 0 0 0 3 3 0 0 0 0 0 0 0 0 0 0 0 0 2 2 2 2 4 1 0 0 0 0 0 0 3 4 0 0 2 2 0 0 0 0 0 0 0 0 0 0 0 0 3 3 0 0 1 1 0 0 0 0 0 0
REE_TNY_2001_009 0 0 0 0 0 0 0 0 0 0 0 0 0 0 3 1 2 2 2 4 0 0 4 3 4 1 3 2 1 1 1 1 3 3 4 4 0 0 0 0 0 0 2 2 2 2 0 0 0 0 0 0 3 1 4 4 1 1 1 1 0 0 2 4 0 0 0 0 0 0 4 4 0 0 0 0 0 0 0 0 4 4 0 0 3 3 2 2 0 0 2 2 1 1 3 3 0 0 0 0 0 0 0 0 0 0 0 0 0 0 0 0 0 0 0 0 2 2 0 0 0 0 0 0 2 2 0 0 3 3 2 2 0 0 0 0 2 2 3 3 0 0 2 2 0 0 0 0 4 4 0 0 0 0 0 0 0 0 0 0 0 0 0 0 0 0 0 0 0 0 0 0 0 0 0 0 0 0 1 4 0 0 0 0 4 4 2 2 0 0 3 3 0 0 0 0 4 4 0 0 2 2 3 3 4 4 0 0 2 4 4 4 4 4 0 0 0 0 2 2 3 3 4 4 0 0
REE_TNY_2001_010 3 1 2 1 1 1 1 3 4 4 3 3 0 0 3 1 0 0 2 4 0 0 4 3 4 1 3 2 1 1 1 1 1 1 1 1 1 3 0 0 0 0 2 2 2 4 1 1 4 4 0 0 3 3 2 4 2 1 3 1 2 4 0 0 3 3 0 0 0 0 0 0 3 3 3 3 4 4 1 3 0 0 0 0 0 0 0 0 0 0 2 2 1 1 3 3 0 0 0 0 0 0 1 4 1 4 0 0 0 0 0 0 3 3 3 3 3 2 3 1 2 4 4 2 2 4 0 0 3 3 2 2 0 0 0 0 0 0 0 0 2 2 2 2 2 1 1 1 0 0 0 0 0 0 0 0 0 0 0 0 0 0 0 0 3 3 0 0 0 0 3 3 1 3 0 0 0 0 0 0 1 1 3 3 2 2 2 2 4 1 3 3 0 0 1 1 0 0 0 0 2 2 3 3 4 4 2 2 0 0 0 0 0 0 3 3 0 0 0 0 0 0 0 0 0 0
REE_TNY_2001_011 0 0 0 0 0 0 0 0 0 0 0 0 0 0 0 0 0 0 2 2 0 0 0 0 0 0 0 0 0 0 0 0 3 3 4 4 0 0 1 1 0 0 0 0 0 0 0 0 0 0 0 0 0 0 2 4 2 1 3 1 0 0 0 0 0 0 0 0 0 0 0 0 0 0 3 4 3 4 0 0 0 0 1 3 0 0 0 0 0 0 0 0 0 0 0 0 0 0 0 0 0 0 0 0 0 0 2 4 0 0 0 0 1 1 0 0 0 0 0 0 0 0 0 0 0 0 0 0 0 0 0 0 0 0 0 0 0 0 3 3 0 0 0 0 0 0 0 0 0 0 0 0 0 0 0 0 0 0 0 0 0 0 0 0 3 4 0 0 0 0 0 0 1 1 0 0 2 2 0 0 1 1 3 3 0 0 0 0 0 0 0 0 0 0 0 0 0 0 0 0 2 2 0 0 0 0 0 0 0 0 4 4 4 4 0 0 0 0 0 0 0 0 4 4 4 4
REE_TNY_2001_012 3 3 2 1 1 2 0 0 0 0 3 3 0 0 3 1 0 0 0 0 0 0 0 0 0 0 0 0 0 0 0 0 3 1 4 1 0 0 0 0 0 0 0 0 2 2 0 0 0 0 2 4 0 0 0 0 0 0 0 0 0 0 0 0 0 0 0 0 0 0 0 0 0 0 3 4 3 4 0 0 0 0 1 1 1 3 0 0 0 0 0 0 0 0 0 0 0 0 0 0 0 0 0 0 0 0 0 0 0 0 0 0 1 3 0 0 3 2 0 0 0 0 0 0 0 0 3 3 3 3 2 4 0 0 0 0 0 0 3 3 0 0 0 0 0 0 0 0 0 0 0 0 0 0 2 2 2 2 0 0 0 0 0 0 0 0 0 0 0 0 3 3 0 0 0 0 0 0 0 0 0 0 0 0 0 0 0 0 4 4 3 3 0 0 0 0 0 0 0 0 0 0 3 3 4 4 0 0 0 0 0 0 0 0 3 3 0 0 0 0 0 0 0 0 0 0
REE_TNY_2001_013 0 0 0 0 0 0 0 0 0 0 4 3 2 4 3 1 2 2 0 0 0 0 0 0 0 0 0 0 1 1 4 1 3 1 4 1 0 0 0 0 3 3 0 0 0 0 0 0 0 0 0 0 0 0 0 0 0 0 0 0 2 2 0 0 3 3 0 0 1 2 0 0 0 0 3 3 3 4 0 0 0 0 1 3 1 3 4 2 0 0 2 4 1 2 3 1 3 4 3 4 3 2 0 0 0 0 0 0 0 0 1 3 0 0 0 0 3 2 3 3 2 2 4 4 0 0 3 3 3 3 2 2 0 0 0 0 2 2 3 2 0 0 2 2 0 0 1 1 0 0 0 0 0 0 0 0 0 0 0 0 0 0 0 0 0 0 0 0 0 0 3 3 0 0 0 0 0 0 0 0 1 1 3 3 4 2 0 0 4 4 3 3 1 1 0 0 3 4 3 4 2 2 3 3 4 4 2 2 0 0 4 4 4 4 3 1 3 1 0 0 3 3 4 4 0 0
REE_TNY_2001_014 0 0 0 0 0 0 0 0 0 0 0 0 0 0 3 1 2 2 0 0 0 0 4 4 4 4 3 3 0 0 0 0 0 0 0 0 0 0 0 0 0 0 0 0 2 2 0 0 0 0 0 0 0 0 0 0 0 0 0 0 0 0 0 0 3 3 4 3 0 0 0 0 0 0 0 0 0 0 1 3 0 0 0 0 0 0 4 2 0 0 2 2 1 1 3 3 0 0 0 0 0 0 0 0 0 0 0 0 0 0 0 0 0 0 3 3 3 3 0 0 0 0 0 0 0 0 3 4 0 0 0 0 2 1 0 0 0 0 3 3 0 0 0 0 2 2 1 1 0 0 1 3 0 0 2 2 2 2 2 1 0 0 0 0 0 0 3 3 0 0 3 3 1 1 0 0 0 0 0 0 1 1 3 3 0 0 0 0 4 4 3 3 0 0 0 0 0 0 0 0 2 4 0 0 4 4 0 0 0 0 0 0 0 0 0 0 0 0 2 1 3 1 0 0 0 0
REE_TNY_2001_015 3 3 2 2 1 1 1 1 4 4 0 0 2 2 3 1 2 2 2 2 4 4 4 3 4 1 3 2 1 1 4 1 3 1 4 1 1 3 1 1 3 3 2 2 2 2 1 4 4 3 2 2 3 3 2 4 2 1 3 1 2 2 2 2 3 3 4 4 1 1 4 2 3 1 3 4 3 4 3 3 4 3 1 3 1 3 4 2 1 1 2 4 1 2 3 1 3 4 3 4 3 2 0 0 0 0 2 2 2 2 1 1 1 3 3 3 3 2 3 3 2 2 4 4 2 2 3 3 0 0 0 0 1 1 0 0 2 2 3 3 2 2 2 2 2 1 1 1 4 4 1 1 4 4 2 2 2 2 2 2 1 3 3 3 3 3 3 3 0 0 3 3 0 0 2 1 2 1 1 1 1 1 3 3 4 2 2 4 4 4 3 1 1 4 1 1 3 4 0 0 2 4 3 3 4 4 2 2 0 0 4 4 4 4 3 3 3 1 2 1 3 1 2 4 3 4
REE_TNY_2001_016 3 1 2 2 1 1 1 1 4 4 3 3 2 4 3 1 2 2 2 2 4 4 4 4 4 4 3 3 1 1 1 1 1 1 1 1 3 3 1 1 4 4 2 2 2 2 1 1 4 4 2 2 3 3 2 2 2 2 3 3 2 2 2 2 3 3 4 4 1 1 2 2 3 3 3 4 3 4 1 1 0 0 1 3 3 3 4 2 1 1 2 4 1 2 3 1 3 4 3 4 3 2 1 1 4 4 2 2 2 2 1 1 1 1 3 3 3 2 3 3 2 2 4 4 2 2 3 3 3 3 2 2 1 1 3 3 2 2 3 3 2 2 2 2 2 1 1 4 4 4 1 1 4 4 2 2 2 2 2 2 3 3 3 3 3 3 3 3 1 1 3 3 1 1 2 2 2 2 1 1 1 1 3 3 4 2 2 2 4 4 3 3 1 1 1 3 3 4 3 3 2 2 3 3 4 4 2 2 2 4 4 3 4 3 3 3 3 1 2 1 3 3 2 4 3 4
REE_TNY_2001_017 0 0 2 2 1 1 1 1 4 4 4 3 2 2 3 1 2 2 4 4 4 4 3 3 1 1 2 2 1 1 1 1 3 1 4 1 1 1 1 1 3 4 2 2 2 2 1 1 4 4 2 2 3 3 2 2 2 2 3 3 2 2 2 2 3 3 4 4 1 1 4 2 3 3 3 3 4 4 1 1 4 4 3 3 3 3 2 2 1 1 2 4 1 2 3 1 3 4 3 4 3 2 1 1 4 4 2 2 2 2 1 1 3 3 3 3 3 2 3 3 2 2 4 4 2 2 3 3 3 3 2 2 2 2 3 3 2 2 3 3 2 2 2 2 2 2 1 1 4 4 1 1 4 4 2 2 2 2 2 2 3 3 3 3 3 3 3 3 1 1 3 3 1 1 2 1 2 2 1 1 1 1 3 3 2 2 2 2 4 4 3 3 1 1 1 1 3 3 3 3 2 2 3 3 4 4 2 2 2 2 4 4 4 4 3 3 3 1 1 1 3 3 2 2 3 3


0 0
0 0




0 0
0 0
0
0
0
0
0
0
