Creek	Basin	year	Relative.percent.RBT	pred_pi	pi	pred_ho	ho	pred_Het.Hom	Het.Hom	pred_Tajimas.theta.4Nu	Tajimas.theta.4Nu	pred_Wattersons.theta.4Nu	Wattersons.theta.4Nu	pred_ne.rand	ne.rand	pred_theta_diff	theta_diff	pred_LDNe_0.01	LDNe_0.01	pred_LDNe_0.02	LDNe_0.02	LDNe_0.05	n
2nd Boulder	East Fork Humboldt	2016	0	0.0193069415177825	0.0199933566250168	0.0248095864935704	0.0259672422319098	0.0305688901304159	0.0335926275136599	0.000203794576340164	0.000185294	0.000248583346969014	0.000234105	16.000000000023	16	-0.198014838130107	-0.232766410983336	446.992496338053	447	446.998030089655	447	NA	15
4th Boulder	East Fork Humboldt	2016	0.141666666666667	0.0216111371078419	0.0251869456950007	0.0278236118473326	0.0321665461025774	0.0335050739910475	0.0409022166066289	0.000222751998568762	0.000246398	0.000276195433006264	0.000308298	26.1780447208277	26	-0.21422471008137	-0.223185312315214	NA	NA	NA	NA	NA	12
Abel	Little Humboldt	2016	0.173684210526316	0.0161296309093225	0.0192384551910174	0.0175409416349168	0.0207960398839684	0.0183161029407329	0.0227664021623141	0.000185456654636296	0.000153789	0.000289114015599071	0.00033113	36.2182839301795	36	-0.436846891154759	-0.731425248340445	640.960681243251	637.2	640.975984033125	637.2	NA	19
Andorno	Quinn	2016	0	0.0126771792798825	0.0126717801214446	0.0130091813731899	0.0129210610418664	0.0137797530441962	0.0132069317790511	0.000184329989127738	0.000173813	0.00023316534003895	0.000210279	21.0000000000005	21	-0.233944418054623	-0.189881590868854	NA	NA	NA	NA	NA	7
Basin	Marys	2016	0.228571428571429	0.0156871299068415	0.0190802533696927	0.0175938169520479	0.0211336685912957	0.0200124516904318	0.0233612967236461	0.000308087373247277	0.000362243	0.000382794074291337	0.000471299	14.2872654319248	14	-0.216264892653337	-0.26166887811292	NA	NA	NA	NA	NA	7
Beaver	Maggie	2009	0.225	0.0145363463041912	0.0139448755738331	0.0154276076984387	0.0140674767793412	0.0127109050559436	0.0151394823962514	0.000230352705849371	0.000257268	0.000267696344930009	0.000302816	31.6830651388528	33	-0.14995968377894	-0.162647031516701	8.58468464408651	3.7	8.59498709373308	3.7	36.2	12
Beaver	Maggie	2015	0.065	0.0156337529646707	0.0201385788753099	0.0159640493938015	0.0213379437198365	0.0226035352320652	0.020546701971646	0.000220071259655088	0.00023159	0.000281713978521633	0.00026752	26.6814028779009	25	-0.245693632162353	-0.143976277774438	28.0169159236304	26.6	28.015646972117	26.6	12.3	20
Big Alvord	Steens out of basin	2000	0	0.00603077572636611	0.00519197207678883	0.00625403946616557	0.00545375218150087	0.00629150623050989	0.00484841453251279	8.09354822583635e-05	6.81424e-05	9.14879865655883e-05	6.15514e-05	6.0000000000001	6	-0.12240218085392	0.101639399878792	NA	NA	NA	NA	NA	3
By-Day	Walker	2015	0.160344827586207	0.0288232565852486	0.0303941442534872	0.0324605296480957	0.0334984598177232	0.0437604330450771	0.0424355092569947	0.000128770003585751	0.000127714	0.000267509879383107	0.000305524	16.2015191769211	16	-0.700211551280079	-0.820842123728759	9.18622299143989	5.7	14.0897251365728	10.6	176.2	56
Colman	Black Rock	2016	0.0388888888888889	0.0149359999638693	0.0153022339005447	0.0161809668487756	0.0164757956804893	0.0156158708439391	0.0145539538882198	0.000194201583514418	0.000160939	0.00027789848065073	0.000265238	29.0488750214037	29	-0.354572699685267	-0.489463298113225	18.2477163641241	17.4	18.2469586890394	17.4	NA	18
Corral Canyon	Quinn	2017	0.29	0.0113674632208172	0.0158275955538016	0.0116913045769263	0.0161999958610128	0.0150393207489762	0.0231000968337185	0.000176934285550016	0.000195293	0.000242347170164797	0.000288291	18.364468016755	18	-0.312023743111948	-0.384619838538909	NA	NA	NA	NA	NA	10
Cottonwood	Steens out of basin	2000	0.02	0.0053430238146256	0.0046565928957979	0.00554775553315857	0.00490982257997965	0.0061179268744953	0.00497273058853164	8.73957945770914e-05	8.64402e-05	0.00011298178480176	0.000111348	12.0251357252936	12	-0.255377775337761	-0.251863356863554	64.0350189133669	63.6	64.0353305128008	63.6	NA	15
Coyote	Maggie	2009	0.192857142857143	0.0167780669414307	0.0184464476180579	0.0178209612484794	0.0202358412267148	0.0210716675543376	0.0341218411103069	0.000242269951089337	0.000268997	0.000275434168707165	0.000301354	31.17438732893	13	-0.12812035427056	-0.113463463726723	18.7902104940304	14.6	18.7965953787251	14.6	11.8	14
Coyote	Maggie	2015	0.0833333333333333	0.0178754736019102	0.0204609244093234	0.0183574029438421	0.020327986046216	0.0309642977304592	0.0225576343249917	0.000231988504895055	0.000261004	0.000289451802298789	0.000292795	26.1727250679781	44	-0.220402207543088	-0.114810608180946	NA	NA	NA	NA	NA	18
Crane Canyon	Reese	2009	0	0.00543155072212669	0.00425664294111097	0.00558416312651475	0.00436397882228407	0.00730357886666404	0.00444937644283899	0.000109608983281378	5.85416e-05	0.00014052256670914	8.2981e-05	4.00000000000008	4	-0.24717860205107	-0.345378052692644	6.20357090553746	6.2	6.20093639271425	6.2	NA	21
Dixie	South Fork Humboldt	2011	0	0.0235028784287359	0.0199787030295505	0.0280721641023348	0.0267709691438505	0.0248470567804293	0.0271802885598358	0.000197169451487813	0.000209255	0.000208835785724409	0.000224727	NA	NA	-0.0574688854592201	-0.0713024964169022	NA	NA	NA	NA	NA	6
Dixie	South Fork Humboldt	2014	0	0.0240579901253174	0.0293135435992579	0.0283403849500162	0.0321583178726036	0.0259771244062147	0.0264128228272203	0.000201949070269657	0.000195566	0.000205849487904843	0.00016517	NA	NA	-0.0191291389192082	0.168522132529052	NA	NA	NA	NA	NA	3
East Fork Carson	Carson	2017	0.05	0.017184393872787	0.0176968190330651	0.0216312599727052	0.0222685463627112	0.0221864165404534	0.0229784374896672	0.00023371760193657	0.000246583	0.000237882318641483	0.000230544	17.062839313233	17	-0.0176620755143839	0.0672315756601491	146.277382164815	145.2	146.285663538566	145.2	130.9	20
Falls Canyon	Quinn	2017	2.56363636363636	0.0295351175280363	0.0756221640853001	0.0302270619087305	0.0782821200033242	0.0235944649833271	0.0808899635394636	0.000242473589281512	0.000565845	0.000322801045715812	0.00066848	58.2219429694283	55	-0.284206831373852	-0.166301419804347	NA	NA	NA	NA	NA	11
Foreman	North Fork Humboldt	1997	0.25	0.0325744582171588	0.0332387372152692	0.0337127140073189	0.0353852362326939	0.0783663822376541	0.106256028897228	0.000240665727878014	0.000281456	0.000337015069313432	0.000377137	81.6254953423548	112	-0.333572941679372	-0.290561849275653	NA	NA	NA	NA	NA	7
Foreman	North Fork Humboldt	2017	0.210526315789474	0.032265449912469	0.0417536791263925	0.0355008529918615	0.0444192214519227	0.0623533142111669	0.05811046211838	0.000243225951629703	0.000242998	0.000326262508207969	0.000365161	64.9532878058488	34	-0.29161804824609	-0.401746911580689	NA	NA	NA	NA	NA	19
Frazier	Rock	1997	0.05	0.0176786637715166	0.0214444868856634	0.0197957800890811	0.0232397504456328	0.0389499600072246	0.0402464466116498	0.000214580769144768	0.000195015	0.000229321892191754	0.000184542	37.4119593267382	15	-0.0664160156310055	0.0551853871750488	NA	NA	NA	NA	NA	6
Frazier	Rock	2000	0	0.0175951515957897	0.0170514354066986	0.0200640009367625	0.0197587719298246	0.0242028205249897	0.024472139138187	0.000175532010072927	0.000202896	0.000163772816699118	0.000235789	34.9111281962622	60	0.0693134458809744	-0.149961817705187	NA	NA	NA	NA	NA	6
Frazier	Rock	2017	0	0.0173696554668267	0.0153156628939635	0.0215839190736237	0.0201439623299045	0.0229368919807373	0.0252744104450728	0.000217140992896457	0.000193675	0.000218569331086292	0.000175182	20.7397517902322	18	-0.00655636605889296	0.100271921096794	NA	NA	NA	NA	NA	20
Gance	North Fork Humboldt	2000	0.0166666666666667	0.0209086521259078	0.0254616977225673	0.0207886317084084	0.0253623188405797	0.0284630656139922	0.0291690559855498	0.000219343521799327	0.000216677	0.000270005773713715	0.000243027	29.1457714060189	15	-0.207059670378286	-0.114638985086055	NA	NA	NA	NA	NA	6
Gance	North Fork Humboldt	2017	0.0789473684210526	0.0206831559969448	0.0174155088364406	0.0223085498452696	0.0187427675451963	0.0271971370697398	0.0238808534101249	0.000260952504622857	0.000299174	0.000324802288100889	0.000396836	14.9743949999889	29	-0.218008573796322	-0.280633898938234	26.917766967923	25.2	26.9185566082322	25.2	NA	19
Golden Canyon	Carson	2017	0.0666666666666667	0.0178325075218783	0.0187799675098648	0.0226155333668313	0.0237874178552145	0.022901544747543	0.0244089467460043	0.000245761864532742	0.000278855	0.00026726602698436	0.000297679	9.0837857509777	9	-0.0838323327335174	-0.0653005720391166	13.0547523180833	11.6	13.0523182603006	11.6	8.7	12
Hanks	Marys	2012	0.0772727272727273	0.021587847607654	0.0240321982266564	0.0254641922590989	0.0285082709942241	0.0264518261923681	0.031234496875403	0.00025819488232174	0.00024137	0.000342331115083034	0.000399195	19.09711530227	19	-0.280208460998847	-0.49276810315893	NA	NA	NA	NA	NA	22
Independence Lake	Truckee	2016	0.18	0.0149238253616946	0.0172837063733201	0.0155618525392771	0.0178628339645289	0.0176314873060055	0.0184742149497308	0.000274753146468729	0.000298805	0.000313916379983267	0.000329689	90.2262215276406	90	-0.133056772109749	-0.0982793789598626	NA	NA	NA	NA	NA	10
Jackson	Quinn	2017	5.59333333333333	-0.00769197056750141	0.0783670991776079	-0.0118166535350508	0.0773210827857425	-0.0046426283772623	0.0967241380453584	0.000128627230199368	0.000545428	0.000114244793894532	0.000469433	22.029624507057	15	0.11843633583154	0.149764351965442	141.402959865402	19.9	141.605382163862	19.9	22.7	15
Lee	South Fork Humboldt	2016	0.608333333333333	0.0216780951980839	0.0328329688249209	0.0218423845570403	0.0330562443045754	0.0216096020058981	0.0350912981094445	0.000195361508979478	0.000222788	0.000276574346388121	0.000352552	20.7645449776743	20	-0.344168964849618	-0.451086314179442	NA	NA	NA	NA	NA	12
Line Canyon	Quinn	2000	0.0888888888888889	0.0141518261955981	0.0118053936502437	0.0175495982915039	0.0130735084124915	0.0145474263701499	0.0136100854835619	0.000152977096953588	0.000126252	0.000189897047845443	0.000136176	25.6915817634277	24	-0.215355700929241	-0.0756321733961315	NA	NA	NA	NA	NA	9
Line Canyon	Quinn	2017	2.46666666666667	0.0139263300666351	0.0582908365630879	0.0190695164283651	0.068630017452007	0.0132814978258975	0.0657526238090353	0.000194586079777119	0.000469454	0.000244693562232617	0.000546936	11.5202053573976	10	-0.228134780962091	-0.1524650970592	NA	NA	NA	NA	NA	6
Little Alvord	Steens out of basin	2000	0	0.00697663905593156	0.0063764291996482	0.00734061721660838	0.00681618293755497	0.00709667957986667	0.00609105510493024	7.57133163983522e-05	5.47952e-05	8.88088828481343e-05	5.55642e-05	6.00000000000033	6	-0.159195130016009	-0.013936284539423	NA	NA	NA	NA	NA	3
Little Jack	Maggie	2009	0.169230769230769	0.0236234190540754	0.0313995706058604	0.0250820108215505	0.033062197110437	0.0333744728795212	0.0387248655307679	0.000202099192912308	0.000246397	0.000295059349687344	0.000338154	34.2446355813384	52	-0.373965843124994	-0.313940101034811	NA	NA	NA	NA	NA	13
Little Jack	Maggie	2015	0.21875	0.0247208257145549	0.0247466320065727	0.0256184525169133	0.0257768341319255	0.0432671030556428	0.0514368210453077	0.000191817746718026	0.000150745	0.000309076983278968	0.000329331	29.2429733203866	11	-0.468199122644577	-0.743990534831985	NA	NA	NA	NA	NA	13
Long Canyon	Little Humboldt	2011	0.207142857142857	0.0113584831167076	0.0173043983712366	0.0107114345458188	0.0177635778678803	0.0125171727341785	0.0211265977691329	0.000199126738636895	0.000210137	0.000221209878673021	0.000218207	36.2603342976815	36	-0.105073596383078	-0.0376799955176213	NA	NA	NA	NA	NA	14
Long Canyon	Little Humboldt	2016	1.03333333333333	0.0114683621006831	0.0248366013071895	0.0111584692919544	0.0239651416122004	0.0115192650918527	0.0245873159819458	0.000218272782712986	0.00032192	0.000250764241107231	0.000342454	NA	NA	-0.138545388718394	-0.0618145803417954	NA	NA	NA	NA	NA	3
Long Canyon	South Fork Humboldt	2012	0	0.0124112869566902	0.0113449638873368	0.0122904400143358	0.0107779226423294	0.0143661410282697	0.0128849419304298	0.000213710793992623	0.000235518	0.000228949539949032	0.000224161	NA	NA	-0.0688507407958462	0.0494127423702191	NA	NA	NA	NA	NA	5
Lower Wolf	Walker	2015	0.64	0.0631808740829887	0.0812334356819651	0.0718654376544609	0.0911011904761905	0.0759067212735611	0.101453685595854	0.000155822787594856	0.000239692	0.000309866860161926	0.000442458	23.804343209389	23	-0.661573961581915	-0.594490947738767	NA	NA	NA	NA	NA	10
Macklin	Yuba out of basin	2016	0	0.0180439061610441	0.0182462596556391	0.0219239900842735	0.022348471586234	0.0204020596046	0.0199871343534252	0.000244622589290597	0.00025872	0.00027691059037789	0.000280786	25	25	-0.123819547235009	-0.0818007584716389	NA	NA	NA	NA	NA	20
Mahogany	Black Rock	2013	0.626666666666667	0.0157386601545439	0.0258546148550534	0.0166040988069471	0.0271154783214757	0.0212022411050269	0.0336482407573917	0.000240839649564321	0.000334986	0.000321794473419402	0.000422848	32.7875860591934	32	-0.287770757400091	-0.231876637891675	NA	NA	NA	NA	NA	15
Mainstem	Marys	2017	0.0434782608695652	0.0147839375168664	0.01500449292043	0.0158411918672936	0.0157514458148158	0.0159149253033616	0.0156700611081241	0.000271812739915184	0.000267485	0.000297917088837295	0.000297237	30.0546428810727	30	-0.0916376415792404	-0.105368659269517	266.134539809575	265.2	266.143448753065	265.2	4920.2	23
Marys River Basin	Marys	2016	0.08	0.0155291683879418	0.0164617868007699	0.016540665603482	0.0172750977835724	0.0199349191123009	0.0203281189025232	0.000312273738423124	0.000359675	0.000344761517021848	0.00037321	NA	NA	-0.098892040661417	-0.0369362178240788	NA	NA	NA	NA	NA	5
Marysville	Reese	2016	0.06	0.0070597922227604	0.00727944372012169	0.00773849482422977	0.00793133420252064	0.00800316913658113	0.00720024003229791	0.000160608586711364	0.000177768	0.00019407310136688	0.000184132	NA	NA	-0.188701676913938	-0.0351699364465322	NA	NA	NA	NA	NA	5
Meiss Meadows	Truckee	2017	0.055	0.0177883398016219	0.018905147797551	0.0178672649313201	0.0185954500932139	0.0199797610112964	0.0219093560135983	0.000271623538017704	0.000294128	0.000298185231075424	0.000315449	58.0691232445566	58	-0.0932302010725253	-0.0699534267204963	NA	NA	NA	NA	NA	20
Mill	Walker	2015	0	0.0207813635065438	0.0238844534238391	0.0271950740074434	0.0315561407317665	0.0428706907052422	0.0439016136145388	0.000117226079312817	0.000115716	0.00018005220671779	0.000153508	11.3440835956975	17	-0.422675522278173	-0.280747630226131	NA	NA	NA	NA	NA	27
Mill	Walker	2017	0.0166666666666667	0.0193777994884216	0.0134760978998588	0.0273738879058977	0.0202595325016523	0.0279040049382425	0.0222471808618877	0.000128790162193579	9.84525e-05	0.000159456842630286	0.000103361	9.67686284204697	4	-0.212780566135951	-0.0486439212441189	NA	NA	NA	NA	NA	18
Mohawk	Reese	2000	0.019047619047619	0.005226279057615	0.00458559574575446	0.00470218063075726	0.0050095417268695	0.00599647383133141	0.00722710363623288	8.20277798629176e-05	9.46797e-05	9.28554238111139e-05	0.000118345	21.1808524075992	9	-0.123827145440202	-0.222183624715819	17.9126393800467	17.5	17.9141659979112	17.5	NA	21
Mohawk	Reese	2016	0	0.00528211642781005	0.00502679994205418	0.00613269181839131	0.00491090830073881	0.00889435069479867	0.00654190333933608	0.000132946459201801	9.0758e-05	0.000173513116835052	0.000109086	7.84308637839453	20	-0.264743938876773	-0.183423069994596	NA	NA	NA	NA	NA	5
Mosquito	Steens out of basin	2000	0	0.00788692924759612	0.00751633986928105	0.00789901252620579	0.00751633986928105	0.00796370747510082	0.00742915706880716	8.21680545663227e-05	7.12927e-05	9.68564858540342e-05	7.35488e-05	12.0000000000003	12	-0.164094053845606	-0.0311526737847923	NA	NA	NA	NA	NA	4
Murphy	Walker	2011	0	0.023185090775608	0.0210320697214537	0.0301749917273379	0.0279842990852165	0.0316082057791369	0.0258635710821686	0.000132257404434795	0.00011962	0.000190519403953941	0.000149326	16.0000000000001	16	-0.36100486779074	-0.220906799134399	NA	NA	NA	NA	NA	12
Murray Canyon	Carson	2017	0.015	0.0191608597770551	0.0196015965090942	0.0251694092304975	0.026107030405017	0.0252847211261983	0.0270737564876514	0.000216251013177232	0.000198815	0.00022052032450468	0.000188659	21.0188517939697	21	-0.0195494115987859	0.0524215818351682	NA	NA	NA	NA	635.4	20
North Fork Battle	Quinn	2016	0	0.00915931407260894	0.00826653427696452	0.00961400074631133	0.00866393493512138	0.0110840108578498	0.00904653747860954	0.000181199162346705	0.000165811	0.000225695691729981	0.000193586	42.0000000000008	42	-0.218712667105347	-0.154564451010999	NA	NA	NA	NA	NA	7
North Fork Cold	East Fork Humboldt	2012	0	0.00835365783243997	0.00630497684770239	0.00942652009010284	0.00676961916320763	0.0125498935543216	0.00668572373298299	0.000207510206412634	0.000214948	0.000217214769972856	0.00019566	11.9999999999993	12	-0.0456981063030963	0.0939484861473716	NA	NA	NA	NA	NA	18
North Fork Green	South Fork Humboldt	2009	0	0.00940158504002295	0.00754193655106302	0.0104115265786542	0.00849009747314832	0.0123755944526606	0.0084161490416346	0.000179523658671293	0.000144463	0.000194762695828862	0.000139915	18.9999999999999	19	-0.0814298302588181	0.031985596635464	NA	NA	NA	NA	NA	8
Pearl	South Fork Humboldt	2018	0.0894736842105263	0.0165914723830444	0.0179797803231463	0.0183836611864994	0.0198103444285445	0.018888660514399	0.0199688193241405	0.000230124445759042	0.000270334	0.00028604358214146	0.000336798	31.1124492973651	31	-0.216670283162897	-0.218944150530692	40.7461702123669	38.8	40.7475309665036	38.8	47.6	19
Pike	Steens out of basin	2000	0	0.00729214061187354	0.00677151594582787	0.00765341199895627	0.0072083879423329	0.00669979540839314	0.00547853560907599	8.49004658373429e-05	7.82764e-05	9.7210212385409e-05	7.43393e-05	NA	NA	-0.135189728226801	0.0515949538612344	NA	NA	NA	NA	NA	2
Poison Flat	Carson	2017	0.11	0.0227068229397616	0.0255898534263329	0.0253880465728862	0.0280040632693706	0.0248157744022579	0.0282129934252482	0.000227550961059078	0.00023618	0.000266416595796348	0.0002996	25.1382464891134	25	-0.157361082515975	-0.236738960020904	31.6939303903023	29.3	31.6946482049033	29.3	NA	20
Pole	Truckee	2016	0.225	0.0193086722335238	0.0235078102546766	0.021721379625806	0.0263548371637566	0.0266777003315669	0.0333178818126052	0.000277855169160438	0.000310752	0.000356241768507417	0.000428243	38.2827769095507	38	-0.247238536225321	-0.317975087788145	78.6891011398079	73.8	78.6961645405193	73.8	NA	19
Rock	Rock	2009	0	0.0170437481440373	0.0176370957811875	0.017062084450979	0.0177982491215868	0.0198700109529109	0.0163793219085386	0.000234416657817205	0.000258105	0.000259112022858018	0.000300371	40.3501513356095	46	-0.100076716947941	-0.151361920655498	NA	NA	NA	NA	NA	14
Rock	Rock	2017	0.025	0.0167375907863945	0.0167455968629372	0.017777340044796	0.017346495312597	0.0147959553620329	0.0172765741642352	0.000235699294503685	0.000222985	0.000252534292362138	0.00023486	33.681268321007	28	-0.0689628829778941	-0.0518734506219354	NA	NA	NA	NA	NA	8
Secret	Little Humboldt	2010	0.0333333333333333	0.0145155327953509	0.0149025174448903	0.0142488800153598	0.0144067796610169	0.014682718437347	0.0139756895957946	0.000231900043667005	0.00026002	0.000249644550275471	0.000259842	NA	NA	-0.0736982901757425	0.000684797119235635	NA	NA	NA	NA	NA	6
SFLH Tributary	Little Humboldt	2010	0.0818181818181818	0.015129135434641	0.0164608599441752	0.0161871436691866	0.0176653854619956	0.0160195846187972	0.0169897017726476	0.000241338760292946	0.000288474	0.000282654403754532	0.000337885	28.1028279671091	28	-0.157695352902896	-0.157772140258223	NA	NA	NA	NA	NA	11
Sheep	Little Humboldt	2010	0.0666666666666667	0.0189180024784752	0.020958605664488	0.0208965475025526	0.0233115468409586	0.0203359384508341	0.0233540945924279	0.000208884923896164	0.000204173	0.000224612115681413	0.000206838	NA	NA	-0.0725596271687309	-0.0129680227536488	NA	NA	NA	NA	NA	3
Silver	Walker	2015	0	0.0311255638475967	0.0306647258612324	0.0355195111992388	0.0345948568655992	0.0542458292329121	0.0554734373291624	0.000121049522225712	9.36622e-05	0.000187370967559712	0.000112299	16.9999999999999	17	-0.43007159076974	-0.180973892169982	NA	NA	NA	NA	NA	7
Slinkard	Walker	2015	0.0785714285714286	0.0274566929199925	0.0273505394986683	0.0344798355129532	0.0346334746669726	0.0441041986807326	0.0413624544894433	0.000137207265598749	0.000141976	0.000241090377599357	0.000239275	20.0987474922241	20	-0.549213635709628	-0.510419644800932	NA	NA	NA	NA	NA	26
Snowstorm	Little Humboldt	2010	0	0.0112451548036006	0.0102640907686298	0.0122103822029846	0.0112813269592931	0.0148796441360522	0.0136259346685302	0.000208664064282693	0.000197655	0.000208703966332845	0.000165411	29.9999999999998	30	-0.000191207985399711	0.177620597907818	NA	NA	NA	NA	NA	10
T	Marys	2002	0.1	0.0155221611703976	0.0166456799499978	0.0157710533446077	0.0184614349868587	0.0221207920223081	0.0233049311351521	0.00025292558719658	0.000246419	0.000288503662813391	0.000318183	39.8533189419551	36	-0.131422805901809	-0.254210930885827	NA	NA	NA	NA	NA	9
T	Marys	2017	0.0611111111111111	0.0151497547299333	0.0162556488167096	0.0171121575830147	0.0166642214335672	0.0166491187675108	0.0179258253505008	0.000260593286592965	0.000255821	0.000276471317216282	0.000229999	27.3491632895756	31	-0.0591289409530918	0.106302745872957	250.419382494392	249.1	250.427594429066	249.1	40.2	18
Tierney	Reese	2001	0	0.010671342999688	0.0126182315449095	0.0105728960009367	0.0131948704634493	0.0154073362129899	0.0169686199413731	0.000166522185190297	0.000199311	0.000216427168857049	0.00027384	33.9999999999999	34	-0.260634901922734	-0.315032621721184	NA	NA	NA	NA	NA	16
Tierney	Reese	2012	0	0.0103190263367679	0.00846422338568936	0.0115563724424351	0.00916230366492147	0.0108575923228268	0.00976981616156999	0.000156636426754661	0.000149626	0.000193506734549457	0.000151822	NA	NA	-0.210601330367105	-0.0145696770255566	NA	NA	NA	NA	NA	3
Toe Jam	Rock	2017	0.015	0.0144691640759558	0.0143353787163041	0.0156770243982774	0.0152782999565022	0.0159540063038862	0.0153770266095011	0.000237020049706386	0.000249156	0.000224610434159372	0.000212834	35.0188517939699	35	0.0537642810894718	0.157241498733739	NA	NA	NA	NA	NA	20
Unnamed	Marys	2016	0.3	0.0244416908418669	0.0312069286645558	0.0268874736380387	0.0340069534984789	0.0288143255812977	0.0383461404002365	0.000341291758757318	0.000453488	0.000383143759205696	0.000478376	12.3770358794012	12	-0.115543756236742	-0.0534155198612673	NA	NA	NA	NA	NA	4
Upper Wolf	Walker	2015	0.738461538461539	0.0618682158291107	0.0811938836167911	0.0720201324261585	0.092977181082908	0.0818976420328454	0.112630450311555	0.000154191300085417	0.000244315	0.000314798381273191	0.000462157	31.9280883185258	31	-0.684906673095723	-0.61670384672004	NA	NA	NA	NA	NA	11
Washburn	Quinn	1997	0.272222222222222	0.0114671345613892	0.0148230856123763	0.0117702692742484	0.0161923546538931	0.0194716376468652	0.0163161732708104	0.000169057744796255	0.000201208	0.00023659657880456	0.000308345	35.5903611547545	31	-0.332987127605555	-0.420513665899327	NA	NA	NA	NA	NA	18
Washburn	Quinn	2016	0	0.0114394597558574	0.0122011843002717	0.0134690013095639	0.0137259162682891	0.00762237502809757	0.0121979291244441	0.000180927665063297	0.000157277	0.000251705196335862	0.000203956	19.7517639950739	24	-0.327194430139526	-0.258442611832252	NA	NA	NA	NA	NA	9
West Marys	Marys	2000	0	0.0138708510076704	0.0150130548302872	0.0138180424047684	0.0150130548302872	0.01528100187528	0.0151795050540258	0.000212646096511995	0.000141075	0.000198862445493895	0.000144184	NA	NA	0.0669908379102526	-0.0217977346902289	NA	NA	NA	NA	NA	2
West Marys	Marys	2016	0.04	0.0139266883778655	0.0126611618137042	0.0152485535924024	0.0137766188613646	0.0181788787387473	0.0169350732525552	0.000263564775850878	0.00030318	0.000279520138517833	0.000278563	20.0502714505871	20	-0.0587582613503486	0.084631873524907	NA	NA	NA	NA	NA	5
Whitehorse	Coyote Lake	2011	0.0333333333333333	0.0114738594552137	0.0113484210670075	0.0120862114808335	0.0118273705642816	0.0128074493509315	0.011090040590757	0.000163724084015665	0.000151784	0.000275996227803992	0.000294639	21.0418928754889	21	-0.510652525118621	-0.639998387179872	NA	NA	NA	NA	NA	9
Wildcat	Marys	2000	0	0.0145252757989642	0.0148378745435883	0.0158052765871159	0.0168047698226393	0.0181647794635939	0.0181877498333183	0.000225230934589725	0.000218126	0.000223142129124924	0.000185812	25.1328176879403	24	0.00931726561580412	0.159994850694909	NA	NA	NA	NA	NA	19
Wildcat	Marys	2017	0.075	0.0142997796700012	0.0145991881458693	0.0173251947239771	0.0171511913518687	0.0168988509193415	0.0177837519774862	0.000266839917413255	0.000264695	0.000277938643512098	0.000292698	10.9614412819102	12	-0.0407458255331887	-0.100478477483571	32.9461019963854	31.3	32.9363400184689	31.3	29.3	20
Willow-Nelson	Rock	2009	0.085	0.0146250607154085	0.017579984595614	0.0158447372332029	0.0198713152017207	0.0214372190290126	0.0227274244706574	0.00023999526895264	0.000271218	0.00023938292180276	0.00026854	37.3878549235495	32	0.0025547559805105	0.00992296547712119	NA	NA	NA	NA	NA	20
Willow-Nelson	Rock	2017	0	0.0143189033577658	0.0123327938258652	0.0165599928270199	0.0135546656733097	0.0163631634381346	0.016090998027566	0.000241277905639119	0.000235067	0.00023280519130688	0.00020816	30.7189719089471	36	0.0357435832950797	0.121414083528305	NA	NA	NA	NA	NA	10
Willow	Coyote Lake	1996	0.025	0.0123802877136344	0.012296799419007	0.0123118195093532	0.0123083661848445	0.0157490388234381	0.0153422020694239	0.000178344400904035	0.000178872	0.00029148165381421	0.000310583	28.0314196566165	28	-0.481613362111318	-0.538194522479084	NA	NA	NA	NA	NA	8
