colony_input
colony_input
19
177
563002
1
2
1
0
0 0
0
1
0
0
1
2
0
10000
0
2
2
MK@
0@
0.01 0.01 0.01 0.01 0.01 0.01 0.01 0.01 0.01 0.01 0.01 0.01 0.01 0.01 0.01 0.01 0.01 0.01 0.01 0.01 0.01 0.01 0.01 0.01 0.01 0.01 0.01 0.01 0.01 0.01 0.01 0.01 0.01 0.01 0.01 0.01 0.01 0.01 0.01 0.01 0.01 0.01 0.01 0.01 0.01 0.01 0.01 0.01 0.01 0.01 0.01 0.01 0.01 0.01 0.01 0.01 0.01 0.01 0.01 0.01 0.01 0.01 0.01 0.01 0.01 0.01 0.01 0.01 0.01 0.01 0.01 0.01 0.01 0.01 0.01 0.01 0.01 0.01 0.01 0.01 0.01 0.01 0.01 0.01 0.01 0.01 0.01 0.01 0.01 0.01 0.01 0.01 0.01 0.01 0.01 0.01 0.01 0.01 0.01 0.01 0.01 0.01 0.01 0.01 0.01 0.01 0.01 0.01 0.01 0.01 0.01 0.01 0.01 0.01 0.01 0.01 0.01 0.01 0.01 0.01 0.01 0.01 0.01 0.01 0.01 0.01 0.01 0.01 0.01 0.01 0.01 0.01 0.01 0.01 0.01 0.01 0.01 0.01 0.01 0.01 0.01 0.01 0.01 0.01 0.01 0.01 0.01 0.01 0.01 0.01 0.01 0.01 0.01 0.01 0.01 0.01 0.01 0.01 0.01 0.01 0.01 0.01 0.01 0.01 0.01 0.01 0.01 0.01 0.01 0.01 0.01 0.01 0.01 0.01 0.01 0.01 0.01
0.01 0.01 0.01 0.01 0.01 0.01 0.01 0.01 0.01 0.01 0.01 0.01 0.01 0.01 0.01 0.01 0.01 0.01 0.01 0.01 0.01 0.01 0.01 0.01 0.01 0.01 0.01 0.01 0.01 0.01 0.01 0.01 0.01 0.01 0.01 0.01 0.01 0.01 0.01 0.01 0.01 0.01 0.01 0.01 0.01 0.01 0.01 0.01 0.01 0.01 0.01 0.01 0.01 0.01 0.01 0.01 0.01 0.01 0.01 0.01 0.01 0.01 0.01 0.01 0.01 0.01 0.01 0.01 0.01 0.01 0.01 0.01 0.01 0.01 0.01 0.01 0.01 0.01 0.01 0.01 0.01 0.01 0.01 0.01 0.01 0.01 0.01 0.01 0.01 0.01 0.01 0.01 0.01 0.01 0.01 0.01 0.01 0.01 0.01 0.01 0.01 0.01 0.01 0.01 0.01 0.01 0.01 0.01 0.01 0.01 0.01 0.01 0.01 0.01 0.01 0.01 0.01 0.01 0.01 0.01 0.01 0.01 0.01 0.01 0.01 0.01 0.01 0.01 0.01 0.01 0.01 0.01 0.01 0.01 0.01 0.01 0.01 0.01 0.01 0.01 0.01 0.01 0.01 0.01 0.01 0.01 0.01 0.01 0.01 0.01 0.01 0.01 0.01 0.01 0.01 0.01 0.01 0.01 0.01 0.01 0.01 0.01 0.01 0.01 0.01 0.01 0.01 0.01 0.01 0.01 0.01 0.01 0.01 0.01 0.01 0.01 0.01
SFH_PEC_2018_003 2 2 4 2 2 4 2 2 1 1 1 1 3 3 0 0 0 0 0 0 4 4 0 0 1 1 3 1 2 2 4 3 4 4 1 1 1 1 2 2 4 2 1 1 1 1 3 3 2 2 2 2 1 1 0 0 0 0 1 1 2 2 2 2 1 1 4 4 4 3 2 2 0 0 3 3 3 3 3 3 4 4 0 0 0 0 3 1 1 1 2 2 2 2 3 1 0 0 3 3 2 2 2 2 3 3 0 0 0 0 4 4 2 2 3 3 1 1 0 0 3 1 1 1 0 0 1 1 0 0 2 4 1 2 3 1 3 4 3 4 3 2 1 1 0 0 0 0 4 4 4 4 2 2 1 1 0 0 1 1 0 0 1 1 0 0 0 0 3 3 2 2 4 4 2 2 3 3 2 2 4 2 4 4 3 3 0 0 2 3 2 1 0 0 3 3 2 2 4 3 3 4 1 3 4 3 4 2 3 3 0 0 3 4 1 1 1 1 2 1 0 0 3 3 0 0 0 0 0 0 3 3 1 1 2 1 4 1 4 4 2 2 2 2 4 4 3 3 0 0 3 1 0 0 3 3 3 3 0 0 3 3 3 3 1 1 0 0 3 3 1 1 3 1 0 0 3 3 0 0 1 1 0 0 2 2 1 1 0 0 1 1 2 1 3 4 0 0 1 1 4 4 3 3 0 0 3 1 1 1 0 0 0 0 4 4 0 0 0 0 2 2 2 2 4 3 4 3 3 1 1 1 3 3 2 2 1 2 4 4 3 3 4 2 0 0 0 0 3 3 2 4 3 4
SFH_PEC_2018_004 2 2 4 4 2 2 2 2 1 1 1 1 3 3 4 4 4 4 1 1 4 1 4 3 1 1 0 0 2 2 4 4 4 4 1 1 1 1 2 2 0 0 1 1 1 1 3 3 2 4 2 1 1 4 1 1 4 4 1 1 2 2 2 2 1 1 4 4 4 4 2 2 2 2 3 3 3 3 1 1 4 4 1 1 4 4 3 3 1 1 2 2 2 2 3 3 1 1 1 1 2 2 2 2 3 3 2 2 3 3 4 4 4 2 1 3 1 2 4 4 3 1 1 1 1 1 1 1 4 2 2 4 1 2 3 1 3 4 3 4 3 2 1 1 0 0 2 2 4 4 4 4 2 2 1 1 4 3 1 1 0 0 1 1 1 1 1 1 3 3 2 2 4 4 0 0 3 3 2 2 4 4 4 4 3 3 2 2 2 2 2 1 3 3 3 3 2 2 4 4 3 3 1 1 4 4 4 4 3 3 3 3 3 4 1 1 1 1 2 2 1 1 3 3 1 1 2 2 1 1 3 3 1 1 2 2 4 4 4 2 2 2 2 2 4 4 3 3 1 1 3 1 2 2 3 3 3 3 3 3 3 3 3 3 1 1 4 4 3 3 1 1 3 3 3 3 3 3 1 3 1 1 4 4 0 0 1 1 2 2 1 1 2 2 3 3 4 2 1 1 4 4 3 3 1 3 3 3 1 4 3 3 3 3 4 2 3 3 3 3 2 2 2 2 4 4 4 4 3 1 1 1 3 3 2 2 2 2 4 4 3 3 0 0 3 1 1 1 3 3 4 4 4 4
SFH_PEC_2018_005 2 2 0 0 0 0 2 2 1 1 1 1 3 3 0 0 4 4 1 1 4 4 4 4 0 0 3 1 2 2 4 4 4 4 1 1 1 1 0 0 0 0 0 0 0 0 0 0 2 2 2 2 1 1 1 1 4 4 1 1 2 2 2 2 1 1 0 0 4 4 2 2 2 2 3 3 3 3 3 3 4 4 1 1 4 4 3 3 1 1 0 0 2 2 3 1 0 0 1 3 2 4 2 1 3 1 0 0 0 0 4 4 2 2 3 3 1 1 4 2 3 1 1 1 1 1 0 0 4 4 2 4 1 2 3 1 3 4 3 4 3 2 1 1 2 4 2 2 4 4 4 4 2 2 1 1 4 4 1 1 1 1 1 1 1 1 1 1 3 3 2 2 4 4 0 0 3 2 2 2 4 2 4 4 3 3 2 1 2 2 2 2 0 0 3 3 2 3 4 3 3 4 1 3 4 3 4 2 3 3 3 3 3 3 1 1 1 1 2 2 3 3 3 3 1 1 2 2 1 1 3 3 1 1 0 0 0 0 4 4 2 2 0 0 4 4 3 3 1 1 3 3 2 4 3 3 3 3 3 3 3 3 3 3 1 1 4 4 3 3 1 3 0 0 3 3 3 3 1 3 0 0 4 4 2 2 0 0 2 2 1 1 2 2 3 3 4 4 4 1 4 4 3 3 1 1 3 3 1 1 3 3 3 3 0 0 3 3 3 1 2 2 0 0 4 4 4 4 3 1 1 1 3 3 2 2 1 2 2 4 0 0 0 0 3 3 0 0 3 3 2 4 3 4
SFH_PEC_2018_006 2 2 4 4 2 2 2 2 1 1 1 1 3 3 4 4 4 4 1 1 4 4 0 0 0 0 0 0 2 4 4 4 4 4 1 1 1 1 2 2 4 4 1 1 1 1 3 3 2 2 2 2 1 1 1 1 0 0 1 1 0 0 0 0 0 0 4 4 4 4 2 2 2 4 0 0 3 3 1 1 4 4 1 1 4 4 3 3 1 1 2 2 2 2 3 1 1 3 1 1 2 2 2 2 3 3 0 0 0 0 4 4 4 4 1 1 0 0 4 4 1 1 1 1 1 1 0 0 2 2 2 4 1 2 3 1 3 4 3 4 3 2 1 4 2 2 2 2 4 4 4 4 0 0 0 0 4 4 1 1 3 3 1 1 1 1 1 1 0 0 0 0 0 0 2 2 3 2 2 4 4 4 4 2 3 3 2 1 2 2 2 2 3 3 3 3 2 2 4 4 3 3 1 1 4 4 4 4 3 3 3 3 3 3 1 1 1 1 2 2 3 1 3 2 1 3 0 0 1 1 3 3 1 1 0 0 0 0 4 4 0 0 0 0 4 4 3 3 1 3 3 1 2 2 3 3 3 3 3 3 3 3 3 3 1 1 4 4 3 3 1 1 3 1 3 3 3 3 1 3 1 1 0 0 2 2 1 4 2 4 1 1 2 2 3 3 4 4 0 0 4 4 3 3 1 1 3 3 1 1 3 3 3 3 4 4 3 3 1 1 2 2 2 2 3 3 3 3 3 1 1 1 3 3 2 2 1 2 2 2 3 3 4 4 3 1 0 0 3 3 2 4 3 4
SFH_PEC_2018_007 2 2 4 4 2 2 2 2 1 1 1 1 3 3 4 4 4 1 1 3 4 4 4 4 1 1 3 1 2 2 4 4 4 4 1 1 1 1 2 2 4 2 1 1 1 1 3 3 2 2 2 2 1 1 1 1 4 4 1 1 2 2 2 2 1 1 4 4 4 4 2 2 2 2 3 3 3 3 3 1 0 0 1 1 4 4 3 3 1 1 2 2 0 0 0 0 0 0 1 3 2 2 2 2 3 3 2 3 3 3 4 4 4 2 1 3 1 2 4 4 1 1 1 1 1 1 1 1 0 0 0 0 0 0 0 0 0 0 3 3 3 3 1 4 2 2 0 0 4 4 4 4 2 2 1 1 0 0 1 1 3 3 1 1 0 0 0 0 0 0 0 0 0 0 0 0 3 3 2 2 4 4 4 4 0 0 2 1 2 2 2 2 3 3 3 3 2 2 4 4 3 3 1 1 4 4 4 4 3 3 3 3 3 3 1 1 1 1 2 2 1 1 3 2 1 1 2 2 1 1 3 3 1 4 2 2 4 4 4 4 2 2 2 2 4 1 3 3 1 1 3 1 2 2 3 3 3 3 3 3 0 0 0 0 0 0 4 1 3 1 1 1 3 1 3 3 3 3 1 1 1 1 4 4 2 2 1 4 2 2 1 1 2 2 3 3 4 4 1 1 4 4 3 3 1 1 3 3 1 1 3 3 3 3 4 2 3 4 1 1 2 2 0 0 4 4 4 4 3 1 1 1 3 3 2 2 1 2 2 4 3 3 4 2 0 0 1 1 0 0 4 4 4 4
SFH_PEC_2018_008 2 2 4 4 2 2 0 0 1 1 1 1 3 3 4 4 4 4 1 1 4 1 4 4 1 1 3 3 2 2 4 4 4 4 1 1 1 1 2 2 4 4 1 1 1 1 3 3 2 2 2 2 1 1 1 1 4 4 1 1 2 2 2 2 1 1 4 4 4 4 2 2 2 2 3 3 3 3 3 1 4 4 1 1 4 4 3 3 1 1 2 2 2 2 3 3 1 1 1 3 2 2 2 2 3 3 2 2 3 3 4 4 4 2 1 3 2 2 4 4 3 1 1 1 1 1 1 1 4 2 2 4 1 2 3 1 3 4 3 4 3 2 1 4 2 2 2 2 4 4 4 4 2 2 1 1 4 3 1 1 1 3 1 1 1 1 1 1 3 3 2 2 4 4 2 2 3 3 2 2 4 4 4 4 3 3 2 2 2 2 2 2 3 3 3 3 2 2 4 4 3 3 1 1 4 4 4 4 3 3 3 3 3 4 1 1 1 1 2 2 3 3 3 3 1 1 2 2 1 1 3 3 1 4 2 2 4 4 4 4 2 2 2 2 4 4 3 3 1 3 3 3 2 2 3 3 3 1 3 3 3 3 3 3 1 1 4 4 3 3 1 1 3 1 3 3 3 3 3 3 1 1 4 4 2 2 1 1 2 2 1 1 2 2 3 3 4 4 1 1 4 4 3 3 1 1 3 3 1 1 3 3 3 3 4 2 3 3 3 1 2 2 2 2 4 4 4 4 3 1 1 1 3 3 2 2 1 2 2 4 3 3 4 2 3 1 1 1 3 3 4 4 4 4
SFH_PEC_2018_009 2 2 4 4 2 2 2 2 0 0 1 1 3 3 4 4 4 4 1 1 4 4 4 3 1 1 3 1 2 2 4 4 4 4 1 1 1 1 2 2 2 2 1 1 1 1 3 3 2 2 2 2 1 1 1 1 4 4 1 1 2 2 2 2 1 1 4 4 4 4 2 2 2 2 3 3 3 3 3 1 4 4 1 1 4 4 3 3 1 1 2 2 2 2 3 3 0 0 1 3 0 0 0 0 3 1 2 2 3 3 4 4 2 2 3 3 1 2 4 4 3 3 1 1 1 3 1 1 4 2 2 4 1 2 3 1 3 4 3 4 3 2 1 1 2 4 2 2 4 4 4 4 2 2 1 1 4 4 1 1 3 3 1 1 1 1 1 1 3 3 2 2 4 4 2 2 3 3 2 2 4 4 4 4 3 3 2 1 2 2 2 2 3 1 3 4 2 3 4 3 3 4 1 3 4 3 4 2 3 3 3 3 3 4 1 4 1 1 2 2 3 1 2 2 1 1 2 2 1 1 3 3 1 4 0 0 4 4 4 4 2 2 2 2 4 4 3 3 1 3 3 3 2 2 3 3 3 3 3 1 3 3 3 3 1 1 4 4 3 3 0 0 3 3 3 3 3 3 3 3 1 1 4 2 2 2 1 4 2 2 1 1 2 2 3 3 4 2 4 1 4 4 3 3 1 1 3 3 1 1 3 3 3 3 4 2 3 3 1 1 2 2 2 2 4 3 4 3 3 1 1 1 3 3 2 2 1 2 2 2 3 3 4 2 3 1 1 1 3 3 2 2 3 3
SFH_PEC_2018_010 2 2 4 4 2 2 2 2 1 1 1 1 3 3 4 4 4 4 1 1 4 4 4 4 1 1 3 1 2 2 4 4 4 4 1 1 1 1 2 2 4 2 1 1 1 1 3 3 2 2 2 2 1 1 1 1 4 4 1 1 2 2 2 2 1 1 4 4 4 4 2 2 2 2 3 3 3 3 3 3 4 4 1 1 4 4 3 3 1 1 2 2 2 2 3 1 0 0 1 3 2 2 2 2 3 3 2 2 3 3 4 4 2 2 3 3 1 2 4 2 1 1 1 1 1 1 1 1 4 4 2 4 1 2 3 1 3 4 3 4 3 2 1 1 2 4 2 2 4 4 4 4 2 2 1 1 4 4 1 1 1 3 1 1 1 1 1 1 3 1 2 4 4 2 0 0 3 2 2 2 4 4 4 4 3 3 2 1 2 2 2 2 3 3 3 3 2 3 4 3 3 4 1 3 4 3 4 2 3 3 3 3 3 4 1 1 1 1 2 2 3 1 3 3 1 1 2 2 1 1 3 3 1 1 2 2 4 4 4 4 2 2 2 2 4 4 3 3 1 1 3 1 2 2 3 3 3 1 3 3 3 3 3 3 1 1 4 4 3 3 1 1 3 3 3 3 3 3 1 3 1 1 4 4 2 2 1 1 2 2 1 1 2 2 3 3 4 4 4 1 4 4 3 3 1 1 3 3 1 1 3 3 3 3 4 4 3 3 3 1 2 2 2 2 4 4 4 4 3 1 1 1 3 3 2 2 1 2 2 4 3 3 2 2 3 3 0 0 3 3 2 2 3 3
SFH_PEC_2018_011 2 2 4 4 2 2 0 0 0 0 1 1 3 3 0 0 4 4 1 1 4 4 4 3 1 1 0 0 0 0 0 0 4 4 1 3 1 4 0 0 0 0 0 0 0 0 3 3 2 2 2 2 1 1 1 1 4 4 1 3 0 0 2 4 0 0 4 4 4 4 2 2 2 4 3 2 3 3 0 0 0 0 1 1 4 4 3 3 1 1 2 2 2 2 3 1 0 0 1 1 2 4 2 1 3 1 0 0 0 0 4 4 4 4 1 1 2 2 0 0 0 0 3 3 1 3 1 3 4 2 2 4 1 2 3 1 3 4 3 4 3 2 1 1 2 4 2 2 0 0 4 4 2 2 1 1 0 0 0 0 1 3 0 0 1 1 1 1 3 3 2 2 4 4 2 3 0 0 2 2 4 4 4 4 3 3 0 0 2 2 0 0 0 0 3 3 2 3 4 4 0 0 1 1 0 0 4 4 3 3 3 3 3 4 1 1 1 1 2 2 0 0 3 2 1 1 2 2 1 1 0 0 1 1 0 0 4 4 4 2 2 2 0 0 4 4 3 3 1 1 3 1 2 2 3 3 3 1 3 3 3 3 3 3 1 1 4 4 3 3 1 1 0 0 3 1 3 3 1 3 1 1 4 4 2 2 1 4 2 2 1 1 2 2 3 3 4 4 4 1 4 4 3 1 1 1 3 3 1 1 0 0 0 0 4 4 0 0 1 1 2 2 2 2 4 4 4 4 3 1 1 4 3 4 2 4 0 0 0 0 3 3 4 2 3 3 1 1 3 3 2 4 3 4
SFH_PEC_2018_012 2 2 4 4 2 2 2 2 1 1 1 1 3 3 4 4 4 1 1 3 4 4 4 3 1 1 3 1 2 2 4 4 4 4 1 1 1 1 2 2 4 4 1 1 1 1 3 3 2 2 2 2 1 1 1 1 4 4 1 1 2 2 2 2 1 1 4 1 4 4 2 2 2 2 3 3 3 3 0 0 4 4 1 1 4 4 3 3 1 1 2 4 2 4 3 3 0 0 1 1 2 4 2 1 3 1 0 0 3 4 4 4 4 2 1 3 2 2 4 4 3 1 1 1 1 3 1 1 4 2 2 4 1 2 3 1 3 4 0 0 0 0 1 1 0 0 2 2 4 1 4 4 2 2 1 1 4 4 1 1 3 3 1 1 1 1 1 1 3 3 2 2 4 4 2 2 3 3 2 2 4 4 4 4 3 3 0 0 2 2 2 2 3 3 3 3 2 3 4 3 3 4 1 3 4 3 4 2 3 3 3 3 3 4 1 1 1 1 2 2 3 1 3 2 1 1 2 2 1 1 3 3 1 1 2 2 4 4 4 4 2 2 2 2 4 4 3 3 1 1 3 1 2 2 3 3 3 1 0 0 3 1 3 4 1 3 4 4 3 3 1 1 3 3 3 3 3 3 1 3 1 1 4 4 2 1 1 4 2 2 1 1 2 2 3 3 4 4 4 1 4 4 3 3 1 1 3 3 1 1 3 3 3 3 4 2 3 3 1 1 2 2 2 2 4 4 4 4 0 0 1 1 3 3 2 2 1 2 2 2 3 3 4 2 3 3 1 1 3 3 2 4 3 4
SFH_PEC_2018_014 2 2 4 4 2 2 2 2 1 1 1 1 3 3 4 4 4 4 1 1 4 4 4 4 1 4 3 1 2 2 4 4 4 4 1 1 1 1 2 2 2 2 1 1 1 1 3 3 2 2 2 2 1 1 1 1 4 4 1 1 2 2 2 2 1 3 4 4 4 4 2 2 0 0 3 3 3 3 3 1 4 4 1 4 4 3 3 3 1 3 2 2 2 2 3 1 0 0 1 1 2 2 2 2 3 3 2 2 3 3 4 4 0 0 1 1 1 2 4 2 3 3 1 3 1 1 1 1 4 2 2 4 1 2 3 1 3 4 3 4 3 2 0 0 2 4 0 0 4 4 4 2 2 2 1 1 0 0 1 1 1 3 1 1 1 3 1 4 3 1 2 4 4 2 2 2 3 3 2 2 4 4 4 2 3 3 2 1 2 2 2 2 3 3 3 3 2 2 4 4 3 3 1 1 4 4 4 4 3 3 3 3 3 4 0 0 1 1 2 2 0 0 3 3 1 1 2 1 1 1 3 3 1 1 0 0 4 4 4 4 0 0 2 1 4 4 3 3 1 1 3 1 0 0 3 3 3 3 3 3 3 3 3 3 1 1 4 4 3 3 1 1 3 3 3 3 3 3 1 3 1 1 0 0 0 0 4 4 2 2 1 1 2 2 3 3 4 4 1 1 0 0 3 3 1 1 3 3 1 1 3 3 3 3 4 2 3 3 3 3 2 2 2 4 4 4 4 4 3 1 1 1 3 3 2 2 1 1 2 2 3 3 4 4 3 1 1 4 3 3 2 4 3 4
SFH_PEC_2018_015 2 2 0 0 2 2 2 2 1 1 1 1 3 3 0 0 0 0 0 0 4 4 4 3 1 1 3 1 2 2 0 0 4 2 1 1 1 1 2 2 4 2 1 1 1 1 3 3 2 2 2 2 1 1 1 1 4 4 0 0 0 0 2 2 1 1 4 4 4 4 2 2 2 2 3 3 3 3 3 3 4 4 1 1 4 4 3 3 1 1 2 2 2 4 3 3 0 0 1 3 0 0 0 0 0 0 2 2 3 3 0 0 4 2 1 3 1 2 0 0 3 3 1 3 1 1 1 1 4 2 2 4 1 2 3 1 3 4 3 4 3 2 1 4 2 4 2 2 4 4 4 4 2 2 1 1 4 4 1 1 3 3 0 0 1 1 1 1 3 3 2 2 0 0 2 3 3 3 2 2 0 0 0 0 3 3 2 1 2 2 2 2 0 0 3 3 2 2 4 4 3 3 1 1 4 4 4 4 3 3 3 3 3 4 1 1 1 2 2 2 1 1 3 2 1 1 2 2 1 1 3 1 1 4 2 2 4 1 4 4 2 1 2 1 4 4 3 3 1 1 3 1 0 0 3 3 3 3 0 0 3 3 3 3 1 1 4 4 3 3 1 1 3 3 3 3 3 3 3 3 1 1 4 4 2 2 1 4 2 2 1 1 2 2 3 3 4 4 0 0 0 0 3 3 0 0 3 3 1 1 3 3 3 3 0 0 3 3 3 1 2 2 2 2 4 3 4 3 3 1 1 1 3 3 2 2 1 1 2 2 3 3 4 4 3 1 1 1 3 3 4 4 4 4
SFH_PEC_2018_016 2 2 4 4 2 2 2 2 1 1 1 1 3 3 4 4 4 4 1 1 4 4 4 3 1 1 3 1 2 2 4 4 4 4 1 1 1 1 2 2 4 2 1 1 1 1 3 3 2 2 2 2 1 1 1 1 4 4 1 1 2 2 2 2 1 1 4 4 4 4 2 2 2 2 3 3 3 3 1 1 4 4 1 1 4 4 3 3 1 1 2 2 2 2 0 0 0 0 1 3 2 2 2 2 3 3 2 2 3 3 4 4 4 4 1 1 1 2 4 4 1 1 1 1 1 1 1 1 4 2 2 4 1 2 3 1 3 4 3 4 3 2 1 1 4 4 2 2 4 4 4 4 2 2 1 1 4 4 1 1 3 3 1 1 1 1 1 1 3 3 2 2 4 4 0 0 3 3 2 2 4 4 4 4 3 3 2 2 2 2 2 2 3 3 3 3 2 3 4 3 3 4 1 3 4 3 4 2 3 3 3 3 3 3 1 1 1 1 2 2 3 1 3 3 1 1 2 2 1 1 3 3 4 4 2 2 4 4 4 4 2 2 2 2 4 4 3 3 1 3 3 1 2 2 3 3 3 3 3 3 3 3 3 3 1 1 4 4 3 3 0 0 3 3 3 3 0 0 1 1 1 1 4 4 2 2 1 1 2 2 1 1 2 2 3 3 4 4 4 1 4 4 3 3 1 1 3 3 1 1 3 3 3 3 2 2 3 3 1 1 2 4 2 2 4 3 4 3 3 1 1 1 3 3 2 2 1 1 2 2 3 3 4 2 1 1 1 1 3 3 2 4 3 4
SFH_PEC_2018_019 2 1 0 0 2 2 2 2 1 1 1 1 3 3 0 0 4 4 1 1 4 4 4 4 1 1 3 3 2 2 4 4 4 4 1 1 1 1 2 2 4 2 1 1 1 1 3 3 2 2 2 2 1 1 1 1 4 4 1 1 0 0 0 0 0 0 4 4 4 4 2 2 0 0 0 0 3 2 3 1 4 4 1 1 4 4 3 3 1 1 2 2 2 2 3 1 1 1 1 1 2 2 2 2 3 3 2 2 3 3 4 4 4 2 1 3 1 1 4 4 3 1 3 3 1 1 1 1 4 2 2 4 1 2 3 1 3 4 3 4 3 2 1 4 0 0 2 2 4 4 4 4 2 2 1 1 4 4 0 0 0 0 0 0 1 1 1 1 3 1 2 4 4 2 2 2 3 3 2 2 4 4 0 0 3 3 2 1 2 2 2 2 3 3 3 3 0 0 4 4 3 3 1 1 4 4 4 4 3 3 3 3 3 3 1 1 1 1 2 2 3 1 3 3 0 0 2 2 1 1 3 3 1 4 2 2 4 4 4 4 2 2 2 2 4 1 3 3 3 3 1 1 2 2 3 3 3 3 3 3 3 3 3 3 1 1 4 4 3 3 0 0 3 3 3 3 3 1 3 3 1 3 0 0 2 2 1 4 2 2 0 0 2 2 3 3 4 4 4 4 4 4 0 0 1 1 3 3 1 1 3 3 3 3 0 0 3 3 0 0 2 2 2 4 4 4 4 4 3 1 1 1 3 3 2 2 2 2 2 4 3 3 4 4 3 1 0 0 3 4 2 2 3 3
SFH_PEC_2018_020 2 1 4 4 2 2 0 0 0 0 1 3 3 2 0 0 4 4 1 1 4 1 4 3 0 0 3 1 2 2 4 4 0 0 1 1 1 1 2 4 2 2 1 2 1 3 3 1 2 2 2 2 1 1 1 1 4 1 1 1 2 2 2 2 1 1 0 0 4 4 2 2 2 2 3 3 3 3 3 3 4 4 1 1 4 4 3 3 1 1 2 2 2 2 3 1 1 1 1 3 2 2 2 2 3 3 2 2 3 3 4 4 4 2 0 0 1 2 4 2 3 1 1 1 1 1 1 1 0 0 2 4 1 2 3 1 3 4 3 3 3 3 1 1 2 4 2 4 4 4 4 4 2 4 1 2 4 4 1 1 0 0 0 0 1 1 1 1 3 1 2 4 4 2 2 2 3 2 2 2 4 4 4 2 3 3 0 0 2 2 2 2 3 3 3 3 2 2 4 4 3 3 1 1 4 4 4 4 3 3 3 3 3 3 0 0 1 1 2 2 3 1 3 3 1 1 2 2 1 1 3 3 1 4 0 0 0 0 4 4 2 2 2 2 4 4 3 1 1 3 1 1 2 2 3 1 3 3 3 1 3 3 3 3 1 1 0 0 3 3 1 1 3 3 3 3 3 3 1 3 1 1 4 4 2 2 1 4 2 2 1 3 0 0 0 0 4 4 4 1 4 1 3 3 1 1 3 3 1 1 3 2 3 2 4 2 0 0 3 1 2 2 2 2 4 3 4 3 3 1 1 1 3 3 2 2 1 2 2 4 3 3 4 4 3 3 1 1 0 0 4 4 0 0
SFH_PEC_2018_021 2 1 4 4 2 2 0 0 1 1 1 1 3 3 4 4 4 4 1 1 4 4 4 4 1 1 3 3 2 2 4 4 4 4 1 1 1 1 2 2 4 2 1 1 1 1 3 3 2 2 2 2 1 1 0 0 4 4 1 1 2 2 2 2 1 1 4 4 4 4 2 4 2 2 3 3 3 3 3 1 4 4 1 1 4 4 3 3 1 1 2 2 2 2 1 1 1 1 1 1 0 0 0 0 3 1 2 2 3 3 4 4 4 2 1 3 1 2 4 4 3 1 1 1 1 1 1 1 4 2 2 4 1 2 3 1 3 4 3 4 3 2 1 1 2 2 2 2 4 4 4 4 2 2 1 1 4 4 1 2 1 3 1 2 1 1 1 1 1 1 4 4 0 0 0 0 0 0 2 2 4 4 4 2 3 1 2 1 2 2 2 2 3 3 3 3 2 3 4 3 3 4 1 3 4 3 4 2 3 3 3 3 3 3 1 1 1 1 2 2 3 1 3 2 1 1 2 2 1 3 3 3 4 4 2 2 4 4 4 2 2 2 0 0 4 4 3 3 1 3 1 1 0 0 3 3 3 3 3 1 3 3 3 3 1 1 4 4 3 3 1 3 3 3 3 3 3 3 3 3 1 1 4 4 2 2 1 1 2 2 1 1 2 2 3 3 4 4 4 4 4 4 3 3 1 1 3 3 1 1 3 3 3 3 4 2 3 3 3 1 2 2 2 2 4 3 4 3 3 1 1 1 3 3 2 2 2 2 2 4 3 3 4 2 3 1 0 0 3 3 2 2 3 3
SFH_PEC_2018_022 2 2 0 0 2 2 0 0 0 0 0 0 0 0 4 1 0 0 0 0 0 0 4 4 0 0 3 1 0 0 0 0 0 0 1 1 0 0 2 2 4 2 1 1 1 1 3 3 0 0 0 0 0 0 1 4 4 4 1 1 0 0 0 0 0 0 4 4 4 4 2 2 0 0 3 3 0 0 3 3 4 4 0 0 0 0 3 3 1 1 2 2 2 4 3 3 0 0 3 3 0 0 0 0 0 0 0 0 3 3 0 0 2 2 3 3 1 1 2 2 0 0 1 1 3 3 0 0 0 0 2 2 1 1 3 3 0 0 0 0 0 0 1 4 0 0 0 0 4 4 4 4 0 0 0 0 0 0 1 1 1 3 0 0 1 1 1 1 3 1 2 4 4 2 2 2 0 0 0 0 0 0 4 4 3 3 0 0 0 0 2 2 3 3 3 3 2 3 4 3 3 4 1 3 4 3 4 2 3 4 3 2 3 4 0 0 0 0 0 0 0 0 3 3 0 0 2 1 0 0 0 0 1 1 0 0 0 0 4 2 2 2 2 2 0 0 3 3 0 0 0 0 0 0 0 0 3 1 0 0 0 0 0 0 0 0 4 4 3 3 0 0 3 3 3 3 3 3 1 1 0 0 0 0 0 0 1 4 0 0 0 0 0 0 0 0 4 4 1 1 0 0 0 0 1 3 3 3 1 1 0 0 0 0 4 2 0 0 3 3 0 0 2 4 4 4 4 4 0 0 1 1 3 3 2 2 0 0 2 2 3 3 2 2 0 0 0 0 0 0 2 2 0 0
SFH_PEC_2018_025 2 2 0 0 2 2 2 2 1 1 1 1 3 3 4 4 0 0 0 0 4 4 4 4 1 1 3 1 2 2 4 4 4 4 1 1 1 1 2 2 4 4 1 1 1 1 3 3 2 2 2 2 1 1 1 1 4 4 1 1 0 0 0 0 0 0 4 4 4 4 2 2 2 2 3 3 3 3 1 1 4 4 0 0 0 0 3 3 1 1 2 2 2 2 3 1 1 1 1 1 2 2 2 2 3 3 2 2 3 3 4 4 4 2 1 3 1 2 4 4 1 1 0 0 1 1 1 1 4 2 2 4 1 2 3 1 3 4 3 4 3 2 4 4 2 4 2 2 4 4 4 4 2 2 1 1 4 3 1 1 3 3 1 1 1 1 1 1 3 3 2 2 4 4 2 2 0 0 2 2 4 4 4 2 3 3 2 2 2 2 2 2 0 0 3 3 2 3 4 3 3 4 1 3 4 3 4 2 3 3 0 0 3 3 1 1 1 1 2 2 1 1 3 3 1 1 2 2 1 1 3 3 1 4 2 2 4 4 4 4 2 2 2 2 4 4 3 3 3 3 3 3 2 2 3 3 3 3 3 3 3 3 3 3 1 1 4 4 3 3 1 1 3 1 3 3 3 3 1 3 1 1 4 4 2 1 1 4 2 2 1 1 2 2 3 3 4 4 4 1 4 4 3 3 1 1 3 3 1 1 3 3 3 3 4 4 3 3 1 1 2 2 2 2 4 3 4 3 3 1 1 1 3 3 2 2 2 2 2 2 3 3 4 2 3 1 1 1 0 0 2 2 3 3
SFH_PEC_2018_028 1 1 4 4 2 2 2 1 1 2 1 1 3 3 4 4 0 0 0 0 0 0 0 0 1 1 3 1 2 2 4 4 4 4 1 1 1 1 2 2 4 4 1 1 1 1 3 3 2 2 2 2 1 1 1 1 4 4 1 1 2 4 2 2 1 1 4 4 4 4 2 2 2 2 3 3 3 3 3 1 4 2 1 1 4 4 0 0 1 1 2 2 2 2 3 3 1 1 3 3 2 2 2 2 3 3 2 2 3 3 4 3 2 2 3 3 2 2 2 2 3 1 1 3 1 1 1 1 4 4 2 4 1 2 3 1 3 4 0 0 0 0 0 0 2 2 2 2 0 0 4 4 2 2 1 1 4 3 1 1 1 3 1 1 1 1 1 1 3 1 2 4 4 2 2 2 3 2 2 2 4 4 0 0 3 3 2 2 2 2 2 2 3 3 3 3 2 2 4 4 3 3 1 1 4 4 4 4 3 3 3 2 0 0 0 0 1 1 2 2 0 0 2 2 1 1 2 2 1 1 0 0 1 4 2 2 4 4 4 2 0 0 0 0 4 4 3 3 1 3 3 1 2 2 3 3 3 1 0 0 0 0 3 3 1 1 0 0 0 0 1 1 3 3 3 3 3 3 3 3 1 1 4 4 2 2 1 1 2 2 1 1 2 2 0 0 4 4 4 1 4 4 3 3 1 1 3 3 1 1 3 3 3 3 0 0 0 0 0 0 2 2 0 0 4 4 4 4 3 1 1 1 3 3 2 2 0 0 2 2 1 1 4 4 3 3 1 1 3 3 4 4 0 0


0 0
0 0




0 0
0 0
0
0
0
0
0
0
