colony_input
colony_input
20
133
306318
1
2
1
0
0 0
0
1
0
0
1
2
0
10000
0
2
2
MK@
0@
0.01 0.01 0.01 0.01 0.01 0.01 0.01 0.01 0.01 0.01 0.01 0.01 0.01 0.01 0.01 0.01 0.01 0.01 0.01 0.01 0.01 0.01 0.01 0.01 0.01 0.01 0.01 0.01 0.01 0.01 0.01 0.01 0.01 0.01 0.01 0.01 0.01 0.01 0.01 0.01 0.01 0.01 0.01 0.01 0.01 0.01 0.01 0.01 0.01 0.01 0.01 0.01 0.01 0.01 0.01 0.01 0.01 0.01 0.01 0.01 0.01 0.01 0.01 0.01 0.01 0.01 0.01 0.01 0.01 0.01 0.01 0.01 0.01 0.01 0.01 0.01 0.01 0.01 0.01 0.01 0.01 0.01 0.01 0.01 0.01 0.01 0.01 0.01 0.01 0.01 0.01 0.01 0.01 0.01 0.01 0.01 0.01 0.01 0.01 0.01 0.01 0.01 0.01 0.01 0.01 0.01 0.01 0.01 0.01 0.01 0.01 0.01 0.01 0.01 0.01 0.01 0.01 0.01 0.01 0.01 0.01 0.01 0.01 0.01 0.01 0.01 0.01 0.01 0.01 0.01 0.01 0.01 0.01
0.01 0.01 0.01 0.01 0.01 0.01 0.01 0.01 0.01 0.01 0.01 0.01 0.01 0.01 0.01 0.01 0.01 0.01 0.01 0.01 0.01 0.01 0.01 0.01 0.01 0.01 0.01 0.01 0.01 0.01 0.01 0.01 0.01 0.01 0.01 0.01 0.01 0.01 0.01 0.01 0.01 0.01 0.01 0.01 0.01 0.01 0.01 0.01 0.01 0.01 0.01 0.01 0.01 0.01 0.01 0.01 0.01 0.01 0.01 0.01 0.01 0.01 0.01 0.01 0.01 0.01 0.01 0.01 0.01 0.01 0.01 0.01 0.01 0.01 0.01 0.01 0.01 0.01 0.01 0.01 0.01 0.01 0.01 0.01 0.01 0.01 0.01 0.01 0.01 0.01 0.01 0.01 0.01 0.01 0.01 0.01 0.01 0.01 0.01 0.01 0.01 0.01 0.01 0.01 0.01 0.01 0.01 0.01 0.01 0.01 0.01 0.01 0.01 0.01 0.01 0.01 0.01 0.01 0.01 0.01 0.01 0.01 0.01 0.01 0.01 0.01 0.01 0.01 0.01 0.01 0.01 0.01 0.01
YUB_MAC_2016_057 2 2 1 1 4 4 4 4 4 3 2 2 0 0 4 2 0 0 2 2 4 4 1 4 4 3 4 1 3 2 4 3 0 0 2 2 2 2 2 2 4 2 4 1 2 2 4 4 4 4 3 3 2 4 1 1 1 3 4 4 2 2 0 0 0 0 1 1 1 1 3 1 1 1 0 0 4 4 1 3 0 0 0 0 0 0 1 3 2 4 1 2 3 1 3 4 3 4 3 2 4 4 0 0 1 1 4 4 3 3 2 2 0 0 1 3 3 1 0 0 2 4 4 2 2 3 0 0 3 3 0 0 0 0 0 0 4 4 3 3 1 1 4 4 1 1 1 1 3 3 1 1 4 4 0 0 0 0 3 3 1 1 0 0 3 3 1 1 0 0 2 2 2 2 2 2 3 3 0 0 3 3 0 0 1 1 2 2 2 2 2 2 3 4 0 0 2 2 0 0 0 0 0 0 0 0 0 0 2 2 3 3 1 1 3 3 0 0 0 0 0 0 4 4 3 3 2 2 3 1 0 0 4 4 0 0 4 4 2 4 3 4 4 2 2 4 2 2 0 0 0 0 0 0 0 0 3 4 2 2 4 4 4 4 0 0
YUB_MAC_2016_058 0 0 0 0 4 4 0 0 4 3 2 2 3 1 4 2 2 2 2 2 2 2 1 1 4 3 4 1 3 2 4 3 2 2 2 2 2 2 2 2 2 2 4 4 2 2 0 0 4 4 3 1 2 2 1 1 0 0 4 4 2 2 2 2 3 3 1 1 1 3 3 3 1 1 4 4 3 3 1 1 1 3 1 3 4 4 0 0 0 0 0 0 0 0 0 0 3 3 3 3 0 0 0 0 0 0 0 0 3 3 2 2 3 3 3 3 3 3 3 3 2 2 4 4 0 0 2 2 3 2 2 2 2 2 2 2 4 4 3 3 1 1 4 4 1 1 1 1 3 3 1 1 4 4 0 0 3 3 1 1 1 1 1 1 0 0 3 1 0 0 2 2 2 2 2 2 3 3 1 1 3 3 2 4 0 0 2 1 2 1 2 2 3 4 1 3 2 2 0 0 0 0 0 0 2 2 2 1 2 1 3 3 1 1 3 3 1 1 4 2 2 4 4 4 3 3 2 2 3 1 4 2 3 4 1 1 4 4 4 4 4 4 2 2 4 4 2 4 3 3 0 0 1 1 2 2 3 4 2 2 4 4 4 4 0 0
YUB_MAC_2016_059 2 1 0 0 4 4 4 4 4 3 2 2 3 1 4 4 2 4 2 2 4 4 1 1 4 3 4 1 3 2 3 3 2 2 0 0 2 2 2 4 4 4 4 4 2 2 0 0 0 0 0 0 2 4 1 1 1 1 4 4 0 0 4 2 1 3 1 1 1 3 3 1 1 1 4 4 0 0 3 3 3 3 0 0 4 4 0 0 0 0 0 0 0 0 0 0 0 0 0 0 4 4 0 0 1 1 4 4 3 3 2 1 3 3 3 3 3 3 3 3 2 2 4 4 2 3 0 0 0 0 2 2 0 0 2 2 4 4 3 3 1 1 4 4 0 0 0 0 3 3 1 1 4 4 0 0 3 3 3 3 1 4 1 4 2 3 3 1 2 2 0 0 2 2 2 2 3 3 1 1 3 3 2 2 1 3 0 0 2 2 2 2 0 0 1 1 2 2 1 1 2 2 1 1 2 2 2 1 2 1 3 3 1 1 0 0 1 1 0 0 0 0 4 4 3 3 2 2 1 1 4 2 3 4 1 2 4 4 2 2 3 3 0 0 0 0 2 2 3 3 0 0 1 1 2 4 4 4 0 0 0 0 2 4 3 4
YUB_MAC_2016_060 2 2 1 1 4 4 4 4 4 3 2 2 3 1 0 0 2 2 2 2 4 2 1 1 4 4 4 4 3 3 4 4 2 2 2 2 2 2 2 2 4 4 4 4 2 2 4 4 2 4 3 1 0 0 1 1 1 1 4 4 2 2 0 0 3 3 1 2 1 1 3 3 1 3 4 4 4 4 1 3 1 1 1 1 2 2 1 1 2 4 1 2 3 1 3 4 3 4 3 2 1 4 0 0 1 1 4 4 3 3 2 2 3 3 1 3 3 3 3 3 2 2 4 4 2 2 2 2 0 0 2 2 2 1 0 0 4 4 3 3 1 1 4 4 1 1 1 1 3 3 1 1 4 4 3 1 3 3 1 3 1 1 1 1 3 3 1 1 2 2 2 2 2 2 2 2 3 3 1 1 3 3 2 4 0 0 2 1 2 2 2 2 3 3 3 3 2 2 1 1 2 2 1 1 2 2 2 1 2 1 3 3 1 1 3 3 1 1 4 4 2 2 4 4 3 3 2 2 1 1 4 2 0 0 1 2 4 2 2 4 3 3 4 4 0 0 2 2 0 0 3 1 1 1 2 4 4 4 2 2 4 2 4 4 4 4
YUB_MAC_2016_065 2 2 1 1 4 4 4 3 4 3 2 2 3 1 4 4 2 2 2 2 4 2 1 1 4 4 4 4 3 3 4 3 2 4 2 2 2 2 2 2 4 2 4 4 2 2 4 4 2 4 0 0 2 2 1 1 1 1 4 4 2 2 4 2 1 3 1 1 1 3 3 3 1 1 0 0 4 3 1 3 1 1 1 1 0 0 0 0 2 4 1 2 0 0 3 4 0 0 0 0 1 4 2 2 1 1 4 4 3 3 2 2 3 3 3 3 3 1 3 1 2 4 4 2 2 2 2 2 2 2 2 2 2 1 2 2 4 4 3 3 1 1 4 4 1 1 1 1 3 3 1 1 4 4 0 0 3 3 1 3 1 1 1 1 3 3 3 3 2 2 2 2 0 0 0 0 3 3 1 1 3 3 0 0 0 0 0 0 2 2 2 2 3 4 1 3 2 2 1 1 2 2 1 1 2 1 2 1 2 1 3 3 1 1 3 3 1 1 0 0 0 0 4 4 3 3 2 2 3 1 4 4 3 4 0 0 4 2 4 4 3 4 4 2 2 4 2 4 0 0 0 0 1 2 2 4 3 4 2 2 4 4 2 4 3 4
YUB_MAC_2016_069 0 0 0 0 0 0 0 0 4 3 0 0 3 1 4 4 2 2 2 2 4 4 1 4 3 3 1 1 2 2 4 3 0 0 2 2 2 2 2 2 4 4 4 4 2 2 0 0 2 2 0 0 0 0 1 1 1 1 4 4 0 0 0 0 3 3 1 2 1 1 3 1 1 1 4 4 3 3 1 1 0 0 1 1 4 4 1 1 0 0 1 1 0 0 3 4 0 0 0 0 1 1 0 0 1 1 4 4 3 3 2 2 3 3 1 1 0 0 3 3 2 2 4 4 2 2 2 2 0 0 0 0 0 0 0 0 0 0 0 0 0 0 0 0 0 0 1 4 3 3 1 1 4 4 0 0 3 3 1 3 1 1 1 1 3 3 1 1 0 0 0 0 2 2 2 2 3 3 3 3 3 3 2 4 1 1 2 1 2 2 2 2 3 4 3 3 4 2 0 0 0 0 0 0 0 0 0 0 0 0 0 0 1 4 3 3 0 0 4 4 2 2 4 4 3 3 2 4 3 1 0 0 0 0 1 1 4 2 2 4 3 4 4 2 2 4 2 4 0 0 3 1 1 1 2 4 3 4 4 4 0 0 2 4 3 4
YUB_MAC_2016_070 2 1 1 2 4 4 4 4 0 0 2 1 3 1 4 4 2 2 0 0 4 2 1 1 4 4 4 4 3 3 4 3 2 2 0 0 2 2 2 2 4 2 4 4 2 2 0 0 2 4 3 1 2 4 1 3 0 0 4 4 2 2 4 2 1 3 1 2 1 1 3 3 1 3 4 4 3 3 1 3 1 1 1 1 4 4 0 0 2 4 1 2 3 1 3 4 3 4 3 2 1 4 2 2 1 1 4 4 0 0 0 0 3 3 1 3 3 3 3 3 2 2 4 4 0 0 2 2 0 0 2 2 2 2 2 2 4 4 3 3 1 1 4 4 1 1 1 1 3 3 0 0 0 0 0 0 3 2 1 3 1 1 0 0 0 0 1 1 0 0 2 2 2 1 2 1 3 3 1 3 3 3 0 0 1 1 2 2 2 2 2 2 3 3 1 3 4 2 1 1 2 4 1 4 2 2 2 1 2 1 3 3 1 4 3 3 0 0 4 4 2 2 4 4 3 3 2 2 1 1 4 4 0 0 1 2 4 2 2 4 3 4 4 2 2 4 2 2 3 1 0 0 0 0 4 4 4 4 2 4 4 4 4 4 0 0
YUB_MAC_2016_072 2 2 1 1 0 0 0 0 4 3 2 2 3 1 4 2 2 2 0 0 2 2 1 1 0 0 0 0 0 0 4 3 2 2 2 2 2 1 2 2 4 4 4 4 2 2 0 0 2 4 0 0 0 0 0 0 0 0 0 0 2 2 0 0 0 0 0 0 0 0 3 3 1 3 0 0 4 3 1 1 1 3 0 0 4 2 1 1 2 4 1 2 3 1 3 4 3 4 3 2 4 4 0 0 1 1 4 4 3 3 2 2 3 3 1 3 3 3 3 3 2 2 4 4 0 0 2 2 0 0 0 0 2 2 0 0 4 4 3 3 1 1 4 4 1 1 1 1 0 0 1 1 4 4 3 1 3 3 1 3 0 0 1 1 0 0 3 1 2 1 2 2 2 2 2 2 3 3 1 1 3 3 2 4 0 0 2 1 2 2 2 2 3 3 0 0 2 2 1 1 2 2 1 1 0 0 2 2 2 2 3 3 1 1 3 3 0 0 4 2 2 4 4 4 3 3 2 2 3 1 4 2 4 4 1 1 4 2 2 2 3 3 4 4 0 0 2 2 0 0 3 1 1 1 0 0 0 0 2 2 0 0 0 0 0 0
YUB_MAC_2016_074 2 2 1 1 0 0 4 4 4 3 2 2 3 1 4 2 2 2 2 2 4 2 1 1 4 4 4 4 3 3 0 0 2 2 2 1 2 2 2 2 4 4 4 4 2 2 4 4 2 4 3 3 2 2 1 1 1 1 4 4 2 2 4 2 1 3 1 1 1 1 3 1 1 1 4 4 4 3 1 3 1 1 1 1 4 2 1 1 2 4 1 2 3 1 3 4 3 4 3 2 4 4 2 4 1 1 4 4 3 3 2 2 3 3 3 3 3 1 3 1 2 4 4 2 2 2 2 2 3 3 2 2 2 1 2 2 4 4 3 3 1 1 4 4 1 1 1 1 3 3 1 1 4 4 3 1 3 2 1 3 1 1 1 1 3 3 3 1 2 2 0 0 2 2 2 2 3 3 1 1 3 3 2 4 1 1 2 1 2 2 2 2 3 3 3 3 2 2 1 1 2 2 1 1 2 2 0 0 2 2 3 3 1 1 3 3 3 1 4 2 2 4 4 4 3 3 2 2 1 1 4 2 4 4 1 2 4 4 2 4 3 4 4 2 2 4 0 0 0 0 3 1 1 1 2 4 4 4 2 2 4 4 4 4 4 4
YUB_MAC_2016_076 2 2 1 1 4 4 4 4 3 3 2 2 3 1 4 4 2 2 2 4 2 2 1 1 4 3 4 1 3 2 3 3 2 2 2 2 2 2 2 2 4 2 4 4 2 2 0 0 2 2 3 1 0 0 1 1 0 0 4 4 2 2 2 2 3 3 1 2 1 1 1 1 1 1 4 4 3 3 1 1 1 1 1 1 0 0 1 1 0 0 0 0 3 1 3 3 3 3 3 3 1 4 2 2 1 1 4 4 3 3 2 2 0 0 3 3 3 3 3 3 2 2 4 4 2 2 2 2 3 2 2 2 0 0 2 2 4 4 3 3 1 1 4 4 1 1 1 1 3 3 1 1 4 4 3 1 3 3 3 3 1 1 1 1 3 3 3 3 0 0 0 0 2 2 0 0 3 3 1 1 3 3 2 4 1 1 2 1 2 2 2 2 3 3 3 3 2 2 1 3 2 2 1 1 2 2 2 1 2 1 3 3 1 1 3 3 1 1 4 4 2 2 4 4 3 3 0 0 3 1 2 2 4 4 1 1 4 4 4 4 3 4 0 0 2 4 2 4 0 0 0 0 1 1 2 2 3 4 2 2 4 4 2 2 3 3
YUB_MAC_2016_077 2 2 1 1 4 4 4 4 4 3 2 2 3 1 4 4 2 2 0 0 0 0 1 1 4 4 4 4 3 3 3 3 2 2 2 2 2 2 2 2 4 4 0 0 2 2 4 2 2 4 0 0 0 0 1 1 1 1 4 4 2 2 0 0 0 0 1 2 1 1 0 0 1 3 4 4 3 3 1 3 1 3 0 0 4 4 1 1 2 4 1 2 3 1 3 4 3 4 3 2 1 4 0 0 2 1 1 4 3 4 2 2 3 1 1 3 3 3 3 3 2 2 4 4 2 2 2 2 3 2 0 0 2 1 0 0 4 4 3 3 1 1 4 4 1 1 1 1 3 3 1 1 4 4 0 0 3 3 3 3 1 1 1 1 3 3 0 0 2 1 2 2 2 2 2 2 3 3 1 1 3 3 2 4 0 0 2 1 2 2 2 2 4 4 1 3 2 2 0 0 2 2 1 1 2 2 2 1 2 1 0 0 1 1 3 4 0 0 0 0 0 0 4 4 3 3 2 2 3 1 4 2 0 0 1 1 4 2 2 4 4 4 2 2 0 0 2 2 3 3 0 0 1 2 2 2 4 4 0 0 0 0 2 4 3 4
YUB_MAC_2016_078 2 2 1 1 0 0 4 3 4 3 2 2 3 1 4 4 2 2 2 2 2 2 1 1 4 4 4 4 3 3 4 3 0 0 0 0 2 2 2 4 4 4 4 1 2 2 4 4 0 0 0 0 2 2 1 1 1 1 0 0 2 2 4 2 1 3 1 2 1 1 3 3 1 1 4 4 0 0 1 3 1 1 1 1 4 2 0 0 2 2 1 1 3 3 3 3 3 3 3 3 1 4 2 2 0 0 0 0 3 3 0 0 3 3 0 0 3 1 3 1 2 4 4 2 0 0 2 4 3 2 0 0 0 0 0 0 4 4 3 3 1 1 4 4 1 1 1 1 3 3 1 1 4 1 3 1 3 2 1 3 1 1 1 1 0 0 3 3 2 2 0 0 2 2 0 0 3 3 0 0 3 1 2 2 1 3 2 2 0 0 2 2 0 0 0 0 2 2 0 0 0 0 1 1 2 2 0 0 0 0 3 1 0 0 0 0 3 1 4 2 2 2 4 4 3 3 2 2 1 1 0 0 0 0 0 0 2 2 2 2 3 4 4 2 2 4 0 0 0 0 0 0 1 1 2 2 3 3 0 0 4 4 0 0 0 0
YUB_MAC_2016_079 2 1 1 2 0 0 0 0 0 0 2 2 3 1 4 4 2 2 2 2 4 4 0 0 3 3 1 1 0 0 3 3 2 2 2 2 0 0 2 4 4 4 0 0 2 4 0 0 0 0 0 0 0 0 1 1 0 0 4 4 2 1 0 0 0 0 1 2 1 1 3 1 1 3 0 0 4 3 1 1 0 0 0 0 0 0 0 0 2 4 1 2 3 1 3 4 3 4 3 2 0 0 2 2 0 0 0 0 3 3 2 2 0 0 1 1 0 0 0 0 0 0 0 0 0 0 2 2 0 0 0 0 0 0 2 3 4 3 3 4 1 3 4 3 0 0 0 0 0 0 0 0 4 4 3 1 3 3 1 3 1 1 1 1 0 0 0 0 0 0 0 0 2 2 2 2 3 3 1 1 3 3 2 4 0 0 2 1 0 0 0 0 3 4 1 3 0 0 0 0 0 0 0 0 0 0 2 1 2 1 3 3 1 1 3 3 0 0 4 2 2 4 4 4 3 3 2 2 1 1 0 0 0 0 1 2 2 2 0 0 3 3 4 4 0 0 2 2 0 0 0 0 0 0 0 0 3 4 0 0 0 0 0 0 0 0
YUB_MAC_2016_083 0 0 0 0 4 4 0 0 3 3 2 2 3 1 4 4 2 2 0 0 0 0 1 1 4 3 4 1 3 2 0 0 0 0 0 0 2 2 2 4 0 0 4 4 0 0 0 0 0 0 0 0 0 0 1 1 0 0 0 0 2 2 0 0 0 0 0 0 0 0 0 0 1 3 0 0 0 0 3 3 0 0 0 0 0 0 0 0 2 4 1 2 3 1 3 4 3 4 3 2 1 4 0 0 0 0 0 0 3 3 2 2 3 3 1 3 0 0 3 3 2 2 4 4 0 0 2 2 0 0 0 0 0 0 2 2 4 4 3 3 1 1 4 4 0 0 0 0 3 3 0 0 0 0 1 1 3 3 0 0 1 1 0 0 2 3 3 1 0 0 0 0 2 2 2 2 3 3 0 0 0 0 0 0 0 0 0 0 2 2 2 1 3 4 1 3 4 2 0 0 0 0 0 0 0 0 0 0 2 2 0 0 0 0 0 0 0 0 0 0 0 0 4 4 3 3 0 0 3 1 4 2 3 4 0 0 0 0 2 2 3 3 4 4 0 0 0 0 0 0 0 0 0 0 0 0 0 0 4 4 4 4 4 4 4 4
YUB_MAC_2016_085 0 0 0 0 0 0 4 4 0 0 0 0 3 1 4 2 2 2 2 2 4 2 1 1 4 3 4 1 3 2 0 0 2 2 0 0 2 2 0 0 4 2 0 0 2 2 0 0 2 4 3 1 2 2 1 1 1 1 4 1 2 2 0 0 0 0 1 1 1 1 3 1 0 0 4 2 0 0 1 3 0 0 0 0 4 2 1 1 2 4 1 2 3 1 3 4 3 4 3 2 1 4 0 0 0 0 0 0 0 0 0 0 3 3 3 3 3 3 0 0 0 0 0 0 2 2 0 0 0 0 0 0 0 0 0 0 4 4 3 3 1 1 4 4 1 1 1 1 3 4 1 1 4 4 0 0 3 3 0 0 0 0 0 0 0 0 0 0 2 2 0 0 2 2 2 2 3 3 1 1 3 3 0 0 0 0 0 0 0 0 2 2 3 3 0 0 0 0 1 1 2 2 1 1 0 0 0 0 2 2 3 3 0 0 0 0 0 0 0 0 0 0 1 1 3 3 2 2 3 1 0 0 0 0 0 0 4 2 4 4 0 0 0 0 0 0 0 0 0 0 0 0 1 1 0 0 3 4 4 4 4 4 4 4 0 0
YUB_MAC_2016_086 0 0 0 0 0 0 0 0 3 3 2 2 3 1 4 4 2 2 2 2 2 2 0 0 3 3 1 1 2 2 4 3 2 2 2 2 2 2 2 2 4 4 4 4 2 2 0 0 2 4 0 0 2 2 0 0 0 0 4 4 2 2 0 0 0 0 0 0 1 1 3 1 0 0 4 4 0 0 0 0 0 0 0 0 2 2 1 3 2 4 1 2 3 1 3 4 3 4 3 2 1 4 0 0 1 1 4 4 3 3 2 2 0 0 0 0 3 3 3 3 2 2 4 4 0 0 0 0 0 0 0 0 0 0 0 0 4 4 3 3 1 1 4 4 0 0 0 0 0 0 0 0 0 0 0 0 3 3 1 1 0 0 1 1 0 0 3 1 0 0 0 0 0 0 0 0 3 3 1 1 3 3 0 0 0 0 0 0 2 2 2 2 0 0 0 0 0 0 0 0 0 0 0 0 2 2 0 0 2 2 0 0 0 0 0 0 0 0 0 0 0 0 4 4 3 3 2 2 0 0 0 0 0 0 0 0 4 2 2 4 0 0 0 0 0 0 2 4 3 3 0 0 0 0 0 0 3 4 2 4 0 0 0 0 0 0
YUB_MAC_2016_087 2 1 1 1 0 0 4 4 4 3 2 2 3 1 2 2 2 2 2 2 4 2 1 4 4 3 4 1 3 2 4 3 2 2 2 2 2 2 2 2 4 4 0 0 2 2 0 0 2 4 0 0 2 2 0 0 0 0 0 0 0 0 0 0 0 0 1 1 1 1 0 0 1 1 4 4 4 3 3 3 0 0 1 1 0 0 0 0 2 4 1 2 3 1 3 4 3 4 3 2 0 0 0 0 1 1 4 4 3 3 0 0 3 3 3 3 0 0 3 3 2 2 4 4 2 2 2 2 0 0 2 1 2 1 0 0 4 4 3 3 1 1 4 4 1 3 0 0 0 0 1 1 4 4 0 0 3 3 1 3 1 1 1 4 0 0 1 1 0 0 0 0 2 2 0 0 3 1 0 0 3 1 0 0 0 0 0 0 0 0 0 0 0 0 0 0 2 2 0 0 2 2 1 1 0 0 0 0 0 0 3 3 1 1 3 3 0 0 0 0 0 0 4 4 3 3 2 2 3 1 4 2 0 0 1 2 4 4 2 4 0 0 0 0 0 0 0 0 0 0 0 0 1 1 2 4 3 4 2 2 0 0 2 4 0 0
YUB_MAC_2016_088 0 0 0 0 4 1 4 4 4 3 2 2 3 1 4 4 2 2 0 0 0 0 1 4 4 3 4 1 3 2 4 3 2 2 2 2 2 2 2 4 4 4 4 4 2 2 4 4 2 4 0 0 2 2 1 1 1 1 4 4 2 2 0 0 1 1 1 2 1 1 1 1 1 1 4 4 3 3 1 3 0 0 0 0 0 0 1 1 2 2 1 1 3 3 0 0 0 0 0 0 1 4 0 0 1 1 0 0 3 3 2 2 3 3 0 0 3 3 3 3 2 2 0 0 2 2 2 2 0 0 0 0 2 1 0 0 0 0 0 0 0 0 0 0 0 0 0 0 0 0 0 0 0 0 0 0 0 0 0 0 0 0 1 1 3 3 0 0 0 0 2 4 0 0 0 0 3 3 0 0 3 3 0 0 0 0 0 0 2 2 0 0 3 3 1 3 0 0 1 1 2 2 1 1 2 2 0 0 2 2 3 3 1 1 0 0 1 1 4 2 2 4 4 4 3 3 0 0 1 1 0 0 0 0 1 1 4 2 2 4 3 3 4 4 2 2 0 0 0 0 0 0 0 0 2 2 0 0 2 4 0 0 2 4 0 0
YUB_MAC_2016_089 0 0 0 0 0 0 4 4 0 0 2 2 3 1 4 2 2 2 0 0 4 2 0 0 0 0 0 0 0 0 4 3 0 0 2 2 2 2 0 0 0 0 0 0 2 2 0 0 0 0 0 0 2 2 1 1 1 1 4 4 0 0 0 0 0 0 0 0 1 1 1 1 0 0 0 0 0 0 0 0 1 1 0 0 4 2 1 1 2 4 1 2 3 1 3 4 3 4 3 2 0 0 0 0 0 0 0 0 3 3 2 2 3 3 3 3 3 3 3 3 2 2 4 4 0 0 0 0 0 0 0 0 0 0 0 0 4 4 0 0 0 0 0 0 1 1 1 1 3 3 1 1 4 4 3 1 3 3 0 0 1 1 0 0 2 3 0 0 0 0 0 0 0 0 0 0 3 3 0 0 0 0 2 4 1 1 2 1 2 2 2 2 0 0 0 0 0 0 0 0 2 2 1 1 0 0 2 1 2 1 0 0 1 1 3 3 0 0 4 4 2 2 4 4 3 1 2 2 0 0 0 0 0 0 0 0 4 2 2 4 0 0 0 0 0 0 2 4 0 0 0 0 1 1 0 0 3 4 2 2 4 4 2 4 3 4
YUB_MAC_2016_090 0 0 1 1 0 0 0 0 0 0 0 0 3 1 4 2 2 2 0 0 0 0 0 0 0 0 0 0 0 0 0 0 0 0 2 2 2 2 4 4 4 4 0 0 2 2 4 4 0 0 0 0 0 0 0 0 0 0 0 0 0 0 0 0 0 0 0 0 0 0 0 0 0 0 0 0 0 0 1 3 0 0 1 1 4 4 0 0 2 2 1 1 3 3 0 0 0 0 0 0 0 0 0 0 0 0 0 0 0 0 0 0 3 3 0 0 0 0 0 0 0 0 0 0 0 0 2 2 0 0 0 0 0 0 0 0 4 4 3 3 1 1 4 4 0 0 0 0 3 3 1 4 4 4 0 0 0 0 3 3 0 0 1 1 0 0 3 1 0 0 0 0 2 2 2 2 0 0 0 0 0 0 0 0 0 0 0 0 0 0 0 0 0 0 3 3 0 0 0 0 0 0 0 0 0 0 0 0 0 0 0 0 0 0 0 0 0 0 4 2 0 0 0 0 0 0 0 0 1 1 0 0 0 0 1 1 0 0 0 0 3 4 4 2 2 4 0 0 0 0 0 0 0 0 0 0 4 4 2 2 0 0 0 0 0 0


0 0
0 0




0 0
0 0
0
0
0
0
0
0
