colony_input
colony_input
12
139
882406
1
2
1
0
0 0
0
1
0
0
1
2
0
10000
0
2
2
MK@
0@
0.01 0.01 0.01 0.01 0.01 0.01 0.01 0.01 0.01 0.01 0.01 0.01 0.01 0.01 0.01 0.01 0.01 0.01 0.01 0.01 0.01 0.01 0.01 0.01 0.01 0.01 0.01 0.01 0.01 0.01 0.01 0.01 0.01 0.01 0.01 0.01 0.01 0.01 0.01 0.01 0.01 0.01 0.01 0.01 0.01 0.01 0.01 0.01 0.01 0.01 0.01 0.01 0.01 0.01 0.01 0.01 0.01 0.01 0.01 0.01 0.01 0.01 0.01 0.01 0.01 0.01 0.01 0.01 0.01 0.01 0.01 0.01 0.01 0.01 0.01 0.01 0.01 0.01 0.01 0.01 0.01 0.01 0.01 0.01 0.01 0.01 0.01 0.01 0.01 0.01 0.01 0.01 0.01 0.01 0.01 0.01 0.01 0.01 0.01 0.01 0.01 0.01 0.01 0.01 0.01 0.01 0.01 0.01 0.01 0.01 0.01 0.01 0.01 0.01 0.01 0.01 0.01 0.01 0.01 0.01 0.01 0.01 0.01 0.01 0.01 0.01 0.01 0.01 0.01 0.01 0.01 0.01 0.01 0.01 0.01 0.01 0.01 0.01 0.01
0.01 0.01 0.01 0.01 0.01 0.01 0.01 0.01 0.01 0.01 0.01 0.01 0.01 0.01 0.01 0.01 0.01 0.01 0.01 0.01 0.01 0.01 0.01 0.01 0.01 0.01 0.01 0.01 0.01 0.01 0.01 0.01 0.01 0.01 0.01 0.01 0.01 0.01 0.01 0.01 0.01 0.01 0.01 0.01 0.01 0.01 0.01 0.01 0.01 0.01 0.01 0.01 0.01 0.01 0.01 0.01 0.01 0.01 0.01 0.01 0.01 0.01 0.01 0.01 0.01 0.01 0.01 0.01 0.01 0.01 0.01 0.01 0.01 0.01 0.01 0.01 0.01 0.01 0.01 0.01 0.01 0.01 0.01 0.01 0.01 0.01 0.01 0.01 0.01 0.01 0.01 0.01 0.01 0.01 0.01 0.01 0.01 0.01 0.01 0.01 0.01 0.01 0.01 0.01 0.01 0.01 0.01 0.01 0.01 0.01 0.01 0.01 0.01 0.01 0.01 0.01 0.01 0.01 0.01 0.01 0.01 0.01 0.01 0.01 0.01 0.01 0.01 0.01 0.01 0.01 0.01 0.01 0.01 0.01 0.01 0.01 0.01 0.01 0.01
SFH_4BO_2016_017 4 4 2 2 1 1 4 4 0 0 0 0 2 2 2 2 4 4 3 1 1 1 2 2 2 2 4 4 4 4 3 3 4 4 0 0 0 0 0 0 1 3 3 3 3 3 3 3 0 0 0 0 0 0 0 0 2 4 0 0 0 0 1 1 4 4 2 1 1 1 2 2 4 2 0 0 3 3 0 0 4 4 0 0 0 0 0 0 1 1 2 2 1 1 0 0 0 0 0 0 0 0 1 4 0 0 3 3 1 1 0 0 0 0 1 3 3 3 2 2 4 4 2 3 4 2 0 0 0 0 0 0 3 3 0 0 2 2 3 3 0 0 1 1 4 4 3 1 3 2 1 4 4 1 0 0 1 1 3 3 2 2 4 1 0 0 1 1 0 0 0 0 3 3 0 0 3 3 0 0 3 1 0 0 2 2 1 1 0 0 2 2 1 1 1 1 1 1 3 3 3 3 3 3 2 2 0 0 0 0 2 4 1 3 1 2 2 4 1 4 4 3 3 1 4 3 3 4 2 4 3 4 3 1 0 0 1 1 3 3 3 3 3 2 2 4 3 3 4 4 0 0 0 0 0 0 3 3 3 3 4 4 0 0 1 1 0 0 3 3 4 4 0 0 0 0 0 0
SFH_4BO_2016_018 4 4 0 0 0 0 4 4 4 4 1 1 2 2 2 2 4 4 3 1 1 1 0 0 2 2 4 4 4 4 3 3 0 0 2 2 1 3 4 4 1 3 3 1 0 0 0 0 1 1 4 4 4 4 2 2 2 4 4 4 3 3 1 1 0 0 2 1 0 0 1 2 2 2 1 1 3 4 3 3 4 3 4 4 1 3 4 2 1 1 2 4 1 2 3 1 3 4 3 4 3 2 4 4 0 0 3 3 1 1 0 0 0 0 1 1 3 3 0 0 0 0 2 2 4 4 1 1 1 1 0 0 0 0 0 0 0 0 3 3 1 1 0 0 0 0 0 0 2 2 1 4 4 1 0 0 0 0 3 3 2 2 4 4 0 0 1 1 2 2 2 2 3 3 3 3 0 0 1 3 3 3 0 0 2 2 1 1 4 2 2 2 1 1 1 1 1 1 3 3 0 0 3 4 2 2 1 1 0 0 2 4 1 3 1 2 2 4 1 4 4 3 3 1 4 3 3 4 2 4 3 4 3 1 0 0 1 1 3 3 3 3 3 3 2 4 3 4 4 2 2 4 2 2 2 2 4 3 4 3 4 4 0 0 1 1 2 2 4 4 4 4 0 0 4 4 0 0
SFH_4BO_2016_019 4 4 2 2 1 1 4 2 0 0 1 1 2 2 2 2 0 0 3 1 1 1 0 0 2 4 4 4 4 4 0 0 4 4 0 0 1 3 4 4 1 3 3 1 0 0 0 0 0 0 0 0 4 2 2 4 2 4 4 4 3 3 1 1 4 4 2 1 1 1 1 1 0 0 1 1 3 3 3 3 4 3 3 3 3 3 4 4 1 1 2 4 1 2 3 1 3 4 3 4 3 2 4 4 0 0 3 3 1 3 0 0 0 0 0 0 3 3 2 2 4 4 2 2 4 4 1 1 1 1 2 2 3 3 4 4 2 2 3 3 1 1 1 1 4 4 3 1 2 2 1 4 4 4 3 3 1 1 3 3 2 2 0 0 2 2 1 4 2 2 2 2 3 3 0 0 0 0 0 0 3 3 1 3 0 0 0 0 4 2 2 2 1 1 1 1 1 1 3 3 3 3 3 3 0 0 1 1 1 1 2 4 1 3 1 2 2 4 1 4 4 3 3 1 4 3 3 4 2 4 3 4 3 1 2 2 1 1 3 3 3 3 3 2 2 4 3 4 4 2 2 4 2 2 2 4 3 3 3 3 4 4 0 0 1 1 2 2 3 4 4 2 0 0 4 4 0 0
SFH_4BO_2016_020 4 4 2 1 1 2 4 4 4 4 1 1 2 2 2 2 4 4 3 1 1 1 0 0 2 2 4 4 4 4 3 3 4 4 2 2 3 3 4 4 1 1 1 1 3 3 3 3 1 4 4 3 4 4 2 2 2 4 4 4 3 1 1 1 4 4 2 2 1 1 1 1 2 2 1 1 0 0 0 0 4 4 3 3 3 3 0 0 1 1 2 4 1 2 3 1 3 4 3 4 3 2 0 0 0 0 3 3 1 1 0 0 0 0 1 1 3 3 2 2 4 4 2 3 4 4 1 3 1 1 0 0 3 3 4 4 2 2 3 3 1 1 1 1 4 4 3 3 2 2 1 1 0 0 3 3 1 1 3 3 2 2 4 4 0 0 1 1 0 0 0 0 0 0 3 3 0 0 0 0 3 1 1 1 2 2 1 1 4 2 0 0 0 0 0 0 0 0 0 0 0 0 0 0 2 2 1 1 3 1 2 4 1 3 1 2 2 4 1 4 4 3 3 1 4 3 3 4 2 4 3 4 3 1 2 2 1 1 3 3 3 3 3 3 2 4 0 0 0 0 0 0 2 2 2 2 3 3 3 3 4 4 3 1 1 1 2 2 0 0 4 4 3 3 2 4 3 4
SFH_4BO_2016_021 4 4 2 1 1 2 4 4 0 0 0 0 0 0 0 0 0 0 3 1 1 1 0 0 2 2 4 4 4 4 3 3 4 4 0 0 0 0 4 4 1 1 3 3 3 1 3 3 1 1 4 4 4 4 2 2 4 4 2 4 3 3 2 1 4 2 2 2 1 3 1 2 2 2 3 3 3 4 3 3 4 3 0 0 3 3 4 2 1 1 2 4 1 2 3 1 3 4 3 4 3 2 0 0 0 0 3 3 1 1 4 4 2 2 1 1 3 3 2 2 4 4 2 2 4 4 1 1 1 1 0 0 3 3 4 2 2 2 3 3 1 1 0 0 0 0 3 1 3 2 4 4 4 4 3 3 0 0 3 3 2 2 4 4 2 2 1 1 2 2 2 2 3 1 1 3 0 0 0 0 3 3 1 1 2 2 1 1 2 2 2 4 1 1 1 1 1 1 3 3 3 3 3 3 0 0 1 4 1 1 2 4 1 3 1 2 2 4 1 4 4 3 3 1 4 3 3 4 2 4 3 4 3 1 2 2 4 4 3 3 3 3 2 2 4 4 3 3 4 4 2 2 2 2 0 0 3 3 3 3 4 4 0 0 1 1 2 2 3 4 4 4 3 3 4 4 4 4
SFH_4BO_2016_022 4 4 0 0 0 0 4 4 4 1 1 1 2 2 2 2 0 0 1 1 1 1 0 0 2 2 4 4 4 4 3 3 4 4 0 0 0 0 0 0 1 1 3 1 3 3 3 3 1 1 4 4 0 0 0 0 2 4 0 0 0 0 1 1 0 0 0 0 1 1 0 0 2 2 0 0 3 3 3 3 4 3 4 4 1 3 4 2 1 1 2 4 1 2 3 1 3 4 3 4 3 2 4 4 0 0 3 3 1 1 4 4 2 2 0 0 3 3 2 2 4 4 2 2 4 4 0 0 0 0 0 0 3 3 4 4 2 2 0 0 0 0 1 1 4 1 0 0 3 2 1 4 4 1 3 3 0 0 3 3 0 0 0 0 2 2 1 1 2 2 2 2 0 0 3 3 0 0 1 1 3 3 0 0 2 2 1 1 4 2 2 2 0 0 0 0 0 0 0 0 0 0 3 3 2 2 0 0 0 0 2 4 1 3 1 2 2 4 1 4 4 3 3 1 4 3 3 4 2 4 3 4 3 1 2 2 1 1 3 3 3 3 3 2 2 4 0 0 0 0 2 4 2 2 0 0 0 0 0 0 4 4 0 0 1 1 2 2 3 4 4 2 3 3 4 4 0 0
SFH_4BO_2016_023 4 4 2 2 1 1 4 2 0 0 1 1 2 4 2 1 4 4 3 1 1 1 0 0 2 2 4 4 4 4 3 3 4 4 2 2 3 3 4 4 1 1 3 1 3 3 3 3 0 0 0 0 0 0 0 0 4 4 2 4 0 0 0 0 4 4 2 1 1 1 1 2 0 0 3 1 3 4 3 3 4 4 0 0 0 0 4 2 1 1 2 4 1 2 3 1 3 4 3 4 3 2 1 4 0 0 3 3 1 1 4 4 2 4 1 1 3 3 2 2 4 4 2 2 4 4 1 1 2 1 0 0 3 3 4 4 2 2 0 0 0 0 1 1 4 4 0 0 3 2 1 4 4 4 3 3 0 0 3 3 0 0 0 0 2 2 1 1 2 1 2 2 3 3 0 0 3 3 0 0 3 3 1 1 2 2 1 1 4 2 0 0 0 0 0 0 0 0 0 0 0 0 0 0 0 0 1 1 1 1 2 4 1 3 1 2 2 4 1 4 4 3 3 1 4 3 3 4 2 4 3 4 3 1 2 2 1 1 3 3 3 3 3 2 2 4 3 3 4 4 0 0 2 2 0 0 3 3 3 3 4 4 0 0 1 2 2 4 3 4 4 4 3 3 4 4 4 4
SFH_4BO_2016_024 4 4 0 0 0 0 4 4 0 0 0 0 0 0 0 0 0 0 3 1 0 0 0 0 2 2 0 0 0 0 0 0 0 0 0 0 0 0 4 1 1 1 0 0 3 3 3 1 0 0 0 0 4 4 2 2 4 4 2 4 0 0 0 0 0 0 2 1 0 0 0 0 0 0 0 0 3 4 0 0 0 0 0 0 0 0 0 0 0 0 0 0 0 0 0 0 0 0 0 0 0 0 0 0 0 0 0 0 0 0 4 4 2 2 0 0 0 0 0 0 0 0 0 0 0 0 0 0 0 0 0 0 0 0 0 0 0 0 0 0 0 0 0 0 0 0 0 0 2 2 0 0 0 0 0 0 0 0 0 0 0 0 0 0 0 0 1 1 0 0 2 2 3 3 0 0 0 0 1 3 0 0 0 0 0 0 0 0 0 0 0 0 0 0 0 0 0 0 0 0 0 0 0 0 0 0 0 0 0 0 2 4 1 3 1 2 2 4 1 4 4 3 3 1 4 3 3 4 2 4 3 4 3 1 2 2 0 0 3 1 0 0 3 2 2 4 0 0 0 0 0 0 2 2 0 0 0 0 0 0 0 0 0 0 1 1 0 0 3 4 4 4 0 0 2 4 3 4
SFH_4BO_2016_025 4 2 2 1 1 2 4 4 4 4 1 2 0 0 0 0 4 4 3 1 1 3 4 2 2 2 4 4 4 4 3 3 4 1 0 0 0 0 0 0 1 1 3 3 3 3 3 3 0 0 0 0 4 4 2 2 2 2 4 4 3 3 2 1 4 4 1 1 1 1 1 2 0 0 3 1 3 3 3 1 0 0 4 4 0 0 2 2 1 1 0 0 0 0 0 0 0 0 0 0 0 0 4 4 2 4 3 1 1 1 4 2 2 2 0 0 0 0 0 0 0 0 2 2 4 4 1 1 0 0 2 3 3 4 4 4 2 2 3 1 1 3 1 1 4 4 3 3 3 3 4 4 4 4 3 3 0 0 3 3 2 1 0 0 2 2 1 1 2 2 0 0 3 1 3 3 3 1 0 0 3 3 1 1 2 2 1 1 4 2 2 2 0 0 0 0 0 0 0 0 0 0 3 3 2 2 1 4 1 1 2 2 1 1 1 1 2 2 1 1 4 4 3 3 4 4 3 3 2 2 3 3 3 3 2 2 0 0 3 3 3 3 3 3 4 4 3 3 4 4 2 2 2 2 0 0 4 3 4 3 4 4 3 1 1 1 2 2 3 3 4 4 3 1 4 4 0 0
SFH_4BO_2016_026 4 4 2 2 1 1 4 4 4 4 1 1 2 2 2 2 4 4 3 1 1 1 4 4 2 2 4 4 4 4 3 3 4 4 2 4 1 3 4 4 1 1 0 0 3 3 3 3 1 1 4 4 4 4 2 2 2 4 4 4 3 3 2 1 4 4 2 1 1 1 1 1 2 2 3 3 3 3 3 3 4 3 3 4 1 3 2 2 1 1 2 4 1 2 3 1 3 4 3 4 3 2 4 4 4 4 3 3 1 1 4 4 2 2 1 1 3 1 2 4 4 2 2 2 4 4 1 1 1 1 2 2 3 3 4 4 2 4 3 3 1 1 1 1 4 4 3 3 2 2 4 4 4 4 3 3 1 3 3 1 2 2 4 4 0 0 1 1 2 2 2 2 3 3 3 3 3 3 1 1 3 3 1 1 2 2 1 1 4 2 2 2 1 2 1 2 1 3 3 4 3 4 3 3 2 2 1 4 3 1 2 4 1 3 1 2 2 4 1 4 4 3 3 1 4 3 3 4 2 4 3 4 3 1 4 2 4 1 3 3 3 3 3 2 4 4 3 4 4 2 2 4 2 4 2 4 4 3 4 3 4 4 3 1 1 2 2 2 3 4 4 4 3 1 4 4 4 4
SFH_4BO_2016_027 4 4 2 2 1 1 4 4 4 4 1 1 2 2 2 2 4 3 3 1 1 1 2 2 2 2 4 4 4 4 3 3 4 4 2 2 1 3 0 0 1 3 3 1 3 3 3 3 1 1 4 4 4 4 2 2 2 2 4 4 3 3 1 1 4 4 2 1 1 1 1 1 2 2 3 1 3 3 3 3 4 4 0 0 0 0 4 2 1 3 2 4 1 2 3 1 3 4 3 4 3 2 4 4 2 4 3 3 0 0 4 4 2 2 1 1 3 3 2 2 4 4 2 2 4 4 1 1 1 1 2 2 3 3 4 4 2 2 3 3 1 1 1 1 4 4 3 3 2 2 1 1 4 4 3 1 1 1 3 3 2 2 4 4 2 2 1 1 2 1 2 1 3 3 3 3 0 0 1 1 3 1 1 1 2 4 1 2 4 2 2 2 1 1 1 1 1 1 3 3 3 3 3 3 2 2 1 1 0 0 2 4 1 3 1 2 2 4 1 4 4 3 3 1 4 3 3 4 2 4 3 4 3 1 2 2 4 4 3 3 3 3 3 2 4 4 3 4 4 2 0 0 2 2 2 2 3 3 3 3 4 4 3 1 2 2 2 2 4 4 4 4 0 0 4 4 4 4
SFH_4BO_2016_028 4 4 2 2 1 1 4 4 4 4 1 1 2 2 2 2 0 0 3 1 1 1 4 2 2 2 4 3 4 1 3 2 4 4 2 2 1 3 4 4 0 0 3 3 3 3 3 3 1 1 4 4 0 0 2 2 2 4 4 4 3 3 2 1 4 4 2 1 1 1 1 1 2 2 3 3 3 3 3 3 4 4 3 3 3 3 0 0 1 1 0 0 1 1 3 3 0 0 3 3 3 3 4 4 2 4 3 3 1 1 4 4 2 2 1 1 3 3 2 2 4 4 2 3 4 4 1 1 1 1 2 2 3 3 4 4 2 4 3 3 1 1 1 4 4 4 3 3 2 2 1 4 4 1 3 3 1 1 3 3 2 2 4 4 2 1 1 1 2 2 2 2 3 1 3 3 0 0 1 1 1 1 1 1 2 2 1 1 4 2 0 0 1 1 1 1 1 1 3 3 3 3 3 3 2 1 1 4 3 1 2 4 1 3 1 2 2 4 1 4 4 3 3 1 4 3 3 4 2 4 3 4 3 1 4 2 4 4 3 3 3 1 3 3 4 4 3 4 4 2 2 4 2 2 2 4 3 3 3 3 4 2 0 0 1 1 2 2 3 4 4 4 3 3 4 4 0 0


0 0
0 0




0 0
0 0
0
0
0
0
0
0
