colony_input
colony_input
11
100
822623
1
2
1
0
0 0
0
1
0
0
1
2
0
10000
0
2
2
MK@
0@
0.01 0.01 0.01 0.01 0.01 0.01 0.01 0.01 0.01 0.01 0.01 0.01 0.01 0.01 0.01 0.01 0.01 0.01 0.01 0.01 0.01 0.01 0.01 0.01 0.01 0.01 0.01 0.01 0.01 0.01 0.01 0.01 0.01 0.01 0.01 0.01 0.01 0.01 0.01 0.01 0.01 0.01 0.01 0.01 0.01 0.01 0.01 0.01 0.01 0.01 0.01 0.01 0.01 0.01 0.01 0.01 0.01 0.01 0.01 0.01 0.01 0.01 0.01 0.01 0.01 0.01 0.01 0.01 0.01 0.01 0.01 0.01 0.01 0.01 0.01 0.01 0.01 0.01 0.01 0.01 0.01 0.01 0.01 0.01 0.01 0.01 0.01 0.01 0.01 0.01 0.01 0.01 0.01 0.01 0.01 0.01 0.01 0.01 0.01 0.01
0.01 0.01 0.01 0.01 0.01 0.01 0.01 0.01 0.01 0.01 0.01 0.01 0.01 0.01 0.01 0.01 0.01 0.01 0.01 0.01 0.01 0.01 0.01 0.01 0.01 0.01 0.01 0.01 0.01 0.01 0.01 0.01 0.01 0.01 0.01 0.01 0.01 0.01 0.01 0.01 0.01 0.01 0.01 0.01 0.01 0.01 0.01 0.01 0.01 0.01 0.01 0.01 0.01 0.01 0.01 0.01 0.01 0.01 0.01 0.01 0.01 0.01 0.01 0.01 0.01 0.01 0.01 0.01 0.01 0.01 0.01 0.01 0.01 0.01 0.01 0.01 0.01 0.01 0.01 0.01 0.01 0.01 0.01 0.01 0.01 0.01 0.01 0.01 0.01 0.01 0.01 0.01 0.01 0.01 0.01 0.01 0.01 0.01 0.01 0.01
MAG_BEA_2009_052 0 0 2 2 0 0 0 0 0 0 0 0 3 1 0 0 0 0 0 0 0 0 0 0 0 0 0 0 2 4 1 3 1 3 3 1 2 4 1 1 1 1 2 4 2 1 3 1 4 4 0 0 0 0 1 2 2 2 0 0 0 0 4 3 0 0 2 4 1 2 3 1 3 4 3 4 3 2 1 4 0 0 0 0 0 0 0 0 0 0 0 0 0 0 2 2 3 2 0 0 0 0 2 2 0 0 0 0 0 0 0 0 0 0 3 2 0 0 0 0 0 0 0 0 4 3 0 0 0 0 0 0 3 3 0 0 3 4 1 3 0 0 0 0 0 0 3 1 1 3 1 4 1 3 3 2 4 4 0 0 0 0 2 2 0 0 0 0 0 0 0 0 0 0 0 0 2 2 0 0 1 2 0 0 3 3 4 4 3 1 0 0 0 0 0 0 0 0 0 0
MAG_BEA_2009_054 2 2 2 2 4 4 0 0 0 0 0 0 3 3 2 2 0 0 4 2 0 0 4 4 4 4 3 3 2 2 1 1 1 1 0 0 2 4 1 3 1 1 2 4 2 1 3 1 4 1 0 0 3 3 1 1 4 2 0 0 0 0 4 4 4 2 2 2 1 1 3 3 0 0 0 0 0 0 1 1 0 0 4 1 0 0 1 1 0 0 0 0 0 0 2 2 3 3 0 0 0 0 2 1 3 3 0 0 0 0 3 4 3 3 0 0 2 2 0 0 2 2 0 0 4 4 2 1 2 1 0 0 3 1 0 0 0 0 0 0 2 2 1 1 2 2 3 3 1 3 1 4 1 1 3 3 4 2 4 4 1 3 0 0 3 3 4 2 3 1 2 4 4 3 4 3 2 2 3 1 0 0 0 0 3 3 4 4 3 3 0 0 0 0 2 4 2 4 3 4
MAG_BEA_2009_055 2 2 2 2 4 4 4 4 1 1 4 3 3 1 2 2 2 2 4 2 1 1 4 4 4 4 3 3 2 2 1 1 1 1 3 1 2 4 1 1 1 1 2 4 2 1 3 1 4 4 2 2 3 3 2 2 2 2 3 3 1 1 4 4 4 4 2 4 1 2 3 1 3 4 3 4 3 2 1 4 2 2 4 1 4 4 3 3 3 3 2 2 4 4 0 0 3 2 2 4 4 4 2 2 3 3 1 1 1 1 3 3 3 3 2 2 2 1 1 4 2 2 2 2 3 3 2 2 2 2 3 3 3 1 3 1 3 3 1 1 2 2 1 1 2 2 1 1 1 3 1 4 1 1 3 3 4 4 4 4 1 1 2 2 3 3 4 2 1 1 2 2 4 4 4 4 2 2 3 1 1 2 4 4 3 1 4 4 1 1 1 4 4 1 2 4 2 2 3 3
MAG_BEA_2009_057 2 1 2 2 4 4 4 3 1 1 0 0 3 3 2 2 2 2 4 2 1 1 4 4 4 4 3 3 2 4 1 3 1 1 1 1 2 2 1 1 1 1 2 4 2 1 3 1 4 4 4 4 1 1 1 2 4 2 3 3 1 1 4 4 4 4 2 4 1 2 3 1 3 4 3 4 3 2 4 4 2 2 4 4 4 4 1 3 3 3 2 2 4 4 0 0 3 3 2 2 4 4 0 0 3 3 1 1 1 1 3 4 3 1 3 3 2 1 1 4 2 2 2 2 4 4 2 2 2 2 1 3 1 1 3 3 3 3 1 1 2 2 1 1 2 2 3 3 1 1 1 4 1 1 3 3 4 4 4 4 1 1 2 2 3 3 4 2 1 1 2 2 4 4 4 4 2 2 3 1 1 2 4 4 3 3 4 4 3 1 1 1 4 1 2 4 2 4 3 4
MAG_BEA_2009_058 2 2 2 2 4 1 4 3 1 1 4 4 3 1 2 2 2 2 4 2 1 1 4 3 4 1 3 2 2 2 1 1 1 1 3 3 4 4 1 1 1 3 4 4 1 1 1 1 4 4 2 2 3 3 2 2 4 2 3 3 1 1 4 4 4 4 2 4 1 2 3 1 3 4 3 4 3 2 1 4 2 2 4 4 4 3 0 0 3 1 2 4 4 2 2 2 3 2 2 2 4 4 2 1 3 3 1 1 1 1 3 4 3 3 3 2 2 2 1 4 2 2 2 2 4 4 2 2 2 2 1 1 3 3 3 3 3 3 1 1 2 2 1 1 2 2 3 3 1 1 1 1 1 1 3 3 4 2 4 4 1 1 2 2 3 1 4 4 1 1 0 0 4 4 4 4 2 3 3 1 1 1 4 4 3 3 4 2 3 1 1 1 4 4 2 2 2 2 3 3
MAG_BEA_2009_059 2 2 2 2 4 4 4 3 1 1 4 4 3 1 2 2 2 2 4 4 1 1 4 4 4 4 3 3 2 2 1 1 1 1 3 1 2 4 1 1 1 1 2 4 2 1 3 1 4 4 4 4 1 1 2 2 2 2 3 1 1 3 4 4 4 4 2 4 1 2 3 1 3 4 3 4 3 2 1 1 2 2 4 4 4 3 1 1 3 3 2 2 4 4 0 0 3 2 2 2 4 1 2 1 3 3 1 1 1 1 3 4 3 3 2 2 2 1 1 1 2 2 2 1 4 4 2 2 2 2 1 3 1 1 3 3 3 3 1 1 2 2 1 1 2 2 3 3 1 1 1 1 1 1 3 3 4 4 4 4 1 1 2 2 3 1 4 2 1 1 0 0 4 3 4 3 2 2 3 1 1 2 2 4 3 3 4 4 3 3 1 1 4 1 2 4 2 2 3 3
MAG_BEA_2009_060 2 2 2 2 4 1 4 3 1 4 4 3 3 1 2 2 2 2 0 0 1 1 4 4 4 4 3 3 2 2 1 1 1 1 3 3 2 4 1 1 1 1 4 4 1 1 1 1 4 4 4 4 1 1 2 2 4 2 3 3 1 1 4 4 4 2 2 4 1 2 3 1 3 4 3 4 3 2 1 4 2 2 4 4 4 4 1 3 3 3 2 2 4 4 2 2 3 3 2 2 4 4 2 2 3 3 1 1 1 1 3 4 3 3 3 2 2 1 1 1 2 3 2 2 4 3 2 2 2 2 1 3 0 0 3 3 3 3 1 1 2 2 1 3 2 2 3 1 1 3 1 4 1 1 3 3 4 4 1 1 1 1 2 2 3 3 4 4 1 1 0 0 4 4 4 4 2 2 3 1 1 1 2 4 3 1 4 4 1 1 1 1 4 1 2 4 2 2 3 3
MAG_BEA_2009_061 2 1 2 2 4 1 4 3 1 1 4 4 3 1 2 2 2 2 4 2 1 4 4 4 4 4 3 3 2 2 1 1 1 1 3 3 2 4 1 1 1 1 2 4 2 1 3 1 4 4 4 2 1 3 1 2 2 2 3 3 1 1 4 4 4 4 2 4 1 2 3 1 3 4 0 0 0 0 0 0 2 2 4 4 4 4 1 3 3 3 2 2 4 4 2 3 3 3 2 2 4 4 2 2 3 1 1 3 1 4 3 4 3 3 3 2 2 1 1 1 2 2 2 2 4 4 2 2 2 2 1 1 3 1 3 3 3 3 1 1 2 2 0 0 2 2 3 3 1 1 1 1 1 1 3 3 4 4 1 1 1 1 2 4 3 1 4 4 1 1 2 2 4 4 4 4 2 2 3 1 1 1 4 4 3 1 4 4 1 1 1 1 4 1 2 4 2 4 3 4
MAG_BEA_2009_062 2 1 2 1 4 1 3 3 1 1 4 4 0 0 2 2 0 0 4 4 1 1 4 4 4 4 3 3 2 2 1 1 1 1 3 1 2 4 1 1 1 1 2 2 2 2 3 3 4 4 4 2 1 3 1 2 4 2 3 3 1 1 4 4 4 4 2 4 1 2 3 1 3 4 3 4 3 2 4 4 2 2 4 1 4 4 3 3 3 3 2 2 4 4 2 2 2 2 2 2 4 4 2 2 3 3 0 0 0 0 3 3 3 3 2 2 2 1 1 1 2 2 2 2 4 3 2 2 2 2 1 3 3 3 3 1 3 3 1 1 2 2 1 1 2 2 3 3 1 3 1 4 1 1 3 3 4 4 1 1 1 1 2 2 3 1 4 4 1 1 2 2 4 4 4 4 2 2 3 1 1 1 2 4 3 3 4 4 1 1 1 1 4 1 2 4 2 2 3 3
MAG_BEA_2009_063 2 2 0 0 0 0 3 3 1 1 4 4 3 1 2 2 2 2 0 0 1 1 4 4 4 4 3 3 2 4 1 3 1 1 3 1 2 4 1 1 1 1 2 4 2 1 3 1 4 4 4 2 1 3 1 2 4 2 3 3 1 1 4 4 4 4 2 4 1 2 3 1 3 4 3 4 3 2 1 4 2 2 4 4 4 4 1 1 3 1 2 4 4 2 0 0 3 2 2 2 4 4 2 1 3 3 1 1 1 1 3 3 3 3 2 2 1 1 1 4 2 2 2 2 4 4 2 2 2 2 1 1 1 1 3 3 3 3 1 1 2 2 0 0 2 2 3 3 1 3 1 1 1 3 3 2 4 2 4 4 1 1 2 2 3 1 0 0 1 1 2 2 4 4 4 4 2 3 3 1 1 1 4 4 3 3 4 4 3 1 1 1 4 4 2 2 2 2 3 3
MAG_BEA_2009_064 2 2 0 0 4 4 3 3 1 1 0 0 3 1 2 4 4 4 4 2 1 1 4 4 4 4 3 3 2 2 1 1 1 1 0 0 2 4 1 1 1 3 2 4 2 1 3 1 4 4 4 4 1 1 1 2 4 4 0 0 1 1 0 0 0 0 2 4 1 2 3 1 3 4 3 4 3 2 0 0 2 4 0 0 0 0 1 1 3 3 2 2 4 4 2 2 3 2 2 4 0 0 0 0 3 3 0 0 0 0 3 3 3 3 0 0 2 1 0 0 2 2 2 2 4 4 0 0 0 0 0 0 3 1 0 0 3 3 1 1 2 4 1 1 2 1 3 3 0 0 0 0 1 1 3 3 4 4 4 1 0 0 2 2 3 1 4 2 1 1 2 2 4 3 4 3 2 2 0 0 1 2 2 4 3 3 4 4 3 1 1 1 4 4 2 2 2 2 0 0


0 0
0 0




0 0
0 0
0
0
0
0
0
0
