colony_input
colony_input
20
143
847560
1
2
1
0
0 0
0
1
0
0
1
2
0
10000
0
2
2
MK@
0@
0.01 0.01 0.01 0.01 0.01 0.01 0.01 0.01 0.01 0.01 0.01 0.01 0.01 0.01 0.01 0.01 0.01 0.01 0.01 0.01 0.01 0.01 0.01 0.01 0.01 0.01 0.01 0.01 0.01 0.01 0.01 0.01 0.01 0.01 0.01 0.01 0.01 0.01 0.01 0.01 0.01 0.01 0.01 0.01 0.01 0.01 0.01 0.01 0.01 0.01 0.01 0.01 0.01 0.01 0.01 0.01 0.01 0.01 0.01 0.01 0.01 0.01 0.01 0.01 0.01 0.01 0.01 0.01 0.01 0.01 0.01 0.01 0.01 0.01 0.01 0.01 0.01 0.01 0.01 0.01 0.01 0.01 0.01 0.01 0.01 0.01 0.01 0.01 0.01 0.01 0.01 0.01 0.01 0.01 0.01 0.01 0.01 0.01 0.01 0.01 0.01 0.01 0.01 0.01 0.01 0.01 0.01 0.01 0.01 0.01 0.01 0.01 0.01 0.01 0.01 0.01 0.01 0.01 0.01 0.01 0.01 0.01 0.01 0.01 0.01 0.01 0.01 0.01 0.01 0.01 0.01 0.01 0.01 0.01 0.01 0.01 0.01 0.01 0.01 0.01 0.01 0.01 0.01
0.01 0.01 0.01 0.01 0.01 0.01 0.01 0.01 0.01 0.01 0.01 0.01 0.01 0.01 0.01 0.01 0.01 0.01 0.01 0.01 0.01 0.01 0.01 0.01 0.01 0.01 0.01 0.01 0.01 0.01 0.01 0.01 0.01 0.01 0.01 0.01 0.01 0.01 0.01 0.01 0.01 0.01 0.01 0.01 0.01 0.01 0.01 0.01 0.01 0.01 0.01 0.01 0.01 0.01 0.01 0.01 0.01 0.01 0.01 0.01 0.01 0.01 0.01 0.01 0.01 0.01 0.01 0.01 0.01 0.01 0.01 0.01 0.01 0.01 0.01 0.01 0.01 0.01 0.01 0.01 0.01 0.01 0.01 0.01 0.01 0.01 0.01 0.01 0.01 0.01 0.01 0.01 0.01 0.01 0.01 0.01 0.01 0.01 0.01 0.01 0.01 0.01 0.01 0.01 0.01 0.01 0.01 0.01 0.01 0.01 0.01 0.01 0.01 0.01 0.01 0.01 0.01 0.01 0.01 0.01 0.01 0.01 0.01 0.01 0.01 0.01 0.01 0.01 0.01 0.01 0.01 0.01 0.01 0.01 0.01 0.01 0.01 0.01 0.01 0.01 0.01 0.01 0.01
MAR_WIC_2017_001 0 0 3 3 2 1 1 2 0 0 4 4 4 4 1 1 4 4 0 0 0 0 0 0 3 1 2 4 0 0 0 0 0 0 0 0 0 0 3 3 1 1 0 0 1 1 1 1 0 0 0 0 4 1 0 0 0 0 2 2 2 2 4 4 1 1 3 3 4 4 2 4 0 0 0 0 0 0 0 0 1 1 1 1 2 2 0 0 1 1 3 3 3 3 4 4 4 3 3 3 2 2 1 1 0 0 0 0 1 1 2 4 1 2 3 1 3 4 3 4 3 2 1 1 2 4 4 4 0 0 4 3 1 3 0 0 1 1 1 1 4 4 3 3 0 0 0 0 0 0 0 0 0 0 0 0 3 3 0 0 2 1 2 3 4 3 3 4 1 3 4 3 4 2 0 0 3 3 0 0 0 0 3 3 1 1 0 0 0 0 0 0 0 0 0 0 0 0 0 0 0 0 1 1 3 3 2 2 0 0 0 0 3 3 0 0 2 2 3 3 2 2 1 1 0 0 0 0 0 0 0 0 0 0 1 4 4 4 0 0 3 3 3 3 0 0 0 0 0 0 0 0 0 0 3 3 2 2 0 0 2 2 3 1 1 1 0 0 0 0 2 4 0 0 0 0 0 0 4 4 2 2 2 2 3 3
MAR_WIC_2017_003 2 1 3 3 0 0 0 0 1 1 4 3 4 3 1 3 4 2 1 2 3 3 1 4 3 1 2 2 2 2 4 4 4 2 1 4 4 2 3 3 1 1 0 0 1 1 1 1 2 4 1 3 1 1 1 1 3 1 2 4 2 1 4 4 1 1 3 3 4 4 2 4 0 0 2 2 2 2 3 3 1 1 2 2 2 3 1 1 1 1 3 4 3 3 4 4 4 4 3 3 2 2 1 1 3 3 4 4 1 1 2 4 1 2 3 1 3 4 3 4 3 2 1 4 0 0 4 4 4 4 4 3 1 3 4 4 1 1 1 1 4 4 3 3 3 1 2 4 4 2 2 2 1 1 2 2 3 3 1 1 2 2 2 3 4 3 3 4 1 3 4 3 4 2 3 3 3 4 3 3 2 2 3 4 4 4 1 1 3 3 4 4 1 1 1 1 2 2 4 4 4 2 1 1 3 3 2 2 2 2 2 1 3 3 1 1 2 1 1 1 2 2 1 1 1 1 1 1 1 1 3 3 3 3 4 4 4 2 1 1 3 1 3 3 4 4 4 4 4 4 3 3 3 4 1 1 2 2 2 2 2 2 3 1 1 1 1 2 2 2 2 4 3 3 3 3 3 3 4 4 2 2 2 2 3 3
MAR_WIC_2017_004 2 1 3 3 2 1 1 1 1 1 4 4 4 4 1 1 4 4 1 1 3 3 1 1 3 1 2 2 2 2 4 4 4 4 1 1 4 4 3 3 1 1 4 2 1 1 1 1 2 4 1 3 4 1 1 1 3 3 2 2 2 2 4 4 1 1 3 3 4 4 2 2 1 1 2 4 2 1 3 1 1 1 2 2 2 2 1 1 1 1 3 3 3 4 4 4 4 4 3 3 2 2 1 1 4 4 4 2 1 1 2 4 1 2 3 1 3 4 3 4 3 2 1 4 2 4 4 4 4 4 4 3 1 3 4 4 1 1 1 1 4 4 3 3 3 3 2 2 4 4 2 2 1 1 2 2 3 3 1 1 2 2 2 2 4 4 3 3 1 1 4 4 4 4 3 3 3 3 3 3 2 2 3 4 1 1 1 1 3 3 4 4 1 1 1 1 2 2 4 4 2 2 1 1 3 3 2 2 2 2 2 2 3 3 3 3 2 2 3 1 2 4 1 1 1 1 1 1 1 1 3 3 3 3 4 4 4 2 1 1 3 1 3 3 1 1 4 4 4 4 3 3 3 3 1 1 2 2 2 2 2 2 3 3 1 1 1 2 2 2 2 4 3 3 3 3 3 3 4 4 2 2 2 2 3 3
MAR_WIC_2017_005 2 2 3 1 0 0 1 1 1 1 4 4 4 4 1 1 4 4 1 1 3 3 1 1 3 1 2 2 2 4 4 4 4 4 1 1 4 4 3 3 1 1 2 2 1 1 1 1 4 4 3 3 4 4 1 1 3 3 2 2 2 2 4 4 1 1 3 3 4 4 2 2 1 1 2 4 2 1 3 1 1 1 1 2 2 2 1 1 1 3 3 3 3 3 4 4 4 4 3 3 2 2 1 1 3 4 4 4 1 1 2 4 1 2 3 1 3 4 3 4 3 2 1 1 2 2 4 4 2 2 4 3 1 3 4 4 1 1 1 1 4 4 3 3 1 1 4 4 2 2 2 2 1 1 3 3 3 3 1 1 2 2 2 3 4 3 3 4 1 3 4 3 4 2 3 3 3 3 3 1 2 2 3 4 4 4 1 1 3 3 4 4 1 1 1 1 2 2 4 4 4 2 1 1 3 3 2 2 2 2 2 2 3 3 1 1 2 2 3 3 2 2 1 1 1 1 1 1 1 1 3 3 3 3 1 4 2 2 1 1 3 3 3 3 1 4 4 4 4 4 3 3 3 3 3 3 2 2 2 2 2 2 3 1 1 1 1 2 2 2 2 4 3 3 3 1 3 3 4 4 2 2 2 2 0 0
MAR_WIC_2017_008 2 2 3 3 2 2 1 1 1 1 4 4 4 4 1 1 4 4 1 1 4 3 1 1 3 1 2 2 2 2 4 4 4 4 1 1 4 4 3 3 1 1 4 4 1 1 1 1 2 2 1 1 1 1 1 1 3 3 2 2 2 2 4 4 1 1 3 3 4 4 2 4 1 1 4 4 1 1 1 1 1 1 1 2 2 2 3 1 1 1 3 3 3 3 4 4 4 4 3 3 2 2 1 1 3 3 4 4 1 1 2 4 1 2 3 1 3 4 3 4 3 2 4 4 2 4 4 4 4 4 3 3 1 3 4 4 1 1 1 1 4 4 3 3 3 1 2 4 4 2 2 2 1 1 3 3 3 3 1 1 2 2 2 2 4 4 3 3 1 1 4 4 4 4 3 3 3 3 3 3 2 2 3 4 4 4 1 1 3 3 4 4 1 1 1 1 2 2 4 4 4 2 1 1 3 3 2 2 2 2 0 0 3 3 1 1 2 2 3 3 2 2 1 1 1 1 1 1 1 1 3 3 3 3 1 1 4 2 4 1 3 3 3 3 1 1 4 4 4 4 3 3 3 3 3 1 2 2 2 2 2 3 3 1 1 1 1 2 2 2 2 4 3 3 3 3 3 3 4 4 2 2 2 2 0 0
MAR_WIC_2017_009 2 1 3 3 2 2 1 1 1 1 4 4 4 4 1 1 4 4 1 1 3 3 1 1 3 1 2 2 2 4 4 4 4 4 1 1 4 4 3 3 1 1 4 2 1 1 1 1 4 4 3 3 4 1 1 1 3 3 2 2 2 2 4 4 1 1 3 3 4 4 2 2 1 1 2 4 2 1 3 1 1 1 2 2 2 2 1 1 1 3 3 3 3 3 4 4 4 4 3 3 2 2 1 1 3 4 0 0 1 1 2 4 1 2 3 1 3 4 3 4 3 2 1 1 2 4 4 4 2 4 0 0 1 3 4 4 1 1 1 1 4 4 3 3 3 1 2 4 4 2 2 2 1 1 3 2 3 3 1 1 2 2 2 2 4 4 3 3 1 1 4 4 4 4 3 3 3 3 0 0 2 2 3 3 1 4 0 0 3 3 4 4 1 1 1 1 2 2 0 0 4 2 1 1 3 3 2 2 2 2 2 2 3 3 1 3 2 2 3 3 2 2 1 1 1 2 1 2 1 3 3 4 3 4 1 4 4 2 4 1 3 3 3 3 1 4 4 4 4 4 3 3 0 0 3 1 2 2 2 2 2 2 3 1 1 1 1 2 2 2 2 4 3 3 3 3 3 3 4 4 2 2 2 2 3 3
MAR_WIC_2017_010 2 1 3 3 2 2 1 1 1 1 4 4 4 4 1 1 4 4 1 1 4 4 1 1 3 1 2 2 2 2 4 4 4 4 1 1 4 4 3 3 1 1 4 2 4 4 1 4 2 2 1 3 4 1 1 1 3 3 2 2 2 2 4 4 1 1 3 3 4 4 2 4 1 1 2 2 2 2 3 3 1 1 1 1 2 2 3 1 1 1 3 3 3 3 4 4 4 4 3 3 2 2 1 1 3 4 4 4 1 1 2 4 1 2 3 1 3 4 3 4 3 2 1 1 2 2 4 4 2 2 3 3 1 3 4 4 1 1 1 1 4 4 3 3 3 3 2 2 4 4 0 0 1 1 3 2 3 3 1 1 2 2 2 2 4 4 3 3 1 1 4 4 4 4 3 3 3 4 3 3 2 2 3 3 1 4 1 1 3 3 4 4 1 1 1 1 2 2 4 1 4 4 1 1 3 3 2 2 0 0 2 1 3 3 1 3 2 2 3 3 2 2 1 1 1 1 1 1 1 1 3 3 3 3 1 1 4 2 4 1 3 1 3 3 1 1 4 4 4 4 3 3 3 3 3 1 0 0 0 0 2 2 3 1 1 1 1 2 2 1 2 4 3 3 3 3 3 3 4 4 2 2 2 2 3 3
MAR_WIC_2017_012 2 1 3 3 2 2 1 1 1 1 4 4 4 4 1 1 4 4 1 1 4 3 1 4 3 1 2 2 2 2 4 4 4 4 1 1 4 4 3 3 1 1 2 2 1 4 1 1 4 4 3 3 4 1 1 1 3 3 2 2 2 2 4 4 1 1 3 3 4 4 2 4 1 3 2 4 2 1 3 1 1 1 1 2 0 0 3 1 3 3 3 3 3 3 4 4 4 4 3 3 2 4 1 1 3 4 4 4 0 0 2 4 1 2 3 1 3 4 3 4 3 2 1 4 2 4 4 4 2 2 4 3 1 3 4 2 1 1 1 1 4 4 3 3 3 1 2 4 4 2 2 2 1 1 0 0 3 3 2 1 2 2 2 3 4 3 3 4 1 3 4 3 4 2 3 3 3 4 3 3 0 0 3 4 1 4 0 0 0 0 0 0 0 0 0 0 2 2 0 0 4 2 1 1 3 3 2 2 2 2 2 2 3 3 1 1 2 2 3 3 2 2 1 1 1 1 1 1 1 1 3 3 3 3 1 4 4 2 1 1 3 3 3 3 1 1 4 4 4 4 3 3 3 3 3 1 2 4 2 2 2 2 3 1 1 1 1 2 0 0 2 4 3 1 3 1 3 3 4 1 2 4 2 2 3 3
MAR_WIC_2017_013 2 2 3 3 2 2 1 1 1 1 4 4 4 4 1 1 4 4 1 1 3 3 1 1 3 1 2 2 2 2 4 4 4 4 1 1 4 4 3 3 1 1 4 2 1 1 1 1 2 4 1 3 4 1 1 1 3 3 2 2 2 2 4 4 1 1 3 3 4 4 2 4 1 1 2 4 2 1 3 1 1 1 2 2 2 2 1 1 1 3 3 3 3 4 4 4 4 4 3 3 2 2 1 1 4 4 4 4 1 1 2 4 1 2 3 1 3 4 3 4 3 2 1 4 4 4 4 4 2 4 4 3 1 3 4 4 1 1 1 1 4 4 3 3 1 1 4 4 2 2 2 2 1 1 2 2 3 3 1 1 2 2 2 3 4 3 3 4 1 3 4 3 4 2 3 3 3 3 3 1 2 2 3 4 1 4 1 1 3 3 4 4 1 1 1 1 2 2 4 4 2 2 1 1 3 3 2 2 2 2 2 2 3 3 1 3 2 2 3 1 2 2 1 1 1 1 1 1 1 1 3 3 3 3 1 4 4 2 4 1 3 1 3 3 1 4 4 4 4 4 3 3 3 3 3 1 2 2 2 2 0 0 3 1 1 1 1 2 2 2 2 4 3 3 3 1 3 3 4 4 2 2 2 2 3 3
MAR_WIC_2017_014 2 1 0 0 0 0 0 0 1 1 4 4 4 4 1 1 4 4 1 1 4 3 1 1 3 1 2 2 2 2 4 4 4 4 1 1 4 4 3 3 1 1 4 4 1 4 1 1 2 2 0 0 1 1 1 1 3 3 2 2 2 2 4 4 1 1 3 3 4 4 2 4 1 1 2 4 2 1 3 1 1 1 1 1 2 2 3 3 1 3 3 3 3 3 4 4 4 4 3 3 2 2 1 1 3 3 4 4 0 0 2 4 1 2 3 1 3 4 3 4 3 2 1 4 2 4 4 4 2 2 4 3 1 1 4 4 1 1 1 1 4 4 3 3 3 3 2 2 4 4 2 2 1 1 3 3 3 3 1 1 2 2 2 3 4 3 3 4 1 3 4 3 4 2 3 3 3 3 3 3 2 2 3 3 1 1 1 1 3 3 4 4 1 1 1 1 2 2 4 4 4 2 1 1 3 3 2 2 2 2 2 1 3 3 1 1 2 2 3 3 2 2 1 1 1 1 1 1 1 1 3 3 3 3 1 4 4 4 4 1 3 3 3 3 1 1 4 4 4 4 3 3 3 3 3 1 4 4 2 2 2 2 3 3 1 1 1 2 2 2 2 4 3 3 3 3 3 3 4 4 2 2 2 2 3 3
MAR_WIC_2017_016 1 1 3 3 2 2 1 1 1 1 4 4 4 4 1 1 4 4 1 1 4 3 1 1 3 1 2 2 2 2 4 4 4 4 1 1 4 4 3 3 1 1 4 4 1 4 1 1 2 2 1 3 1 1 1 1 3 3 2 2 2 2 4 4 1 1 3 3 4 4 2 4 1 1 2 4 2 1 3 1 1 1 1 1 2 2 3 3 1 1 3 3 3 3 4 4 4 4 3 3 2 2 1 1 3 3 4 4 1 1 2 4 1 2 3 1 3 4 3 4 3 2 1 4 2 4 4 4 2 2 3 3 3 3 4 4 1 1 1 1 4 4 3 3 3 3 2 2 4 4 2 3 1 1 3 3 3 3 1 1 2 2 2 3 4 3 3 4 1 3 4 3 4 2 3 3 3 4 3 3 2 2 3 3 1 1 1 1 3 3 4 4 1 1 1 1 2 2 4 4 4 2 1 1 3 3 2 2 2 2 2 2 3 3 1 3 2 2 3 3 2 2 1 1 1 1 1 1 1 1 3 3 3 3 1 4 4 4 4 1 3 3 3 3 1 4 4 4 4 4 3 3 3 3 3 1 2 4 0 0 2 2 3 1 1 1 1 2 2 2 2 4 3 3 3 3 3 3 4 4 2 2 2 2 3 3
MAR_WIC_2017_019 2 2 3 3 2 2 1 1 1 1 4 4 4 4 1 1 4 4 1 1 3 3 1 1 3 1 2 2 2 2 4 4 4 4 1 1 4 4 3 2 1 3 0 0 1 1 1 1 2 2 1 3 1 1 1 1 0 0 2 2 0 0 4 4 1 1 3 3 4 4 4 4 1 1 2 4 2 1 3 1 1 1 1 1 2 2 3 3 1 3 3 3 3 3 4 4 4 4 3 3 2 2 1 3 3 3 4 4 1 1 2 4 1 2 3 1 3 4 3 4 3 2 1 4 0 0 4 4 2 4 4 3 3 3 4 4 1 1 1 1 4 4 3 3 3 3 2 2 4 4 0 0 1 1 0 0 3 2 1 1 2 2 2 3 4 3 3 4 1 3 4 3 4 2 3 3 3 3 0 0 2 2 3 3 1 4 1 3 3 1 4 2 1 3 1 2 2 2 4 4 4 2 1 1 3 3 2 2 2 2 2 2 3 3 1 1 2 2 3 3 2 2 1 1 1 1 1 1 1 1 0 0 0 0 1 1 4 4 4 1 3 3 3 3 1 1 0 0 4 4 3 3 3 3 3 3 2 4 2 2 2 2 3 1 1 1 1 2 2 2 2 4 3 3 3 3 3 3 0 0 2 2 2 2 3 3
MAR_WIC_2017_020 2 2 0 0 2 2 1 1 1 1 4 4 4 4 1 1 4 4 1 1 4 4 1 1 3 1 2 2 2 2 4 4 4 4 1 1 4 4 3 3 1 1 4 2 4 4 1 1 2 2 1 3 4 1 1 1 3 3 2 2 2 2 4 4 1 1 3 3 4 4 2 4 1 1 0 0 0 0 0 0 1 1 1 1 2 2 3 1 1 1 3 4 3 3 4 4 4 4 3 3 2 2 1 1 3 4 4 4 1 1 2 4 1 2 3 1 3 4 3 4 3 2 1 4 2 2 4 4 2 4 4 3 1 1 4 4 1 1 1 1 4 4 3 3 3 1 2 4 4 2 2 2 1 1 3 2 3 3 1 1 2 2 2 2 0 0 0 0 0 0 0 0 4 2 3 3 3 4 3 3 2 1 3 3 1 4 1 1 3 3 4 4 1 1 1 1 2 2 4 4 2 2 1 1 3 3 2 2 2 2 2 2 3 3 1 3 2 2 3 3 2 2 0 0 1 1 1 1 1 1 3 3 3 3 1 1 4 2 4 1 3 1 3 3 1 1 4 4 4 1 3 4 3 3 3 3 2 4 0 0 2 2 3 1 1 1 1 2 2 2 2 4 3 3 3 3 3 3 4 4 2 2 2 2 3 3
MAR_WIC_2017_021 2 2 3 3 2 2 1 1 1 4 4 4 4 4 1 1 4 4 1 1 3 3 1 1 3 1 2 2 2 2 4 4 4 4 1 1 4 4 3 3 1 1 2 2 1 1 1 1 4 4 3 3 4 1 1 1 3 3 2 2 2 2 4 4 1 1 3 3 4 4 2 2 1 1 2 2 2 2 3 3 1 1 1 2 2 2 1 1 1 3 3 3 3 3 4 4 4 4 3 1 2 2 1 1 4 4 4 4 1 1 2 4 1 2 3 1 3 4 3 4 3 2 1 4 4 4 4 4 2 4 4 3 1 3 4 4 1 1 1 1 4 4 3 3 3 1 2 4 4 2 2 2 1 1 3 2 3 3 1 1 2 2 2 3 4 3 3 4 1 3 4 3 4 2 3 3 0 0 3 1 2 2 3 4 1 1 1 1 3 3 4 4 1 1 1 1 0 0 4 4 2 2 1 1 3 3 2 2 2 2 2 2 3 3 0 0 2 2 3 3 2 2 0 0 1 1 1 1 1 1 3 3 3 3 1 4 4 2 1 1 3 3 3 3 1 1 4 4 4 4 3 3 3 3 3 3 2 2 2 2 2 2 3 1 1 1 1 1 2 2 2 2 3 3 1 1 3 3 4 4 2 2 2 2 3 3
MAR_WIC_2017_023 2 2 0 0 2 2 1 1 1 1 4 4 4 4 1 1 4 4 1 1 3 3 1 1 3 1 2 2 2 2 4 3 4 4 1 1 4 4 3 3 1 1 4 4 1 1 1 1 2 2 1 1 1 1 1 1 3 3 2 2 2 2 4 4 1 1 3 3 4 4 2 4 1 1 2 4 2 1 3 1 1 1 1 1 2 2 3 3 1 3 3 3 3 3 4 4 4 4 3 3 2 2 1 1 3 3 4 4 1 1 2 4 1 2 3 1 3 4 3 4 3 2 1 4 2 4 4 4 2 4 0 0 0 0 4 4 1 1 1 1 4 4 3 3 3 3 2 2 4 4 2 2 1 1 3 3 3 3 1 1 2 2 2 3 4 3 3 4 1 3 4 3 4 2 3 3 3 4 3 3 2 2 3 3 1 4 1 1 3 3 4 4 1 1 1 1 2 2 0 0 4 2 1 1 3 3 2 2 2 2 2 2 3 3 1 1 2 2 3 3 2 2 0 0 1 1 1 1 1 1 3 3 3 3 1 1 4 4 4 1 3 3 3 3 1 4 4 4 4 4 3 3 3 4 3 1 2 4 2 4 2 2 3 1 1 1 1 2 2 2 2 4 3 3 3 3 3 3 4 4 2 2 2 4 3 4
MAR_WIC_2017_024 2 2 0 0 0 0 0 0 0 0 0 0 0 0 0 0 4 4 1 1 0 0 0 0 3 1 2 2 2 2 4 4 4 4 1 1 4 4 3 3 1 1 4 2 0 0 1 1 0 0 0 0 0 0 1 1 3 3 2 2 2 2 4 4 0 0 0 0 0 0 2 2 0 0 2 4 2 1 3 1 1 1 0 0 2 2 1 1 1 3 3 3 3 3 4 4 4 4 3 3 2 2 1 1 0 0 0 0 1 1 2 2 1 1 3 3 3 3 0 0 0 0 1 4 0 0 0 0 4 4 4 4 1 3 0 0 1 3 1 4 4 3 3 1 3 1 2 4 4 2 2 3 1 1 2 2 3 3 0 0 2 2 0 0 4 4 3 3 1 1 4 4 4 4 3 3 3 3 3 1 2 2 3 4 4 4 1 1 3 3 4 4 1 1 1 1 0 0 0 0 0 0 1 1 3 3 2 2 0 0 2 1 3 3 0 0 2 2 3 1 2 2 1 1 1 1 1 1 1 1 3 3 3 3 1 4 4 2 1 1 3 3 0 0 1 4 4 4 4 4 3 3 0 0 3 3 2 2 2 4 2 2 3 1 1 1 1 1 0 0 0 0 3 3 3 1 3 1 4 1 2 4 2 2 0 0
MAR_WIC_2017_026 2 2 0 0 0 0 0 0 0 0 0 0 0 0 0 0 0 0 0 0 0 0 1 1 3 1 0 0 0 0 0 0 0 0 0 0 0 0 3 3 1 1 0 0 0 0 0 0 0 0 0 0 0 0 0 0 0 0 2 2 2 2 4 4 1 4 0 0 0 0 2 2 0 0 0 0 0 0 0 0 1 1 0 0 0 0 1 1 1 3 3 3 3 3 0 0 0 0 0 0 0 0 0 0 3 4 0 0 1 1 0 0 0 0 0 0 0 0 0 0 0 0 1 1 2 4 4 4 2 4 4 3 0 0 0 0 0 0 0 0 0 0 0 0 0 0 0 0 0 0 2 2 1 1 0 0 0 0 0 0 0 0 0 0 0 0 0 0 0 0 0 0 0 0 0 0 0 0 0 0 0 0 0 0 4 4 0 0 0 0 0 0 0 0 0 0 0 0 0 0 4 4 1 1 3 3 2 2 2 2 2 2 3 3 0 0 0 0 0 0 2 2 0 0 0 0 0 0 0 0 0 0 0 0 0 0 0 0 0 0 3 3 3 3 0 0 0 0 0 0 0 0 0 0 3 3 2 2 0 0 2 2 3 1 1 3 1 1 0 0 0 0 0 0 3 3 3 3 0 0 0 0 0 0 0 0
MAR_WIC_2017_027 2 2 0 0 2 1 1 2 1 1 4 4 4 4 1 1 4 4 1 1 3 3 0 0 3 1 2 2 2 2 4 4 4 4 1 1 4 4 3 3 1 1 2 2 1 1 1 1 4 4 3 3 4 1 1 1 3 3 2 2 2 2 4 1 1 1 3 4 4 3 0 0 0 0 2 4 2 1 3 1 1 2 1 2 2 2 1 1 1 3 0 0 3 3 4 2 0 0 3 3 2 2 1 1 4 4 4 4 1 1 2 4 1 2 3 1 3 4 3 4 3 2 0 0 2 4 4 4 2 4 0 0 1 3 4 4 0 0 0 0 0 0 0 0 0 0 0 0 0 0 0 0 1 3 0 0 3 3 0 0 0 0 0 0 4 3 3 4 1 3 4 3 4 2 3 3 3 3 3 3 2 2 4 4 1 4 0 0 3 3 4 4 0 0 0 0 2 1 4 4 2 2 1 4 3 1 2 4 2 2 2 1 3 1 1 3 2 2 3 3 2 2 1 1 1 1 1 1 1 1 3 3 3 3 1 4 4 2 1 1 3 1 3 3 1 4 4 1 4 4 3 3 3 3 3 1 2 2 2 2 2 2 0 0 1 1 1 2 0 0 2 4 3 3 3 3 3 3 4 4 2 2 2 2 3 3
MAR_WIC_2017_029 2 2 3 3 2 2 1 1 0 0 4 4 4 4 1 1 4 4 1 1 4 4 0 0 3 1 2 2 0 0 0 0 4 4 1 1 4 4 3 3 1 1 4 4 1 1 1 1 0 0 0 0 4 1 1 3 3 3 2 2 2 2 4 4 1 1 3 3 4 4 0 0 1 1 4 4 1 1 1 1 1 1 0 0 2 2 3 3 1 1 3 3 3 3 4 4 4 4 3 3 2 2 1 1 3 3 0 0 1 1 2 4 1 2 3 1 3 4 3 4 3 2 4 4 0 0 4 3 4 4 4 4 1 3 4 4 1 1 1 1 4 4 3 3 3 3 2 2 4 4 2 2 1 1 0 0 3 3 2 1 1 1 2 3 4 3 3 4 1 3 4 3 4 2 3 3 3 3 0 0 2 2 3 3 1 1 0 0 3 3 4 4 1 1 1 1 2 2 0 0 2 2 1 1 3 3 2 2 2 2 2 2 3 3 1 1 2 2 3 3 2 2 1 1 0 0 0 0 0 0 0 0 0 0 1 4 4 4 4 1 3 3 3 1 1 4 4 4 4 4 3 3 3 3 3 3 2 2 2 2 2 2 3 1 1 1 1 2 2 2 2 4 3 3 3 3 3 3 4 4 2 2 2 2 3 3
MAR_WIC_2017_030 2 2 3 3 0 0 1 1 1 1 4 4 4 4 1 1 4 4 1 1 4 3 1 1 3 1 2 2 2 4 4 4 4 4 1 1 4 4 3 3 1 1 4 2 1 4 1 1 0 0 0 0 4 1 1 1 3 3 2 2 2 2 4 4 1 1 3 3 4 4 2 2 1 1 2 4 2 1 3 1 1 1 1 2 2 2 3 3 1 1 3 3 3 3 4 4 4 4 3 3 2 2 1 1 3 4 4 4 1 3 2 4 1 2 3 1 3 4 3 4 3 2 1 4 2 4 4 4 2 2 4 3 1 3 4 4 1 1 1 1 4 4 3 3 3 1 2 4 4 2 2 3 1 1 3 3 3 3 2 1 2 2 2 3 4 3 3 4 1 3 4 3 4 2 3 2 3 4 3 1 2 2 3 3 1 4 1 1 3 3 4 4 1 1 1 1 2 2 4 4 4 2 1 1 3 3 2 2 2 1 2 1 3 3 1 3 2 2 3 3 2 2 1 3 1 1 1 1 1 1 3 3 3 3 1 4 4 4 0 0 3 3 0 0 1 4 4 4 4 4 3 3 3 4 3 1 2 4 2 2 2 2 3 1 1 1 1 2 2 2 2 4 3 1 3 1 3 3 4 4 2 2 2 2 3 3


0 0
0 0




0 0
0 0
0
0
0
0
0
0
