colony_input
colony_input
6
81
484445
1
2
1
0
0 0
0
1
0
0
1
2
0
10000
0
2
2
MK@
0@
0.01 0.01 0.01 0.01 0.01 0.01 0.01 0.01 0.01 0.01 0.01 0.01 0.01 0.01 0.01 0.01 0.01 0.01 0.01 0.01 0.01 0.01 0.01 0.01 0.01 0.01 0.01 0.01 0.01 0.01 0.01 0.01 0.01 0.01 0.01 0.01 0.01 0.01 0.01 0.01 0.01 0.01 0.01 0.01 0.01 0.01 0.01 0.01 0.01 0.01 0.01 0.01 0.01 0.01 0.01 0.01 0.01 0.01 0.01 0.01 0.01 0.01 0.01 0.01 0.01 0.01 0.01 0.01 0.01 0.01 0.01 0.01 0.01 0.01 0.01 0.01 0.01 0.01 0.01 0.01 0.01
0.01 0.01 0.01 0.01 0.01 0.01 0.01 0.01 0.01 0.01 0.01 0.01 0.01 0.01 0.01 0.01 0.01 0.01 0.01 0.01 0.01 0.01 0.01 0.01 0.01 0.01 0.01 0.01 0.01 0.01 0.01 0.01 0.01 0.01 0.01 0.01 0.01 0.01 0.01 0.01 0.01 0.01 0.01 0.01 0.01 0.01 0.01 0.01 0.01 0.01 0.01 0.01 0.01 0.01 0.01 0.01 0.01 0.01 0.01 0.01 0.01 0.01 0.01 0.01 0.01 0.01 0.01 0.01 0.01 0.01 0.01 0.01 0.01 0.01 0.01 0.01 0.01 0.01 0.01 0.01 0.01
ROC_FRZ_2000_023 4 4 4 4 3 1 2 4 0 0 4 4 4 4 3 3 1 1 3 3 1 1 1 1 3 3 2 2 2 2 3 3 2 2 3 3 1 1 4 4 3 3 3 3 3 3 4 2 2 4 1 2 3 1 3 4 3 4 3 2 4 4 1 1 2 1 1 4 4 4 3 3 1 3 4 4 3 3 3 3 2 2 4 4 0 0 3 2 4 4 2 2 0 0 2 2 0 0 4 3 3 4 1 3 4 3 4 2 2 4 0 0 4 4 3 1 0 0 2 1 4 4 2 2 1 3 3 3 3 3 1 3 3 3 1 3 0 0 4 2 4 1 3 3 1 1 2 2 3 1 1 2 4 4 3 3 0 0 2 4 3 4
ROC_FRZ_2000_030 4 2 0 0 3 1 0 0 0 0 4 3 4 1 3 2 0 0 3 1 1 1 1 1 0 0 0 0 0 0 0 0 0 0 0 0 1 1 4 4 0 0 0 0 0 0 0 0 0 0 0 0 0 0 0 0 0 0 0 0 1 4 0 0 0 0 0 0 0 0 3 3 0 0 2 4 0 0 3 3 2 2 4 4 2 2 0 0 0 0 0 0 0 0 2 2 0 0 0 0 0 0 0 0 0 0 0 0 0 0 0 0 0 0 0 0 0 0 0 0 0 0 0 0 0 0 0 0 3 3 0 0 3 3 1 1 0 0 4 2 0 0 0 0 3 1 2 3 0 0 0 0 4 2 0 0 0 0 0 0 0 0
ROC_FRZ_2000_032 4 2 0 0 3 1 2 4 0 0 4 4 4 4 3 3 0 0 3 1 1 1 1 3 0 0 2 4 2 1 3 1 2 2 0 0 2 2 4 4 3 3 3 4 0 0 0 0 0 0 0 0 0 0 0 0 0 0 0 0 4 4 0 0 2 2 1 1 0 0 3 3 1 3 2 4 3 3 3 3 2 2 4 4 2 2 3 2 0 0 2 2 2 1 2 2 0 0 4 3 3 4 1 3 4 3 4 2 2 4 3 4 0 0 0 0 0 0 2 2 4 1 0 0 0 0 0 0 3 1 1 3 3 1 1 3 0 0 4 2 0 0 3 4 1 1 2 2 3 1 0 0 4 4 0 0 1 4 2 2 3 3
ROC_FRZ_2000_035 4 4 4 3 3 1 2 4 0 0 4 4 4 4 3 3 3 1 3 3 1 3 3 3 3 1 2 4 2 1 3 1 0 0 1 1 1 1 0 0 3 1 3 3 0 0 4 4 2 4 1 2 1 1 4 4 0 0 0 0 4 4 1 1 2 1 1 4 0 0 3 1 0 0 2 2 3 3 3 1 2 4 4 2 2 2 2 2 4 2 2 2 2 1 2 1 0 0 3 3 4 4 3 3 3 3 0 0 2 2 3 4 4 1 3 1 0 0 1 1 4 1 2 2 3 3 3 3 3 3 1 1 3 1 1 1 1 4 4 4 4 1 0 0 1 1 2 2 3 1 2 2 4 4 3 3 1 1 2 4 3 4
ROC_FRZ_2000_039 4 4 4 3 3 1 2 2 2 2 4 4 4 4 3 3 3 1 3 3 1 1 1 1 3 3 2 4 2 1 3 1 4 2 1 3 0 0 4 2 3 3 0 0 3 1 4 4 4 4 2 2 1 1 4 4 0 0 0 0 0 0 1 1 0 0 0 0 4 3 3 3 1 1 2 2 3 2 3 3 2 2 4 4 2 2 3 2 4 4 2 4 0 0 2 2 2 3 4 3 3 4 1 3 4 3 4 2 2 2 3 4 4 4 0 0 3 2 2 2 0 0 2 1 0 0 3 1 3 1 1 1 3 3 1 1 1 4 4 4 0 0 3 3 3 1 2 2 3 1 1 2 4 4 3 1 1 1 2 2 3 3
ROC_FRZ_2000_046 4 4 4 3 3 1 0 0 4 2 4 4 4 4 3 3 0 0 3 1 1 1 0 0 0 0 2 4 2 1 3 1 2 2 3 3 1 2 0 0 0 0 0 0 0 0 0 0 0 0 0 0 0 0 0 0 0 0 0 0 0 0 4 1 0 0 0 0 4 4 3 3 0 0 0 0 0 0 3 3 2 2 4 4 2 3 0 0 4 4 0 0 0 0 0 0 0 0 3 3 4 4 3 3 3 3 0 0 0 0 3 3 0 0 0 0 0 0 2 2 0 0 0 0 0 0 3 3 0 0 1 1 0 0 0 0 0 0 2 2 0 0 0 0 1 1 2 2 0 0 0 0 4 4 0 0 0 0 0 0 0 0


0 0
0 0




0 0
0 0
0
0
0
0
0
0
