colony_input
colony_input
15
68
808702
1
2
1
0
0 0
0
1
0
0
1
2
0
10000
0
2
2
MK@
0@
0.01 0.01 0.01 0.01 0.01 0.01 0.01 0.01 0.01 0.01 0.01 0.01 0.01 0.01 0.01 0.01 0.01 0.01 0.01 0.01 0.01 0.01 0.01 0.01 0.01 0.01 0.01 0.01 0.01 0.01 0.01 0.01 0.01 0.01 0.01 0.01 0.01 0.01 0.01 0.01 0.01 0.01 0.01 0.01 0.01 0.01 0.01 0.01 0.01 0.01 0.01 0.01 0.01 0.01 0.01 0.01 0.01 0.01 0.01 0.01 0.01 0.01 0.01 0.01 0.01 0.01 0.01 0.01
0.01 0.01 0.01 0.01 0.01 0.01 0.01 0.01 0.01 0.01 0.01 0.01 0.01 0.01 0.01 0.01 0.01 0.01 0.01 0.01 0.01 0.01 0.01 0.01 0.01 0.01 0.01 0.01 0.01 0.01 0.01 0.01 0.01 0.01 0.01 0.01 0.01 0.01 0.01 0.01 0.01 0.01 0.01 0.01 0.01 0.01 0.01 0.01 0.01 0.01 0.01 0.01 0.01 0.01 0.01 0.01 0.01 0.01 0.01 0.01 0.01 0.01 0.01 0.01 0.01 0.01 0.01 0.01
STE_CWC_2000_001 3 3 2 2 0 0 3 1 0 0 1 1 0 0 3 1 2 4 1 1 1 1 2 2 4 4 4 4 3 3 4 4 1 4 4 3 4 4 2 2 3 4 1 1 3 1 2 4 2 2 2 4 1 2 3 1 3 4 3 4 3 2 0 0 0 0 0 0 3 3 3 3 2 2 4 4 2 2 0 0 2 2 2 2 4 4 0 0 2 4 3 3 4 4 3 3 4 4 4 1 0 0 2 1 2 1 0 0 1 1 4 4 0 0 3 1 1 3 1 1 2 2 3 3 3 1 1 1 2 2 0 0 0 0 0 0
STE_CWC_2000_002 0 0 0 0 4 3 3 3 0 0 1 4 4 4 3 1 2 2 2 2 0 0 0 0 4 4 4 4 3 3 0 0 1 1 4 4 4 4 2 2 3 3 1 2 3 3 2 2 2 2 2 4 1 2 3 1 3 4 3 4 3 2 0 0 0 0 0 0 3 3 3 1 2 4 4 2 0 0 2 1 2 2 0 0 0 0 0 0 4 4 3 3 4 4 3 3 0 0 4 4 0 0 0 0 0 0 0 0 1 1 4 4 3 1 3 1 1 3 1 1 2 2 3 1 3 1 1 1 0 0 3 3 1 1 4 4
STE_CWC_2000_003 3 3 2 2 4 3 3 3 3 3 1 1 4 4 3 1 2 2 1 2 1 1 2 2 4 4 4 4 3 3 4 4 1 1 4 4 0 0 0 0 3 3 1 1 3 3 2 2 2 2 2 4 1 2 3 1 3 4 3 4 3 2 2 2 1 1 4 4 3 3 3 3 2 2 4 4 0 0 2 1 2 2 2 2 4 4 2 2 4 4 3 3 4 4 3 3 4 2 4 4 2 2 0 0 0 0 1 1 1 1 4 4 3 3 1 1 3 3 1 1 2 2 3 3 3 1 1 1 2 2 3 3 1 1 4 4
STE_CWC_2000_004 3 3 2 2 4 3 3 3 3 3 1 1 4 4 3 1 2 2 1 1 1 1 1 2 4 3 4 1 3 2 4 4 1 1 4 4 4 4 2 2 3 3 1 2 3 3 2 2 2 2 2 4 1 2 3 1 3 4 3 4 3 2 2 2 1 1 4 4 3 3 3 3 2 2 4 4 0 0 2 2 2 2 2 2 4 2 2 2 4 4 3 3 4 4 3 3 4 2 4 4 2 2 2 2 2 2 1 1 1 1 4 4 3 3 1 1 3 3 1 1 2 2 3 3 0 0 1 1 2 2 3 3 1 1 4 4
STE_CWC_2000_006 3 3 2 2 4 4 3 3 3 3 1 1 4 4 3 1 2 2 1 1 1 1 2 2 4 4 4 4 3 3 4 4 0 0 4 4 4 4 2 2 3 3 1 2 3 3 2 2 0 0 2 4 1 2 3 1 3 4 3 4 3 2 2 2 2 1 1 4 3 3 3 3 2 2 4 4 2 2 2 1 2 2 2 2 4 4 2 2 4 4 3 3 4 4 3 3 4 2 4 4 2 2 2 2 2 2 1 1 1 1 4 4 3 3 0 0 1 3 1 1 2 2 3 3 3 1 1 4 1 2 3 3 1 1 4 4
STE_CWC_2000_007 3 3 2 2 3 3 3 3 3 3 1 1 4 3 3 1 2 2 2 2 1 3 2 2 4 4 4 4 3 3 4 1 1 1 4 4 4 2 2 4 3 3 1 1 3 3 2 2 2 2 2 4 1 2 3 1 3 4 3 4 3 2 0 0 1 1 4 4 3 3 3 3 2 2 4 4 0 0 2 2 2 4 2 2 4 4 2 3 4 4 3 3 4 4 3 3 4 2 4 4 2 4 0 0 0 0 1 1 1 3 0 0 3 3 1 1 3 3 1 1 2 4 3 3 3 1 1 1 2 2 3 3 1 1 4 4
STE_CWC_2000_008 3 3 2 2 3 3 3 3 3 3 1 1 4 4 3 1 2 2 2 2 1 1 2 2 4 4 4 4 3 3 4 4 1 1 4 4 4 4 2 2 3 3 1 2 3 3 2 2 2 2 2 4 1 2 3 1 3 4 3 4 3 2 2 2 1 1 4 4 3 3 3 3 2 2 4 4 2 2 2 1 2 2 2 2 4 4 2 2 4 4 3 3 4 4 3 3 4 4 4 4 2 2 2 2 2 2 1 1 1 1 4 4 3 3 1 1 3 3 1 1 2 2 3 3 3 1 1 1 2 2 3 3 1 1 4 4
STE_CWC_2000_011 3 3 2 2 3 3 3 3 4 3 1 1 4 4 3 1 2 2 1 1 1 1 1 2 4 4 4 4 3 3 4 4 1 1 4 4 4 4 2 2 3 3 1 1 3 3 2 2 4 2 2 4 1 2 3 1 3 4 3 4 3 2 2 2 1 1 4 4 3 3 3 3 2 2 4 4 2 3 2 1 2 2 2 2 4 4 2 2 4 4 3 3 4 4 3 3 4 2 4 4 2 2 2 2 2 2 1 1 1 1 4 4 3 3 0 0 1 3 1 1 0 0 3 3 3 1 1 1 2 2 3 3 3 1 4 4
STE_CWC_2000_012 3 3 2 1 4 3 3 3 3 3 1 1 4 4 3 1 2 2 2 2 1 1 1 2 4 4 4 4 3 3 4 4 1 1 4 4 4 4 2 2 3 3 1 1 3 3 2 2 2 2 2 4 1 2 3 1 3 4 3 4 3 2 2 2 1 1 4 4 3 3 3 3 2 2 4 4 2 2 2 2 2 2 2 2 4 4 2 2 4 4 3 3 4 4 3 3 4 2 4 4 2 2 2 2 2 2 1 1 1 1 4 4 3 3 1 1 1 3 1 1 2 2 3 3 3 1 1 1 2 2 3 3 1 1 4 4
STE_CWC_2000_013 0 0 0 0 0 0 3 3 3 3 0 0 0 0 3 1 2 2 1 1 1 1 1 2 4 4 4 4 3 3 0 0 1 1 4 4 4 4 2 2 3 3 1 1 3 3 0 0 2 2 2 4 1 2 3 1 3 4 3 4 3 2 2 4 0 0 0 0 3 3 0 0 0 0 0 0 0 0 2 2 2 2 0 0 0 0 0 0 4 4 3 3 4 4 3 3 4 2 0 0 2 2 0 0 2 1 1 1 0 0 4 4 0 0 1 1 0 0 1 1 2 4 3 3 0 0 1 1 0 0 3 3 0 0 4 4
STE_CWC_2000_014 3 1 0 0 4 3 3 3 3 3 0 0 4 4 3 1 2 2 2 2 1 1 2 2 4 4 4 4 3 3 4 4 1 1 4 4 4 4 2 2 3 3 1 1 3 3 2 2 2 2 2 4 1 2 3 1 3 4 3 4 3 2 2 2 1 1 4 4 1 3 3 3 2 2 4 4 2 2 2 1 2 2 2 2 4 2 0 0 4 4 3 3 4 4 3 3 2 2 4 4 2 2 2 2 2 2 1 3 1 1 4 4 3 3 3 1 1 3 1 4 2 2 3 3 3 1 1 1 2 2 3 4 1 1 4 4
STE_CWC_2000_015 0 0 0 0 4 4 3 3 3 3 0 0 0 0 3 1 2 2 1 2 1 1 2 2 0 0 0 0 0 0 4 4 0 0 0 0 4 4 2 2 0 0 0 0 0 0 2 2 2 2 2 4 1 2 3 1 3 4 3 4 3 2 2 2 2 1 1 4 3 3 3 3 2 2 4 4 2 2 0 0 2 2 2 4 4 4 0 0 4 4 3 1 4 1 3 2 4 4 0 0 2 2 2 2 2 1 0 0 1 1 1 4 3 3 1 1 1 1 1 1 0 0 3 3 3 1 1 1 2 2 3 3 0 0 4 3
STE_CWC_2000_016 3 3 2 2 4 3 3 3 3 3 1 1 4 4 3 1 2 2 1 2 1 1 1 2 4 4 4 4 3 3 4 4 1 1 4 4 4 4 2 2 3 3 1 1 3 3 2 2 2 2 2 4 1 2 3 1 3 4 3 4 3 2 2 2 1 1 4 4 3 3 3 3 2 2 4 4 2 2 2 2 2 2 2 2 4 4 2 2 4 4 3 3 4 4 3 3 4 2 4 4 2 2 2 2 2 2 1 1 1 1 4 4 3 3 1 1 1 1 1 1 2 2 3 1 3 1 1 1 2 2 3 3 1 1 4 4
STE_CWC_2000_017 3 3 0 0 3 3 3 3 3 3 1 1 4 4 3 1 2 2 2 2 1 1 2 2 4 4 4 4 3 3 4 4 1 1 4 4 4 4 2 2 3 3 1 1 3 3 2 2 2 2 2 4 1 2 3 1 3 4 3 4 3 2 2 2 1 1 4 4 3 3 3 3 2 2 4 4 0 0 2 2 2 2 2 2 4 4 2 2 4 4 3 3 4 4 3 3 4 4 4 4 2 2 2 2 2 2 1 1 1 1 4 4 3 3 1 1 1 3 1 1 2 2 3 3 3 1 1 1 2 2 3 3 1 1 4 4
STE_CWC_2000_018 3 3 2 2 4 4 3 3 3 3 1 1 4 4 3 1 2 2 1 2 1 1 1 1 4 4 4 4 3 3 4 4 1 1 4 4 4 4 2 2 3 3 1 1 3 3 2 2 2 2 2 4 1 2 3 1 3 4 3 4 3 2 2 2 1 1 4 4 3 3 3 3 2 2 4 4 2 2 2 1 2 2 2 2 4 4 2 2 4 4 3 3 4 4 3 3 4 2 4 4 2 2 2 2 2 2 1 1 1 1 4 4 3 3 1 1 3 3 1 1 2 2 3 3 3 1 1 1 2 2 3 3 1 1 4 4


0 0
0 0




0 0
0 0
0
0
0
0
0
0
