colony_input
colony_input
14
264
654855
1
2
1
0
0 0
0
1
0
0
1
2
0
10000
0
2
2
MK@
0@
0.01 0.01 0.01 0.01 0.01 0.01 0.01 0.01 0.01 0.01 0.01 0.01 0.01 0.01 0.01 0.01 0.01 0.01 0.01 0.01 0.01 0.01 0.01 0.01 0.01 0.01 0.01 0.01 0.01 0.01 0.01 0.01 0.01 0.01 0.01 0.01 0.01 0.01 0.01 0.01 0.01 0.01 0.01 0.01 0.01 0.01 0.01 0.01 0.01 0.01 0.01 0.01 0.01 0.01 0.01 0.01 0.01 0.01 0.01 0.01 0.01 0.01 0.01 0.01 0.01 0.01 0.01 0.01 0.01 0.01 0.01 0.01 0.01 0.01 0.01 0.01 0.01 0.01 0.01 0.01 0.01 0.01 0.01 0.01 0.01 0.01 0.01 0.01 0.01 0.01 0.01 0.01 0.01 0.01 0.01 0.01 0.01 0.01 0.01 0.01 0.01 0.01 0.01 0.01 0.01 0.01 0.01 0.01 0.01 0.01 0.01 0.01 0.01 0.01 0.01 0.01 0.01 0.01 0.01 0.01 0.01 0.01 0.01 0.01 0.01 0.01 0.01 0.01 0.01 0.01 0.01 0.01 0.01 0.01 0.01 0.01 0.01 0.01 0.01 0.01 0.01 0.01 0.01 0.01 0.01 0.01 0.01 0.01 0.01 0.01 0.01 0.01 0.01 0.01 0.01 0.01 0.01 0.01 0.01 0.01 0.01 0.01 0.01 0.01 0.01 0.01 0.01 0.01 0.01 0.01 0.01 0.01 0.01 0.01 0.01 0.01 0.01 0.01 0.01 0.01 0.01 0.01 0.01 0.01 0.01 0.01 0.01 0.01 0.01 0.01 0.01 0.01 0.01 0.01 0.01 0.01 0.01 0.01 0.01 0.01 0.01 0.01 0.01 0.01 0.01 0.01 0.01 0.01 0.01 0.01 0.01 0.01 0.01 0.01 0.01 0.01 0.01 0.01 0.01 0.01 0.01 0.01 0.01 0.01 0.01 0.01 0.01 0.01 0.01 0.01 0.01 0.01 0.01 0.01 0.01 0.01 0.01 0.01 0.01 0.01 0.01 0.01 0.01 0.01 0.01 0.01 0.01 0.01 0.01 0.01 0.01 0.01 0.01 0.01 0.01 0.01 0.01 0.01 0.01 0.01 0.01 0.01 0.01 0.01
0.01 0.01 0.01 0.01 0.01 0.01 0.01 0.01 0.01 0.01 0.01 0.01 0.01 0.01 0.01 0.01 0.01 0.01 0.01 0.01 0.01 0.01 0.01 0.01 0.01 0.01 0.01 0.01 0.01 0.01 0.01 0.01 0.01 0.01 0.01 0.01 0.01 0.01 0.01 0.01 0.01 0.01 0.01 0.01 0.01 0.01 0.01 0.01 0.01 0.01 0.01 0.01 0.01 0.01 0.01 0.01 0.01 0.01 0.01 0.01 0.01 0.01 0.01 0.01 0.01 0.01 0.01 0.01 0.01 0.01 0.01 0.01 0.01 0.01 0.01 0.01 0.01 0.01 0.01 0.01 0.01 0.01 0.01 0.01 0.01 0.01 0.01 0.01 0.01 0.01 0.01 0.01 0.01 0.01 0.01 0.01 0.01 0.01 0.01 0.01 0.01 0.01 0.01 0.01 0.01 0.01 0.01 0.01 0.01 0.01 0.01 0.01 0.01 0.01 0.01 0.01 0.01 0.01 0.01 0.01 0.01 0.01 0.01 0.01 0.01 0.01 0.01 0.01 0.01 0.01 0.01 0.01 0.01 0.01 0.01 0.01 0.01 0.01 0.01 0.01 0.01 0.01 0.01 0.01 0.01 0.01 0.01 0.01 0.01 0.01 0.01 0.01 0.01 0.01 0.01 0.01 0.01 0.01 0.01 0.01 0.01 0.01 0.01 0.01 0.01 0.01 0.01 0.01 0.01 0.01 0.01 0.01 0.01 0.01 0.01 0.01 0.01 0.01 0.01 0.01 0.01 0.01 0.01 0.01 0.01 0.01 0.01 0.01 0.01 0.01 0.01 0.01 0.01 0.01 0.01 0.01 0.01 0.01 0.01 0.01 0.01 0.01 0.01 0.01 0.01 0.01 0.01 0.01 0.01 0.01 0.01 0.01 0.01 0.01 0.01 0.01 0.01 0.01 0.01 0.01 0.01 0.01 0.01 0.01 0.01 0.01 0.01 0.01 0.01 0.01 0.01 0.01 0.01 0.01 0.01 0.01 0.01 0.01 0.01 0.01 0.01 0.01 0.01 0.01 0.01 0.01 0.01 0.01 0.01 0.01 0.01 0.01 0.01 0.01 0.01 0.01 0.01 0.01 0.01 0.01 0.01 0.01 0.01 0.01
QUI_LON_2011_216 2 2 1 1 3 3 4 4 4 4 2 2 4 4 3 1 2 4 2 1 4 3 4 4 1 3 4 4 1 1 3 3 2 2 4 4 1 1 4 4 3 1 4 4 1 1 1 1 4 4 4 4 2 2 3 3 1 1 2 2 4 4 1 1 2 2 3 3 1 1 3 4 1 3 2 4 2 4 2 4 1 1 2 2 4 4 1 1 4 4 1 1 3 3 1 1 2 2 3 3 4 4 1 1 1 1 2 2 1 1 4 4 1 1 4 4 1 1 3 3 4 4 2 2 1 1 2 4 1 3 2 4 4 3 3 2 4 4 3 3 3 1 0 0 4 4 1 1 1 1 3 3 3 1 4 4 2 2 1 1 2 2 3 3 4 4 3 3 1 1 2 3 4 2 4 4 1 1 1 1 2 3 3 3 2 4 3 1 1 2 2 2 3 3 1 1 1 1 2 2 2 2 3 3 4 4 3 3 3 3 4 4 4 4 1 1 1 1 1 1 1 1 2 2 4 4 3 3 3 3 4 4 3 3 4 4 2 4 3 1 3 4 0 0 3 3 2 2 4 4 3 3 4 4 1 1 3 3 1 1 0 0 2 2 3 3 2 2 2 4 1 2 3 1 3 4 3 4 3 2 3 3 4 4 1 1 2 2 2 2 4 4 1 1 2 2 1 4 3 3 3 3 2 3 4 4 3 3 3 3 2 2 3 3 4 4 1 1 0 0 2 2 3 3 3 3 1 1 3 3 2 2 2 2 1 2 3 1 3 1 1 1 1 3 3 1 4 2 1 3 1 2 1 1 4 2 3 2 4 2 2 4 3 3 1 1 3 3 2 2 2 2 1 1 1 1 3 3 2 2 4 4 2 2 1 1 3 3 3 3 3 1 3 4 1 3 4 1 3 1 1 4 2 4 0 0 4 3 1 1 2 2 4 4 3 3 1 1 3 3 2 2 1 1 3 3 4 4 4 4 2 1 1 1 1 2 3 2 4 2 1 4 1 1 3 1 2 1 2 1 2 4 2 2 2 2 1 1 2 2 2 2 2 2 4 1 2 2 1 1 2 2 1 1 4 4 4 4 4 4 1 1 3 3 4 1 4 4 4 4 4 4 3 3 3 3 3 3 2 2 4 4 2 2 4 4 2 2 4 4 4 4 3 1 2 2 2 2 4 4 1 1 1 1 4 4 4 4
QUI_LON_2011_217 0 0 0 0 0 0 0 0 0 0 0 0 0 0 3 3 2 2 2 2 4 4 4 4 1 1 0 0 0 0 0 0 0 0 0 0 0 0 0 0 3 1 0 0 0 0 0 0 0 0 0 0 0 0 0 0 1 3 2 4 4 2 0 0 2 2 3 3 1 1 0 0 0 0 0 0 0 0 0 0 1 1 0 0 0 0 0 0 0 0 0 0 0 0 0 0 0 0 0 0 0 0 1 1 1 1 2 2 1 1 4 4 3 3 0 0 0 0 3 3 4 4 2 4 1 3 0 0 1 1 2 2 4 4 0 0 4 2 3 4 0 0 0 0 0 0 0 0 0 0 0 0 3 3 4 2 2 4 1 3 0 0 0 0 0 0 3 3 0 0 0 0 0 0 0 0 0 0 0 0 2 2 3 3 2 2 3 3 1 1 0 0 0 0 0 0 0 0 0 0 0 0 0 0 0 0 0 0 0 0 0 0 0 0 0 0 2 2 0 0 0 0 0 0 4 4 3 1 3 1 4 2 3 1 4 2 0 0 0 0 0 0 0 0 0 0 2 4 0 0 3 1 3 3 4 4 1 1 2 2 0 0 0 0 0 0 0 0 0 0 0 0 0 0 0 0 0 0 0 0 3 3 4 4 1 1 2 2 2 2 4 4 0 0 0 0 1 1 1 1 0 0 0 0 0 0 3 3 0 0 0 0 3 1 4 2 1 4 0 0 2 1 3 3 3 3 0 0 0 0 0 0 2 1 0 0 0 0 0 0 0 0 0 0 0 0 0 0 0 0 0 0 0 0 4 4 3 3 4 4 2 2 3 4 0 0 0 0 0 0 2 2 1 2 0 0 4 4 1 1 3 3 4 4 2 2 1 1 0 0 3 3 3 3 1 1 0 0 0 0 0 0 0 0 0 0 0 0 3 1 2 3 4 3 3 1 1 3 3 3 0 0 0 0 0 0 0 0 4 4 0 0 0 0 0 0 0 0 0 0 0 0 0 0 3 3 2 2 2 2 2 2 2 2 2 2 0 0 0 0 0 0 4 2 0 0 0 0 0 0 0 0 0 0 0 0 0 0 0 0 0 0 0 0 0 0 0 0 0 0 0 0 0 0 0 0 0 0 2 2 0 0 0 0 0 0 2 2 0 0 0 0 3 1 2 2 2 2 0 0 1 1 0 0 0 0 0 0
QUI_LON_2011_218 2 2 1 1 3 3 4 4 4 4 2 2 4 4 3 3 2 2 0 0 4 4 4 4 1 1 4 4 1 1 3 3 2 2 4 4 1 1 4 4 3 1 4 4 1 1 1 1 4 4 4 4 2 2 3 3 1 1 2 2 4 4 1 1 2 2 3 3 1 1 3 4 1 3 2 4 2 4 2 4 1 1 2 2 4 4 1 1 4 4 0 0 3 3 1 1 2 2 3 3 4 1 1 1 1 1 2 2 1 1 4 4 1 1 4 4 1 1 3 3 4 4 2 2 1 1 2 2 1 1 2 2 4 4 3 3 4 4 3 3 3 3 0 0 4 4 1 1 1 1 3 3 3 3 4 2 0 0 1 1 2 2 3 3 4 4 3 3 0 0 2 2 4 4 4 4 1 1 1 1 2 2 3 3 2 2 3 3 1 1 2 4 3 1 1 2 1 4 2 4 3 3 4 4 4 4 3 3 3 3 4 4 4 4 1 1 2 2 3 3 1 3 2 3 4 4 3 3 3 3 4 4 3 3 4 4 2 2 3 3 3 3 0 0 3 3 2 2 4 4 0 0 4 3 1 4 3 1 1 2 2 2 3 3 3 3 2 2 2 4 1 1 3 3 0 0 3 3 3 3 3 3 4 4 1 1 2 2 2 2 4 4 1 1 2 2 1 1 3 3 3 3 0 0 4 4 3 3 3 3 2 2 3 3 4 4 1 1 0 0 2 2 3 3 3 3 1 1 3 3 2 2 2 2 1 1 3 3 3 3 0 0 1 1 3 3 4 4 1 1 1 1 1 1 4 4 3 3 4 4 2 2 0 0 1 1 3 3 2 2 0 0 1 1 1 1 3 3 2 2 4 4 2 2 1 1 3 3 3 3 3 3 3 3 1 1 0 0 0 0 0 0 0 0 1 1 4 4 3 1 2 3 4 3 3 1 1 3 3 3 2 4 1 2 3 3 0 0 4 4 2 1 1 1 1 2 3 2 4 2 1 4 1 1 3 1 2 1 2 1 2 4 2 2 2 2 1 1 2 2 2 2 4 2 1 1 2 2 1 1 2 1 1 4 4 3 4 1 4 1 0 0 0 0 4 4 4 4 4 4 0 0 3 3 3 3 3 3 2 2 4 4 2 2 4 4 2 2 4 4 4 4 3 1 2 2 2 2 4 4 1 1 0 0 0 0 4 3
QUI_LON_2011_220 0 0 0 0 0 0 0 0 0 0 0 0 0 0 3 3 2 2 0 0 0 0 0 0 0 0 4 1 0 0 0 0 0 0 4 4 0 0 0 0 3 1 0 0 0 0 0 0 0 0 0 0 0 0 0 0 0 0 0 0 0 0 0 0 0 0 0 0 0 0 0 0 0 0 0 0 0 0 0 0 1 3 0 0 0 0 0 0 0 0 0 0 4 3 4 1 3 2 0 0 0 0 0 0 0 0 0 0 0 0 0 0 0 0 0 0 1 1 0 0 0 0 2 2 1 1 0 0 0 0 0 0 0 0 0 0 0 0 0 0 0 0 0 0 0 0 0 0 0 0 0 0 0 0 4 4 2 2 1 1 2 2 0 0 0 0 3 3 0 0 0 0 0 0 0 0 1 1 1 1 0 0 0 0 2 2 3 3 1 1 0 0 0 0 0 0 0 0 0 0 0 0 0 0 0 0 0 0 0 0 0 0 0 0 0 0 1 2 0 0 0 0 0 0 4 2 0 0 0 0 0 0 0 0 0 0 0 0 0 0 3 4 0 0 0 0 0 0 0 0 0 0 4 4 1 1 3 3 1 1 0 0 3 3 3 3 0 0 0 0 0 0 0 0 0 0 0 0 0 0 3 3 4 4 1 1 2 4 2 2 4 4 0 0 0 0 0 0 0 0 3 3 2 2 0 0 3 3 0 0 2 4 3 3 4 4 1 1 0 0 0 0 3 3 0 0 0 0 0 0 3 2 2 2 0 0 0 0 0 0 0 0 1 3 3 1 4 2 1 3 1 2 0 0 0 0 0 0 0 0 0 0 0 0 0 0 0 0 0 0 0 0 0 0 0 0 3 3 2 2 4 4 2 2 0 0 0 0 0 0 3 1 3 4 1 3 0 0 0 0 0 0 0 0 1 1 4 3 3 1 2 3 4 3 3 1 1 3 3 3 2 4 1 2 3 3 0 0 4 4 0 0 0 0 0 0 0 0 0 0 0 0 0 0 0 0 0 0 0 0 0 0 0 0 2 2 0 0 2 2 0 0 4 4 0 0 0 0 0 0 2 1 1 4 4 3 4 1 4 1 0 0 0 0 0 0 0 0 4 4 0 0 0 0 0 0 3 3 2 2 0 0 0 0 0 0 0 0 0 0 0 0 0 0 2 2 0 0 4 4 3 1 0 0 0 0 0 0
QUI_LON_2011_221 2 2 1 1 0 0 0 0 0 0 0 0 0 0 3 3 2 2 0 0 0 0 0 0 0 0 0 0 0 0 3 4 2 4 0 0 0 0 0 0 3 1 2 2 4 4 2 2 1 1 2 2 4 4 1 1 1 3 2 2 4 2 1 4 2 2 3 3 1 1 3 4 1 3 2 4 2 4 2 4 0 0 0 0 0 0 0 0 4 4 0 0 0 0 0 0 0 0 0 0 0 0 0 0 0 0 0 0 0 0 0 0 0 0 0 0 1 3 0 0 0 0 2 4 1 3 0 0 0 0 0 0 0 0 0 0 0 0 0 0 0 0 0 0 2 2 0 0 0 0 0 0 0 0 0 0 0 0 0 0 2 4 3 4 0 0 3 3 1 1 0 0 0 0 0 0 0 0 0 0 0 0 0 0 0 0 3 3 1 1 0 0 3 3 1 1 1 1 2 2 0 0 0 0 4 2 3 2 3 4 4 1 0 0 0 0 1 1 0 0 0 0 0 0 0 0 0 0 0 0 0 0 0 0 0 0 0 0 0 0 0 0 0 0 0 0 0 0 0 0 0 0 0 0 0 0 0 0 0 0 2 2 0 0 0 0 0 0 0 0 0 0 0 0 0 0 0 0 0 0 3 3 1 1 0 0 0 0 2 2 0 0 0 0 0 0 1 1 0 0 3 3 0 0 0 0 3 1 0 0 2 2 0 0 0 0 0 0 0 0 1 1 0 0 0 0 0 0 0 0 0 0 0 0 0 0 0 0 0 0 1 4 0 0 3 3 4 4 1 1 1 1 1 1 0 0 0 0 0 0 0 0 0 0 0 0 0 0 0 0 0 0 0 0 0 0 0 0 0 0 0 0 0 0 0 0 0 0 0 0 0 0 0 0 0 0 0 0 0 0 0 0 0 0 0 0 0 0 3 3 3 3 3 3 1 1 3 3 1 3 0 0 0 0 3 3 0 0 0 0 0 0 0 0 0 0 0 0 0 0 0 0 1 4 0 0 0 0 0 0 0 0 0 0 0 0 0 0 0 0 0 0 4 4 4 1 0 0 0 0 0 0 0 0 0 0 0 0 0 0 0 0 0 0 0 0 0 0 0 0 0 0 0 0 0 0 0 0 2 4 3 4 4 2 2 4 0 0 0 0 0 0 0 0 0 0 0 0 4 4 0 0 0 0 0 0 4 4
QUI_LON_2011_222 2 2 1 1 3 4 4 3 4 2 2 4 4 2 3 1 2 4 2 1 4 3 4 4 1 3 4 1 1 3 3 4 2 4 0 0 1 4 0 0 3 1 4 2 1 4 1 2 4 1 4 2 2 4 3 1 1 3 2 2 4 2 0 0 0 0 0 0 0 0 3 3 1 1 2 2 2 2 2 2 1 3 2 4 4 2 1 2 0 0 1 1 3 3 1 1 0 0 0 0 0 0 1 1 1 1 2 2 1 1 4 4 1 3 1 4 1 3 0 0 0 0 0 0 0 0 0 0 0 0 0 0 0 0 0 0 4 2 3 4 3 1 0 0 4 4 1 1 1 1 3 3 0 0 0 0 0 0 1 1 2 2 0 0 4 4 3 3 1 1 2 2 4 4 4 4 1 1 1 1 2 2 3 3 0 0 3 3 1 1 4 4 1 1 2 2 4 4 4 4 2 2 3 3 0 0 0 0 0 0 0 0 4 4 1 1 1 2 1 1 0 0 0 0 4 4 3 3 3 3 4 4 3 3 4 4 0 0 0 0 0 0 0 0 3 3 2 2 4 4 3 3 3 3 4 4 1 1 2 2 0 0 0 0 0 0 2 2 2 4 1 2 3 1 3 4 3 4 3 2 0 0 0 0 0 0 2 4 2 2 0 0 0 0 0 0 0 0 3 3 3 3 2 2 4 2 3 3 3 2 0 0 1 1 2 2 4 4 0 0 2 2 3 3 3 4 1 1 0 0 3 2 1 1 0 0 3 3 3 3 1 1 1 1 3 3 4 4 1 1 1 1 0 0 4 4 3 3 4 4 2 2 0 0 4 4 1 1 4 4 2 2 2 2 1 1 3 4 2 1 4 3 2 4 1 2 3 1 3 3 3 3 3 3 1 1 0 0 3 3 1 1 2 2 1 3 4 4 3 1 2 2 4 4 3 3 0 0 3 3 2 2 1 1 3 1 4 4 4 4 2 2 0 0 1 1 3 3 4 4 1 1 1 1 0 0 0 0 0 0 2 2 2 2 2 4 0 0 2 2 2 2 2 2 1 1 2 4 1 3 0 0 0 0 0 0 0 0 0 0 1 3 0 0 4 4 4 4 4 4 0 0 3 4 3 3 0 0 2 2 3 4 4 2 2 4 0 0 0 0 0 0 0 0 2 2 0 0 4 4 1 1 0 0 0 0 4 3
QUI_LON_2011_223 2 2 1 1 0 0 0 0 0 0 0 0 0 0 0 0 0 0 0 0 0 0 4 4 1 1 4 4 1 1 3 3 2 2 4 4 1 4 0 0 3 1 0 0 0 0 0 0 0 0 0 0 0 0 0 0 1 1 2 2 4 4 0 0 2 1 3 2 1 3 3 3 1 1 2 2 2 2 2 2 1 3 0 0 0 0 0 0 4 4 1 1 3 3 1 1 2 2 3 3 4 4 1 1 1 1 2 2 1 1 4 4 1 1 1 4 1 1 3 1 4 1 0 0 0 0 0 0 1 1 2 2 4 4 3 3 4 4 3 3 3 1 0 0 4 2 1 3 1 2 3 2 3 3 4 4 2 2 1 1 2 4 3 4 0 0 3 3 0 0 2 2 4 4 0 0 1 1 1 1 0 0 3 3 2 2 3 3 1 1 2 4 3 1 1 2 1 4 2 4 3 2 4 3 0 0 0 0 0 0 0 0 4 4 1 1 1 1 3 1 1 3 2 3 4 2 3 3 3 3 4 4 3 3 4 4 2 2 3 3 3 3 0 0 3 3 2 2 4 3 3 3 4 3 1 4 3 1 1 2 2 2 3 3 3 4 2 2 2 4 1 2 3 1 3 4 0 0 0 0 0 0 1 4 1 4 0 0 2 2 4 4 0 0 2 2 1 4 3 3 3 3 2 2 4 4 3 3 0 0 2 2 3 3 4 4 1 1 2 2 2 2 3 2 3 3 1 1 0 0 2 2 2 2 1 1 3 3 3 3 1 1 0 0 0 0 0 0 0 0 0 0 1 1 0 0 0 0 0 0 0 0 0 0 1 1 3 3 2 2 2 2 1 1 1 1 3 3 2 2 4 4 2 2 1 1 3 3 3 3 3 3 3 3 1 1 4 4 3 3 1 1 2 2 0 0 0 0 0 0 0 0 0 0 3 3 0 0 3 3 2 2 1 1 3 3 4 4 4 4 2 2 0 0 1 1 3 3 4 4 1 1 1 4 3 3 2 2 2 2 2 2 2 2 2 4 0 0 2 2 2 2 2 2 4 4 2 2 1 3 2 2 1 1 4 4 4 4 4 4 1 1 3 1 4 4 4 4 4 4 4 4 0 0 3 3 3 3 2 2 3 4 4 2 2 4 2 2 0 0 0 0 0 0 2 2 0 0 4 4 1 1 1 1 0 0 4 3
QUI_LON_2011_225 0 0 0 0 0 0 0 0 0 0 2 2 4 4 1 1 4 4 0 0 0 0 4 2 1 3 0 0 0 0 0 0 0 0 0 0 0 0 4 3 0 0 0 0 0 0 0 0 0 0 0 0 0 0 0 0 0 0 0 0 0 0 0 0 2 2 3 3 1 1 0 0 0 0 0 0 0 0 0 0 0 0 0 0 0 0 0 0 0 0 0 0 3 3 1 1 2 2 3 3 0 0 1 1 1 1 2 2 0 0 0 0 0 0 0 0 1 1 3 1 0 0 0 0 0 0 2 2 1 1 2 2 4 4 3 3 0 0 0 0 0 0 0 0 0 0 0 0 0 0 0 0 0 0 0 0 0 0 1 1 0 0 0 0 4 2 0 0 0 0 0 0 0 0 0 0 1 1 1 1 0 0 0 0 2 4 3 1 1 2 2 2 3 3 1 1 1 1 2 2 3 3 0 0 0 0 0 0 0 0 0 0 0 0 0 0 1 2 0 0 0 0 0 0 4 4 0 0 0 0 0 0 0 0 0 0 0 0 0 0 0 0 0 0 0 0 2 2 0 0 0 0 4 4 1 1 3 3 1 1 0 0 0 0 0 0 0 0 0 0 0 0 0 0 0 0 0 0 0 0 3 3 1 4 1 4 0 0 2 2 4 4 0 0 0 0 0 0 0 0 3 3 2 2 4 4 0 0 0 0 0 0 0 0 0 0 0 0 0 0 2 2 0 0 0 0 0 0 0 0 0 0 2 2 0 0 0 0 0 0 0 0 0 0 0 0 0 0 0 0 0 0 1 1 0 0 3 3 4 4 2 2 0 0 1 1 0 0 0 0 0 0 0 0 0 0 3 3 2 2 4 4 2 2 0 0 0 0 3 3 3 3 3 3 1 1 0 0 3 3 0 0 0 0 0 0 0 0 1 1 2 2 4 4 3 3 0 0 0 0 0 0 0 0 3 3 0 0 4 4 0 0 0 0 0 0 0 0 0 0 0 0 0 0 0 0 0 0 0 0 0 0 0 0 0 0 0 0 0 0 0 0 2 2 0 0 0 0 0 0 0 0 0 0 0 0 0 0 0 0 0 0 0 0 0 0 0 0 0 0 0 0 3 4 0 0 3 4 2 2 0 0 0 0 0 0 0 0 4 3 4 3 0 0 2 2 0 0 4 4 3 1 0 0 0 0 4 4
QUI_LON_2011_226 2 1 1 1 3 3 4 4 4 4 2 2 4 4 3 3 2 2 2 2 4 4 4 4 1 1 4 4 1 1 3 3 2 2 3 3 1 1 4 4 3 1 4 4 1 1 1 1 4 4 4 4 2 2 3 3 1 1 2 2 4 4 1 1 2 2 3 3 1 1 3 3 1 1 2 2 2 2 2 2 1 1 2 2 4 4 1 1 4 4 1 1 4 4 4 4 3 3 3 3 4 4 1 1 1 1 2 2 1 1 4 4 1 1 1 1 1 1 3 3 4 4 2 2 1 1 2 2 1 1 2 2 4 4 3 3 4 4 3 3 3 3 3 1 4 4 1 1 1 1 3 3 3 3 4 4 2 2 1 1 2 2 3 3 4 4 3 1 1 3 0 0 0 0 2 4 2 1 3 1 2 2 3 4 2 2 3 3 1 1 2 2 3 3 1 1 1 1 2 2 3 3 4 4 4 4 3 3 3 3 4 4 4 2 1 3 1 2 3 3 1 1 2 2 4 4 3 3 3 3 4 4 3 1 4 4 2 2 3 3 3 3 1 1 3 3 2 2 4 4 3 3 4 4 1 1 3 3 1 1 2 2 3 3 3 3 4 4 2 4 1 2 3 1 3 4 3 4 3 2 3 4 1 1 1 1 2 2 2 2 4 4 1 1 2 2 1 1 3 3 3 3 0 0 4 4 3 3 3 3 2 2 3 3 4 4 1 1 1 1 2 2 3 3 3 3 1 1 3 3 2 2 2 1 1 1 3 3 3 3 1 1 1 1 3 3 4 4 1 1 1 1 3 3 4 4 3 3 4 4 2 2 3 3 1 1 3 3 2 2 2 2 1 1 1 3 3 3 2 2 4 4 2 2 1 1 3 3 3 3 3 3 3 3 1 1 4 4 3 3 1 1 2 2 1 1 4 4 3 3 2 2 4 4 3 3 1 1 1 1 2 4 1 2 3 3 4 4 4 4 2 2 1 1 1 1 3 3 4 4 1 1 1 4 3 3 2 2 2 2 2 2 2 2 2 2 1 1 2 4 2 2 4 4 4 1 2 2 1 1 2 1 1 4 4 3 4 1 4 1 1 1 3 3 4 4 4 3 4 4 4 4 3 3 1 1 3 3 2 2 3 3 4 4 2 2 0 0 4 3 4 3 3 1 2 2 2 2 4 2 3 3 1 1 4 4 4 4
QUI_LON_2011_227 2 1 1 1 3 3 4 4 4 4 2 2 4 4 3 3 2 2 2 2 4 4 4 4 1 1 4 4 1 1 3 3 2 2 3 3 1 1 4 4 3 1 4 4 1 1 1 1 4 4 4 4 2 2 3 3 1 1 2 2 4 4 1 1 2 2 3 3 1 1 3 3 1 1 2 2 2 2 2 2 1 1 2 2 4 4 1 1 4 4 1 1 4 4 4 4 3 3 3 1 4 4 1 1 1 1 2 2 1 1 4 4 1 1 1 1 1 1 3 3 4 4 2 2 1 1 2 2 1 1 2 2 4 4 3 3 4 4 3 3 3 3 3 3 4 4 1 1 1 1 3 3 3 3 4 4 2 2 1 1 2 2 3 3 4 4 1 1 3 3 0 0 0 0 2 2 2 2 3 3 2 2 3 3 2 2 3 3 1 1 2 2 3 3 1 1 1 1 2 2 3 3 4 4 4 4 3 3 3 3 4 4 4 4 1 1 1 2 3 3 1 1 2 2 4 4 3 3 3 3 4 4 3 1 4 4 2 2 3 3 3 3 1 1 3 3 2 2 4 4 3 3 4 4 1 1 3 3 1 1 2 4 3 3 3 3 4 4 2 4 1 2 3 1 3 4 3 4 3 2 3 3 1 1 1 1 2 4 2 2 4 4 1 2 2 2 1 1 3 3 3 3 2 2 4 4 3 3 3 3 2 2 3 3 4 4 1 1 1 1 2 2 3 3 3 4 1 1 3 1 3 3 1 1 1 1 3 3 3 3 1 1 1 1 3 3 4 4 1 1 1 1 3 3 4 4 3 3 4 4 2 2 3 3 1 1 3 3 2 2 2 2 1 1 1 3 3 3 2 2 4 4 2 2 1 1 3 3 3 3 3 3 3 3 1 1 4 4 3 3 1 1 2 2 1 1 4 4 3 3 2 2 4 4 3 3 1 1 1 1 2 4 1 2 3 3 4 4 4 4 0 0 1 3 1 1 3 3 4 4 1 1 1 4 3 3 2 2 2 2 2 2 2 2 2 2 1 1 2 4 2 2 4 2 4 1 2 2 1 1 2 1 1 4 4 3 4 1 4 1 1 1 3 3 4 4 4 4 4 2 4 4 3 3 1 1 3 3 2 2 3 3 4 4 2 2 2 2 4 4 4 4 3 1 2 2 2 2 4 4 3 3 4 1 2 4 4 4
QUI_LON_2011_230 1 1 1 1 3 3 4 4 0 0 2 2 4 4 3 3 2 2 0 0 0 0 4 4 1 1 4 4 1 1 3 3 2 2 3 3 0 0 4 4 3 1 4 4 1 1 1 1 4 4 4 4 2 2 3 3 1 1 2 2 4 4 0 0 2 2 3 3 1 1 3 3 1 1 2 2 2 2 2 2 1 1 2 2 4 2 1 1 0 0 1 1 4 4 4 4 3 3 3 1 4 4 1 1 1 1 2 2 1 1 4 4 0 0 0 0 1 1 3 3 4 4 2 2 1 1 2 2 1 1 2 2 4 4 3 3 4 4 3 3 3 3 3 3 4 4 1 1 1 1 3 3 3 3 4 4 2 2 1 1 2 2 0 0 4 4 1 1 0 0 0 0 0 0 2 4 2 1 3 1 2 2 3 3 2 2 3 3 1 1 2 2 3 3 1 1 1 1 2 2 3 3 4 4 4 4 3 3 3 3 4 4 4 2 1 3 0 0 3 3 1 1 2 2 4 4 3 3 3 3 4 4 3 1 4 4 2 2 3 3 3 3 1 1 3 3 2 2 4 4 3 3 4 4 1 1 3 3 1 1 2 2 0 0 0 0 4 4 2 4 1 2 3 1 3 4 3 4 3 2 3 3 1 4 1 1 2 4 2 2 4 4 0 0 2 2 1 1 3 3 3 3 2 2 4 4 3 3 3 3 2 2 3 3 4 4 1 1 0 0 2 2 3 3 3 4 1 2 3 1 3 3 2 1 1 1 3 3 3 3 1 1 1 1 3 3 4 4 1 1 1 1 3 3 4 4 3 3 4 4 2 2 3 3 1 1 3 3 2 2 0 0 1 1 1 3 3 3 2 2 4 4 2 2 0 0 0 0 1 1 3 3 3 3 1 1 4 4 3 3 1 1 2 2 0 0 0 0 3 3 2 2 4 4 3 3 1 1 1 3 0 0 0 0 0 0 4 4 4 4 0 0 1 1 0 0 0 0 0 0 0 0 4 4 3 3 2 2 2 2 2 2 2 2 2 2 1 1 2 2 2 2 2 2 4 4 2 2 1 1 0 0 0 0 0 0 0 0 0 0 1 1 3 3 4 4 4 4 4 4 0 0 0 0 1 1 0 0 2 2 3 3 4 4 0 0 2 4 4 4 4 4 3 1 2 2 2 4 4 4 3 3 0 0 0 0 0 0
QUI_LON_2011_231 2 1 1 3 3 3 4 4 0 0 0 0 0 0 3 3 2 2 2 2 4 4 4 4 1 1 0 0 0 0 3 3 2 2 3 3 0 0 0 0 3 1 4 4 1 1 1 1 4 4 4 4 2 2 3 3 0 0 0 0 0 0 0 0 0 0 3 3 1 1 0 0 0 0 2 2 2 2 2 2 1 1 0 0 0 0 0 0 0 0 1 1 4 4 4 4 3 3 3 1 4 4 1 2 1 2 2 4 1 3 4 3 1 1 1 1 1 1 3 3 4 4 0 0 0 0 0 0 1 1 0 0 0 0 0 0 0 0 0 0 3 3 3 3 4 4 1 1 1 1 3 3 3 3 4 4 2 2 1 1 2 2 0 0 4 4 0 0 0 0 0 0 0 0 2 4 2 1 3 1 2 2 3 3 2 2 3 3 1 1 0 0 3 3 1 1 1 1 2 2 0 0 0 0 4 4 3 3 3 3 4 4 0 0 0 0 0 0 3 3 1 1 2 2 0 0 3 3 3 3 4 4 3 1 4 4 2 2 3 3 3 3 1 3 3 3 2 2 4 4 3 3 0 0 0 0 0 0 0 0 0 0 0 0 0 0 4 4 2 4 1 2 3 1 3 4 3 4 3 2 0 0 0 0 0 0 0 0 2 2 4 4 0 0 2 2 1 1 3 3 3 3 2 3 0 0 3 3 0 0 2 2 3 3 4 4 1 1 2 1 2 2 3 3 3 4 0 0 0 0 3 2 2 1 1 1 3 3 3 3 1 1 0 0 3 3 4 4 1 1 1 1 3 3 4 4 3 3 4 4 2 2 3 3 1 1 3 3 2 2 2 1 1 1 0 0 3 3 2 2 4 4 2 2 1 1 0 0 3 1 3 3 3 3 1 1 4 4 3 3 1 1 2 2 0 0 0 0 3 3 2 2 4 4 3 3 0 0 1 1 2 2 1 1 0 0 4 2 4 2 0 0 0 0 1 1 3 3 4 4 1 1 1 1 3 3 2 2 2 2 2 2 2 4 0 0 0 0 2 2 2 4 0 0 4 1 2 2 1 1 0 0 0 0 0 0 0 0 0 0 0 0 0 0 0 0 4 4 4 4 0 0 3 3 0 0 0 0 2 2 3 3 4 4 2 2 2 2 4 3 4 3 0 0 0 0 2 4 4 4 0 0 0 0 0 0 4 4
QUI_LON_2011_232 1 1 1 1 3 3 4 4 4 4 2 2 4 4 3 3 2 2 2 2 4 4 4 4 1 1 4 4 1 1 3 3 2 2 4 3 1 1 4 4 3 1 4 4 1 1 1 1 4 4 4 4 2 2 3 3 1 1 2 2 4 4 1 1 2 2 3 3 1 1 3 3 1 1 2 2 2 2 2 2 1 1 2 2 2 2 1 1 4 4 1 1 4 4 4 4 3 3 1 1 4 4 1 1 1 1 2 2 1 1 4 4 1 1 1 1 1 1 3 3 4 4 2 2 1 1 2 2 1 1 2 2 4 4 3 3 4 4 3 3 3 3 3 3 4 4 1 1 1 1 3 3 3 3 4 4 2 2 1 1 2 2 3 3 4 4 3 3 1 1 2 2 4 4 2 4 2 1 3 1 2 2 3 4 2 2 3 3 1 1 2 2 3 3 1 1 1 1 2 2 3 3 4 4 4 4 3 3 3 3 4 4 2 2 3 3 1 2 3 3 1 1 2 2 4 4 3 3 3 3 4 4 1 1 4 4 2 2 3 3 3 3 1 3 3 1 2 2 4 4 3 3 4 4 1 1 3 3 1 1 2 2 3 3 3 3 4 4 2 4 1 2 3 1 3 4 3 4 3 2 3 4 1 1 1 1 2 2 2 4 4 2 1 1 2 4 1 1 3 3 3 3 2 2 4 4 3 3 3 3 2 2 3 3 4 4 1 1 1 1 2 2 3 3 4 4 1 1 3 1 3 2 2 2 1 1 3 3 3 3 1 1 1 1 3 3 4 4 1 1 1 1 3 3 4 4 3 3 4 4 2 2 3 3 1 1 3 3 2 2 2 2 1 1 3 3 3 3 2 2 4 4 2 2 1 1 3 3 3 3 3 3 3 3 1 1 4 4 3 3 1 1 2 2 1 1 4 4 3 3 2 2 4 4 3 3 1 1 1 1 2 2 1 1 3 3 4 4 4 4 2 2 1 1 1 1 3 3 4 4 1 1 1 1 3 3 2 2 2 2 2 2 2 2 2 2 1 3 2 2 2 2 4 4 4 4 2 2 1 1 2 2 1 1 4 4 4 4 4 4 1 1 3 3 4 4 4 4 4 4 4 2 3 3 1 1 3 3 2 2 3 3 4 4 2 2 2 2 4 4 4 4 3 1 2 4 2 2 4 2 3 1 4 1 2 4 4 4
QUI_LON_2011_233 1 1 1 1 3 3 4 4 4 4 2 2 4 4 3 3 2 2 2 2 4 4 4 4 1 1 4 4 1 1 3 3 2 2 4 3 1 1 0 0 3 1 4 4 1 1 1 1 4 4 4 4 2 2 3 3 1 1 2 2 4 4 1 1 2 2 3 3 1 1 3 3 1 1 2 2 2 2 2 2 1 1 0 0 0 0 0 0 4 1 1 4 4 4 4 4 0 0 0 0 4 4 1 1 1 1 2 2 1 1 4 4 1 1 1 1 1 1 3 3 4 4 0 0 1 3 0 0 1 1 2 2 4 4 3 3 4 4 3 3 3 3 3 3 4 4 1 1 1 1 3 3 3 3 4 4 2 2 1 1 2 2 3 3 4 4 3 1 1 3 0 0 0 0 2 2 2 2 3 3 0 0 3 3 2 2 3 3 1 1 2 2 3 3 1 1 1 1 2 2 3 3 4 4 4 4 3 3 3 3 4 4 2 2 3 3 1 2 3 3 1 1 2 2 4 4 3 3 3 3 4 4 1 1 4 4 2 2 3 3 3 3 1 1 3 3 2 2 4 4 3 3 0 0 0 0 0 0 0 0 2 2 3 3 3 3 4 4 2 4 1 2 3 1 3 4 3 4 3 2 3 3 1 1 1 1 2 2 2 2 4 4 1 1 2 2 1 1 3 3 3 1 2 2 4 4 3 3 3 3 2 2 3 3 4 4 1 1 1 1 2 2 0 0 3 4 1 1 3 3 3 2 2 2 1 1 3 3 3 3 1 4 1 1 3 3 4 4 1 1 1 1 3 3 4 4 3 3 4 4 2 2 0 0 1 1 3 3 2 2 2 2 1 1 1 3 3 3 2 2 4 4 2 2 1 1 3 3 3 3 0 0 0 0 0 0 4 4 3 3 1 1 2 2 1 1 4 4 3 3 2 2 4 4 3 3 1 1 1 1 2 2 1 1 3 3 4 4 4 4 0 0 1 1 1 1 3 3 4 4 1 1 1 1 3 3 2 2 2 2 2 2 2 2 0 0 1 1 2 2 2 2 4 4 4 4 2 2 1 1 2 2 1 1 4 4 4 4 4 4 0 0 3 3 4 4 4 4 4 4 4 4 3 3 1 1 3 3 2 2 3 3 4 4 2 2 0 0 4 4 4 4 0 0 2 2 0 0 4 4 3 1 4 1 2 4 4 4


0 0
0 0




0 0
0 0
0
0
0
0
0
0
