colony_input
colony_input
27
129
351933
1
2
1
0
0 0
0
1
0
0
1
2
0
10000
0
2
2
MK@
0@
0.01 0.01 0.01 0.01 0.01 0.01 0.01 0.01 0.01 0.01 0.01 0.01 0.01 0.01 0.01 0.01 0.01 0.01 0.01 0.01 0.01 0.01 0.01 0.01 0.01 0.01 0.01 0.01 0.01 0.01 0.01 0.01 0.01 0.01 0.01 0.01 0.01 0.01 0.01 0.01 0.01 0.01 0.01 0.01 0.01 0.01 0.01 0.01 0.01 0.01 0.01 0.01 0.01 0.01 0.01 0.01 0.01 0.01 0.01 0.01 0.01 0.01 0.01 0.01 0.01 0.01 0.01 0.01 0.01 0.01 0.01 0.01 0.01 0.01 0.01 0.01 0.01 0.01 0.01 0.01 0.01 0.01 0.01 0.01 0.01 0.01 0.01 0.01 0.01 0.01 0.01 0.01 0.01 0.01 0.01 0.01 0.01 0.01 0.01 0.01 0.01 0.01 0.01 0.01 0.01 0.01 0.01 0.01 0.01 0.01 0.01 0.01 0.01 0.01 0.01 0.01 0.01 0.01 0.01 0.01 0.01 0.01 0.01 0.01 0.01 0.01 0.01 0.01 0.01
0.01 0.01 0.01 0.01 0.01 0.01 0.01 0.01 0.01 0.01 0.01 0.01 0.01 0.01 0.01 0.01 0.01 0.01 0.01 0.01 0.01 0.01 0.01 0.01 0.01 0.01 0.01 0.01 0.01 0.01 0.01 0.01 0.01 0.01 0.01 0.01 0.01 0.01 0.01 0.01 0.01 0.01 0.01 0.01 0.01 0.01 0.01 0.01 0.01 0.01 0.01 0.01 0.01 0.01 0.01 0.01 0.01 0.01 0.01 0.01 0.01 0.01 0.01 0.01 0.01 0.01 0.01 0.01 0.01 0.01 0.01 0.01 0.01 0.01 0.01 0.01 0.01 0.01 0.01 0.01 0.01 0.01 0.01 0.01 0.01 0.01 0.01 0.01 0.01 0.01 0.01 0.01 0.01 0.01 0.01 0.01 0.01 0.01 0.01 0.01 0.01 0.01 0.01 0.01 0.01 0.01 0.01 0.01 0.01 0.01 0.01 0.01 0.01 0.01 0.01 0.01 0.01 0.01 0.01 0.01 0.01 0.01 0.01 0.01 0.01 0.01 0.01 0.01 0.01
WAL_SLK_2015_001 0 0 3 3 0 0 0 0 1 1 3 1 1 3 0 0 3 3 1 1 2 2 0 0 0 0 4 3 0 0 0 0 0 0 0 0 0 0 0 0 0 0 0 0 0 0 0 0 0 0 0 0 0 0 0 0 0 0 0 0 3 4 0 0 0 0 0 0 0 0 0 0 0 0 0 0 2 4 1 2 3 1 3 4 3 4 3 2 0 0 0 0 0 0 0 0 3 3 0 0 0 0 0 0 2 4 0 0 0 0 0 0 0 0 1 3 4 2 2 4 0 0 0 0 0 0 0 0 0 0 0 0 2 2 3 3 0 0 0 0 0 0 2 2 0 0 0 0 0 0 4 4 0 0 0 0 1 1 0 0 0 0 0 0 0 0 0 0 0 0 0 0 0 0 0 0 0 0 3 3 0 0 0 0 0 0 0 0 0 0 0 0 0 0 0 0 0 0 0 0 0 0 0 0 0 0 0 0 0 0 0 0 0 0 0 0 1 4 0 0 4 1 3 3 0 0 3 4 0 0 0 0 3 1 0 0 0 0 0 0 0 0 0 0 0 0 0 0 0 0 0 0 0 0 0 0 0 0
WAL_SLK_2015_002 1 1 0 0 0 0 0 0 0 0 3 1 1 1 0 0 4 3 4 1 3 2 0 0 0 0 0 0 0 0 0 0 0 0 4 2 2 4 2 2 3 3 0 0 0 0 0 0 0 0 0 0 0 0 0 0 0 0 3 4 0 0 1 3 2 2 0 0 3 3 0 0 0 0 0 0 0 0 0 0 0 0 0 0 0 0 0 0 0 0 0 0 0 0 0 0 0 0 1 1 2 2 1 1 0 0 3 3 0 0 0 0 0 0 1 1 4 4 0 0 0 0 0 0 3 3 3 3 0 0 0 0 2 2 0 0 0 0 0 0 3 2 0 0 0 0 0 0 2 2 4 4 0 0 0 0 0 0 0 0 0 0 0 0 0 0 0 0 0 0 0 0 1 3 0 0 2 2 0 0 0 0 0 0 0 0 0 0 0 0 0 0 0 0 0 0 0 0 0 0 0 0 0 0 0 0 0 0 0 0 0 0 4 1 0 0 0 0 0 0 0 0 3 3 4 2 0 0 4 4 0 0 0 0 0 0 0 0 0 0 0 0 0 0 3 3 0 0 0 0 4 2 0 0 0 0 0 0
WAL_SLK_2015_003 0 0 0 0 0 0 4 4 1 1 3 1 0 0 0 0 0 0 0 0 0 0 0 0 0 0 0 0 0 0 4 2 0 0 4 4 2 2 2 2 0 0 0 0 0 0 0 0 0 0 0 0 0 0 0 0 0 0 0 0 0 0 0 0 0 0 3 3 1 3 1 1 0 0 0 0 0 0 1 1 3 3 0 0 0 0 0 0 0 0 0 0 0 0 0 0 0 0 1 1 0 0 0 0 0 0 3 3 2 2 4 4 2 3 0 0 0 0 0 0 2 2 2 1 0 0 3 4 0 0 0 0 0 0 3 3 0 0 0 0 2 2 0 0 1 1 0 0 2 2 4 4 0 0 0 0 0 0 1 1 0 0 0 0 0 0 0 0 0 0 3 3 0 0 4 4 2 2 3 3 0 0 0 0 0 0 0 0 0 0 0 0 0 0 0 0 0 0 0 0 0 0 0 0 0 0 0 0 0 0 0 0 0 0 0 0 4 4 3 3 0 0 0 0 4 2 3 4 0 0 0 0 3 1 0 0 0 0 0 0 0 0 0 0 0 0 0 0 0 0 0 0 4 4 2 2 0 0
WAL_SLK_2015_004 0 0 0 0 0 0 0 0 0 0 0 0 0 0 0 0 0 0 0 0 0 0 0 0 0 0 0 0 0 0 4 4 0 0 0 0 0 0 0 0 0 0 0 0 0 0 0 0 0 0 0 0 0 0 0 0 0 0 0 0 0 0 0 0 2 2 0 0 0 0 0 0 0 0 0 0 0 0 0 0 0 0 0 0 0 0 0 0 0 0 0 0 2 4 4 2 0 0 0 0 0 0 0 0 0 0 0 0 0 0 0 0 0 0 0 0 0 0 0 0 2 2 0 0 0 0 0 0 0 0 0 0 0 0 0 0 0 0 3 1 0 0 0 0 0 0 0 0 0 0 0 0 0 0 0 0 0 0 0 0 1 3 4 1 3 1 0 0 0 0 0 0 0 0 0 0 0 0 0 0 0 0 0 0 0 0 0 0 0 0 0 0 0 0 0 0 0 0 0 0 0 0 0 0 0 0 0 0 2 2 0 0 0 0 0 0 0 0 0 0 0 0 0 0 0 0 0 0 0 0 0 0 0 0 0 0 0 0 0 0 0 0 0 0 3 4 0 0 0 0 0 0 0 0 0 0 0 0
WAL_SLK_2015_005 0 0 3 3 4 2 0 0 1 4 3 1 1 1 0 0 3 3 1 1 2 2 0 0 0 0 4 3 0 0 4 4 4 4 0 0 0 0 2 4 3 3 1 1 2 2 2 2 3 3 4 4 1 1 0 0 0 0 3 4 3 3 0 0 2 3 0 0 1 3 0 0 0 0 0 0 0 0 0 0 0 0 3 4 0 0 0 0 0 0 0 0 2 4 0 0 0 0 0 0 0 0 0 0 2 2 0 0 0 0 0 0 2 3 1 1 4 4 2 2 0 0 0 0 0 0 0 0 0 0 0 0 2 2 3 3 0 0 0 0 3 2 0 0 0 0 0 0 2 2 4 4 0 0 0 0 1 1 1 3 1 1 4 4 3 3 0 0 2 2 3 3 0 0 0 0 2 1 3 3 4 4 2 1 0 0 0 0 0 0 0 0 0 0 0 0 0 0 0 0 0 0 0 0 0 0 0 0 4 2 1 1 4 4 0 0 0 0 0 0 0 0 3 3 2 2 0 0 4 4 2 2 3 1 2 2 1 1 3 3 2 2 1 1 3 3 2 2 0 0 4 4 4 4 2 2 3 3
WAL_SLK_2015_006 1 3 3 3 2 2 4 4 1 1 3 1 1 1 0 0 3 3 1 1 2 2 4 4 3 3 3 3 0 0 4 4 4 4 4 2 2 4 2 4 3 3 1 1 2 2 2 2 3 3 4 4 1 1 0 0 2 2 4 4 3 3 3 3 2 3 3 3 3 3 1 1 4 2 1 1 2 2 1 1 3 3 0 0 0 0 0 0 0 0 0 0 0 0 0 0 3 3 1 1 2 2 1 1 2 4 3 3 2 2 4 4 2 3 1 1 4 4 2 2 2 2 2 2 0 0 3 3 0 0 0 0 2 2 3 3 0 0 3 3 2 2 2 1 0 0 2 2 2 2 4 4 0 0 0 0 1 1 1 1 1 1 4 4 3 3 1 3 2 2 3 3 0 0 0 0 2 2 3 3 4 4 0 0 2 4 1 3 1 2 2 4 1 4 4 3 3 1 4 3 3 4 2 4 3 4 3 1 2 2 0 0 0 0 2 2 4 4 3 3 4 4 3 3 4 2 3 4 4 4 2 4 3 1 2 2 1 1 3 3 2 2 1 1 3 3 2 2 0 0 0 0 4 4 2 2 0 0
WAL_SLK_2015_007 0 0 3 3 2 2 0 0 0 0 3 1 1 1 0 0 0 0 0 0 0 0 0 0 1 3 0 0 0 0 0 0 0 0 0 0 0 0 0 0 0 0 0 0 2 2 2 2 3 3 0 0 1 1 0 0 0 0 0 0 0 0 0 0 2 2 3 3 0 0 1 1 4 4 0 0 0 0 0 0 0 0 0 0 0 0 0 0 4 4 0 0 0 0 0 0 0 0 1 1 2 2 1 1 2 4 3 3 2 2 4 4 2 3 1 1 4 4 0 0 0 0 2 2 3 1 0 0 0 0 0 0 2 2 3 3 0 0 3 3 2 2 0 0 0 0 0 0 0 0 4 4 0 0 0 0 1 1 0 0 0 0 0 0 0 0 0 0 0 0 0 0 0 0 0 0 0 0 0 0 4 4 0 0 0 0 0 0 0 0 0 0 0 0 0 0 0 0 0 0 0 0 0 0 0 0 0 0 0 0 0 0 0 0 2 2 1 4 3 3 0 0 3 3 4 4 0 0 4 4 0 0 0 0 0 0 0 0 0 0 0 0 1 1 3 3 2 4 0 0 0 0 4 4 0 0 0 0
WAL_SLK_2015_008 0 0 0 0 0 0 0 0 0 0 3 1 0 0 0 0 4 4 4 4 0 0 0 0 0 0 0 0 0 0 0 0 0 0 0 0 0 0 0 0 0 0 0 0 0 0 0 0 0 0 0 0 0 0 0 0 2 2 0 0 0 0 0 0 0 0 0 0 0 0 1 1 0 0 0 0 0 0 0 0 0 0 0 0 0 0 0 0 0 0 0 0 0 0 0 0 0 0 1 2 0 0 0 0 0 0 0 0 0 0 0 0 0 0 0 0 0 0 0 0 0 0 2 1 3 1 3 3 0 0 0 0 2 2 0 0 0 0 0 0 0 0 0 0 0 0 0 0 0 0 0 0 0 0 0 0 3 1 0 0 0 0 0 0 0 0 0 0 0 0 0 0 0 0 0 0 0 0 0 0 0 0 0 0 0 0 0 0 0 0 0 0 0 0 0 0 0 0 0 0 0 0 0 0 0 0 0 0 0 0 0 0 0 0 0 0 0 0 0 0 0 0 0 0 2 2 3 4 4 4 0 0 0 0 0 0 0 0 0 0 0 0 1 1 0 0 0 0 0 0 0 0 0 0 0 0 0 0
WAL_SLK_2015_009 1 1 3 3 4 4 4 4 0 0 3 1 1 1 0 0 3 3 1 1 2 2 0 0 0 0 4 3 0 0 0 0 0 0 4 4 0 0 2 4 3 3 0 0 0 0 2 2 3 3 0 0 0 0 0 0 0 0 0 0 0 0 0 0 2 2 4 3 0 0 0 0 4 4 1 1 2 2 1 1 3 3 0 0 0 0 0 0 0 0 0 0 0 0 4 4 0 0 0 0 0 0 0 0 2 4 3 3 0 0 0 0 2 2 0 0 0 0 0 0 2 1 2 1 0 0 0 0 0 0 0 0 2 2 3 3 0 0 0 0 0 0 0 0 1 1 0 0 0 0 0 0 0 0 0 0 3 1 0 0 0 0 0 0 3 3 0 0 2 2 0 0 0 0 0 0 2 2 0 0 4 4 0 0 0 0 0 0 0 0 0 0 0 0 0 0 0 0 0 0 0 0 0 0 0 0 0 0 2 2 0 0 0 0 0 0 4 4 3 3 0 0 0 0 0 0 3 3 0 0 0 0 0 0 2 2 0 0 0 0 0 0 0 0 3 3 0 0 0 0 0 0 4 4 2 4 3 4
WAL_SLK_2015_010 0 0 3 3 2 2 0 0 1 4 1 1 1 1 0 0 3 3 1 1 0 0 0 0 3 3 0 0 0 0 0 0 4 4 4 4 2 2 0 0 0 0 1 3 2 2 2 2 3 3 0 0 1 1 0 0 2 2 0 0 0 0 0 0 2 2 3 3 3 3 1 1 0 0 1 1 2 4 1 2 3 1 3 4 0 0 0 0 0 0 0 0 0 0 0 0 3 3 1 1 2 2 1 1 0 0 0 0 0 0 0 0 2 2 0 0 0 0 0 0 2 2 0 0 3 1 3 3 1 1 1 1 2 2 3 2 0 0 3 3 3 3 0 0 0 0 2 2 0 0 0 0 0 0 0 0 1 1 0 0 0 0 0 0 0 0 0 0 0 0 0 0 1 3 0 0 0 0 0 0 4 4 0 0 0 0 0 0 0 0 2 4 1 4 4 3 0 0 4 3 0 0 0 0 0 0 0 0 0 0 0 0 0 0 0 0 0 0 0 0 0 0 0 0 4 4 0 0 2 4 0 0 3 1 0 0 0 0 0 0 0 0 1 1 0 0 0 0 0 0 0 0 4 4 2 2 0 0
WAL_SLK_2015_011 0 0 3 3 2 2 0 0 0 0 0 0 0 0 0 0 0 0 0 0 0 0 0 0 0 0 0 0 0 0 0 0 0 0 4 4 2 2 0 0 0 0 0 0 0 0 0 0 0 0 0 0 0 0 0 0 0 0 0 0 0 0 1 3 0 0 0 0 1 3 0 0 0 0 0 0 0 0 0 0 0 0 0 0 0 0 0 0 0 0 0 0 0 0 0 0 0 0 0 0 0 0 0 0 0 0 0 0 0 0 0 0 0 0 0 0 0 0 0 0 0 0 0 0 0 0 0 0 0 0 0 0 0 0 0 0 0 0 0 0 0 0 0 0 0 0 0 0 0 0 0 0 0 0 0 0 0 0 0 0 0 0 0 0 0 0 0 0 0 0 0 0 0 0 0 0 0 0 0 0 0 0 0 0 0 0 0 0 0 0 0 0 0 0 0 0 0 0 0 0 0 0 0 0 0 0 0 0 0 0 0 0 0 0 0 0 0 0 0 0 0 0 3 1 0 0 0 0 0 0 0 0 0 0 0 0 0 0 0 0 0 0 0 0 0 0 0 0 0 0 0 0 0 0 0 0 0 0
WAL_SLK_2015_013 1 1 3 3 0 0 0 0 0 0 3 1 1 1 0 0 3 3 1 1 0 0 4 4 3 3 4 3 0 0 0 0 0 0 4 4 2 2 2 2 0 0 0 0 2 2 2 2 3 3 0 0 1 1 0 0 0 0 4 4 3 3 0 0 0 0 3 3 3 3 0 0 0 0 0 0 2 4 1 2 3 1 3 4 3 4 3 2 0 0 0 0 0 0 0 0 0 0 0 0 0 0 0 0 2 4 0 0 0 0 0 0 2 3 1 1 4 4 2 2 2 2 0 0 3 1 3 3 0 0 0 0 2 2 3 3 0 0 0 0 0 0 2 2 0 0 0 0 2 2 4 4 0 0 0 0 0 0 0 0 1 1 4 4 3 3 1 3 0 0 0 0 0 0 0 0 0 0 0 0 4 4 0 0 2 2 1 1 1 1 0 0 0 0 0 0 0 0 0 0 0 0 0 0 0 0 0 0 0 0 0 0 0 0 0 0 4 4 3 3 0 0 3 3 0 0 0 0 0 0 0 0 3 1 2 1 1 1 3 3 2 2 1 2 3 3 0 0 0 0 0 0 4 4 0 0 0 0
WAL_SLK_2015_014 1 1 3 3 2 2 4 4 1 1 3 1 1 1 4 4 3 3 1 1 2 2 4 4 3 3 4 4 1 1 4 4 4 4 4 2 2 4 2 4 3 3 1 1 2 2 2 2 3 3 4 4 1 1 0 0 2 2 4 4 3 3 1 3 2 2 3 3 3 3 1 1 4 4 1 1 2 4 1 2 3 1 3 4 3 4 3 2 0 0 0 0 4 4 0 0 3 3 1 1 2 2 1 1 2 4 3 3 2 2 4 4 2 3 1 1 4 4 2 2 2 2 0 0 3 1 3 3 0 0 0 0 2 2 0 0 1 1 3 3 3 2 2 2 1 1 2 2 2 2 4 4 0 0 0 0 1 1 1 1 1 1 4 4 3 3 1 1 2 2 3 3 3 3 4 4 2 2 0 0 4 4 2 2 2 4 1 3 1 2 2 4 1 1 4 3 3 3 4 4 3 3 2 2 3 4 3 1 2 2 1 1 4 4 2 2 4 4 3 3 4 4 3 3 4 2 4 4 4 4 0 0 3 1 2 2 1 1 3 3 2 2 1 1 3 3 0 0 3 3 4 4 4 4 2 2 3 3
WAL_SLK_2015_015 0 0 0 0 0 0 0 0 0 0 0 0 1 1 0 0 4 3 4 1 3 2 4 1 0 0 0 0 0 0 0 0 4 4 0 0 0 0 2 2 3 3 0 0 0 0 0 0 0 0 0 0 1 1 0 0 0 0 0 0 0 0 0 0 0 0 3 3 3 3 0 0 0 0 0 0 2 4 1 2 3 1 3 4 3 4 3 2 0 0 0 0 0 0 0 0 0 0 0 0 2 2 1 1 0 0 0 0 0 0 0 0 0 0 1 1 4 4 0 0 2 2 0 0 3 1 3 3 0 0 0 0 0 0 3 3 0 0 0 0 0 0 0 0 1 1 0 0 2 2 4 4 2 2 2 2 0 0 0 0 0 0 0 0 0 0 0 0 0 0 0 0 0 0 4 2 0 0 3 3 4 4 0 0 2 4 1 3 0 0 0 0 0 0 0 0 3 1 4 3 3 4 2 4 3 4 3 1 0 0 0 0 0 0 0 0 0 0 3 3 0 0 0 0 4 2 3 4 0 0 0 0 3 1 0 0 0 0 0 0 0 0 0 0 0 0 0 0 0 0 0 0 0 0 0 0 0 0
WAL_SLK_2015_017 0 0 0 0 0 0 4 1 0 0 3 1 0 0 0 0 3 3 1 1 2 2 0 0 3 3 0 0 0 0 0 0 4 4 4 4 2 2 0 0 0 0 0 0 0 0 0 0 0 0 0 0 0 0 0 0 2 2 0 0 0 0 3 3 0 0 4 3 1 3 1 3 0 0 0 0 2 4 1 2 3 1 3 4 3 4 3 2 0 0 0 0 0 0 0 0 0 0 1 1 0 0 0 0 2 4 0 0 0 0 0 0 2 3 1 1 4 4 0 0 2 2 0 0 0 0 3 3 0 0 0 0 2 2 3 2 0 0 0 0 2 2 0 0 0 0 2 1 0 0 4 2 0 0 0 0 3 1 0 0 0 0 0 0 0 0 0 0 0 0 0 0 0 0 0 0 0 0 0 0 0 0 0 0 0 0 0 0 0 0 0 0 0 0 0 0 0 0 0 0 0 0 0 0 0 0 0 0 0 0 1 3 0 0 2 2 0 0 0 0 0 0 0 0 4 4 3 4 2 4 0 0 0 0 0 0 1 4 3 4 2 4 1 2 0 0 0 0 0 0 0 0 4 2 0 0 0 0
WAL_SLK_2015_018 0 0 3 3 4 2 0 0 1 4 3 1 1 1 0 0 3 3 1 1 0 0 0 0 1 3 0 0 0 0 0 0 0 0 0 0 0 0 0 0 0 0 0 0 0 0 0 0 0 0 0 0 1 1 0 0 2 2 3 4 3 3 0 0 2 2 3 3 1 1 0 0 4 2 0 0 2 4 1 2 0 0 0 0 0 0 0 0 0 0 0 0 0 0 0 0 0 0 1 1 2 2 1 1 0 0 0 0 0 0 0 0 2 3 0 0 0 0 2 2 0 0 0 0 0 0 3 3 0 0 0 0 2 2 0 0 1 4 3 3 3 3 0 0 0 0 0 0 0 0 4 4 0 0 0 0 3 1 1 1 0 0 0 0 0 0 0 0 0 0 0 0 0 0 0 0 2 2 0 0 0 0 0 0 0 0 0 0 0 0 0 0 0 0 0 0 0 0 0 0 0 0 0 0 0 0 0 0 4 2 0 0 0 0 2 4 4 4 3 3 0 0 0 0 4 4 3 3 2 4 0 0 0 0 0 0 1 1 3 3 2 2 0 0 0 0 0 0 0 0 0 0 0 0 2 2 0 0
WAL_SLK_2015_019 0 0 0 0 0 0 0 0 1 4 3 1 1 1 0 0 4 3 4 1 3 2 0 0 3 3 0 0 0 0 0 0 4 4 0 0 0 0 2 4 0 0 0 0 2 2 2 2 3 3 0 0 0 0 0 0 0 0 0 0 0 0 3 3 0 0 3 3 0 0 0 0 4 4 0 0 2 2 1 1 3 3 0 0 0 0 0 0 0 0 0 0 0 0 0 0 3 3 1 1 2 2 1 1 0 0 3 3 2 2 4 4 2 2 0 0 0 0 0 0 2 2 0 0 0 0 3 3 0 0 0 0 2 2 3 3 0 0 0 0 0 0 0 0 0 0 2 2 2 2 4 4 0 0 0 0 0 0 0 0 0 0 0 0 0 0 0 0 0 0 0 0 0 0 0 0 0 0 3 3 4 4 0 0 0 0 0 0 0 0 0 0 0 0 0 0 0 0 0 0 0 0 0 0 0 0 0 0 0 0 0 0 0 0 2 2 4 4 3 3 0 0 0 0 0 0 3 4 4 4 0 0 3 1 0 0 1 1 3 3 2 2 1 2 0 0 0 0 0 0 0 0 0 0 2 2 0 0
WAL_SLK_2015_020 0 0 0 0 0 0 0 0 0 0 0 0 0 0 0 0 0 0 0 0 0 0 0 0 0 0 0 0 0 0 0 0 0 0 0 0 0 0 2 4 0 0 0 0 2 4 2 1 3 1 0 0 0 0 0 0 0 0 0 0 0 0 0 0 0 0 0 0 0 0 0 0 0 0 0 0 0 0 0 0 0 0 0 0 0 0 0 0 0 0 0 0 0 0 0 0 0 0 0 0 0 0 0 0 0 0 0 0 0 0 0 0 0 0 0 0 0 0 0 0 0 0 0 0 0 0 0 0 0 0 0 0 0 0 0 0 0 0 0 0 0 0 0 0 0 0 0 0 0 0 0 0 0 0 2 1 3 1 0 0 0 0 0 0 0 0 0 0 0 0 0 0 0 0 4 2 0 0 0 0 0 0 0 0 0 0 0 0 0 0 2 4 1 4 4 3 0 0 4 3 0 0 0 0 0 0 0 0 0 0 0 0 0 0 0 0 0 0 0 0 0 0 0 0 0 0 0 0 2 4 0 0 3 1 0 0 0 0 0 0 0 0 0 0 0 0 0 0 0 0 0 0 0 0 0 0 0 0
WAL_SLK_2015_021 1 1 0 0 0 0 0 0 0 0 3 1 1 1 0 0 3 3 1 1 2 2 4 4 0 0 0 0 3 1 4 4 4 4 4 4 2 2 2 4 3 3 0 0 2 2 2 2 3 3 4 4 1 1 0 0 0 0 4 4 3 3 3 3 2 2 3 3 3 3 0 0 0 0 0 0 2 4 1 2 3 1 3 4 0 0 0 0 1 4 1 4 4 4 0 0 3 3 0 0 2 1 1 4 0 0 0 0 0 0 0 0 0 0 1 1 4 4 2 2 2 2 0 0 0 0 3 3 1 3 1 4 2 2 3 3 0 0 3 3 3 2 2 1 1 4 0 0 2 2 4 4 0 0 0 0 3 1 0 0 1 1 4 4 3 3 0 0 2 2 3 3 3 3 4 4 0 0 3 3 1 4 2 2 2 4 1 3 1 2 2 4 1 4 4 3 3 1 4 3 3 4 2 4 3 4 3 1 2 2 1 1 4 4 0 0 0 0 0 0 4 4 3 3 0 0 3 3 4 4 0 0 3 1 0 0 0 0 0 0 0 0 1 1 3 3 0 0 0 0 0 0 4 4 0 0 0 0
WAL_SLK_2015_022 1 1 0 0 2 2 4 4 1 1 3 1 1 1 4 4 4 3 4 1 3 2 4 4 1 3 4 3 1 1 4 4 0 0 4 4 2 2 4 4 3 3 1 1 2 2 2 2 3 3 4 4 1 1 1 1 2 2 0 0 0 0 3 3 2 2 0 0 3 3 1 1 4 2 1 1 2 4 1 2 3 1 3 4 3 4 3 2 4 4 0 0 4 4 4 4 3 3 1 1 2 1 1 4 4 4 3 3 2 2 4 4 2 3 1 1 4 4 2 2 2 2 2 1 1 1 3 3 1 1 1 1 2 2 3 3 0 0 3 3 3 2 2 2 0 0 2 2 2 2 4 4 0 0 0 0 0 0 1 1 1 1 4 4 3 3 1 3 0 0 0 0 3 3 4 4 2 2 3 4 4 4 0 0 2 4 1 3 1 2 2 4 1 4 4 3 3 1 4 3 3 4 2 4 3 4 3 1 4 4 1 1 4 4 2 2 4 4 3 3 0 0 3 3 4 2 3 4 4 4 0 0 3 1 2 2 1 1 3 3 2 2 1 1 3 3 2 4 3 3 4 4 4 4 2 2 3 3
WAL_SLK_2015_023 0 0 3 3 4 2 0 0 0 0 3 1 1 1 0 0 4 3 4 1 3 2 0 0 0 0 3 3 0 0 0 0 0 0 0 0 0 0 4 4 0 0 0 0 2 2 2 2 3 3 4 2 1 3 1 2 0 0 0 0 0 0 0 0 2 2 0 0 1 3 1 1 0 0 0 0 0 0 0 0 0 0 0 0 0 0 0 0 0 0 0 0 0 0 0 0 3 4 0 0 2 1 1 4 0 0 3 3 0 0 0 0 2 2 1 1 4 4 0 0 2 2 0 0 0 0 0 0 0 0 0 0 2 2 3 3 0 0 0 0 3 2 0 0 0 0 0 0 0 0 4 4 0 0 0 0 0 0 0 0 1 1 4 4 3 3 1 1 0 0 0 0 0 0 0 0 0 0 0 0 0 0 2 2 2 4 1 3 1 2 2 4 1 4 4 3 3 1 4 3 3 4 2 4 3 4 3 1 2 2 0 0 0 0 0 0 1 4 3 3 0 0 0 0 2 2 0 0 4 4 0 0 3 1 2 2 0 0 0 0 0 0 0 0 0 0 0 0 0 0 0 0 0 0 2 2 3 3
WAL_SLK_2015_024 0 0 0 0 0 0 0 0 0 0 3 1 0 0 0 0 0 0 0 0 0 0 0 0 0 0 0 0 0 0 0 0 0 0 0 0 0 0 2 4 0 0 0 0 2 4 2 1 3 1 0 0 0 0 0 0 0 0 0 0 0 0 0 0 0 0 0 0 1 3 0 0 0 0 0 0 0 0 0 0 0 0 0 0 0 0 0 0 0 0 0 0 0 0 0 0 0 0 0 0 0 0 0 0 0 0 0 0 0 0 0 0 2 3 0 0 0 0 2 2 0 0 0 0 3 1 0 0 0 0 0 0 2 2 0 0 0 0 0 0 0 0 0 0 0 0 0 0 0 0 0 0 0 0 0 0 3 1 1 3 0 0 0 0 0 0 0 0 0 0 0 0 1 3 0 0 0 0 0 0 0 0 0 0 0 0 0 0 0 0 0 0 0 0 0 0 0 0 0 0 0 0 0 0 0 0 0 0 0 0 0 0 0 0 0 0 1 4 3 1 4 4 3 3 0 0 0 0 0 0 0 0 0 0 0 0 0 0 0 0 0 0 0 0 3 3 0 0 0 0 0 0 0 0 0 0 0 0
WAL_SLK_2015_025 1 1 0 0 0 0 4 4 1 1 3 1 1 1 4 2 4 3 4 1 3 2 0 0 0 0 4 3 0 0 0 0 0 0 4 4 2 2 2 4 3 3 0 0 0 0 2 2 3 3 0 0 0 0 0 0 4 2 0 0 0 0 1 3 0 0 4 3 1 3 1 1 4 4 1 1 2 4 1 2 3 1 3 4 0 0 0 0 4 4 1 1 0 0 0 0 3 3 1 1 2 1 1 4 4 4 0 0 0 0 0 0 0 0 0 0 0 0 2 2 2 2 0 0 0 0 3 3 0 0 0 0 2 1 3 3 0 0 0 0 0 0 0 0 0 0 2 2 2 2 4 4 0 0 0 0 0 0 0 0 1 1 4 4 3 3 0 0 0 0 0 0 0 0 0 0 0 0 0 0 0 0 0 0 0 0 0 0 0 0 0 0 0 0 0 0 0 0 0 0 0 0 0 0 0 0 0 0 2 2 0 0 0 0 0 0 0 0 0 0 0 0 0 0 4 4 3 4 4 4 0 0 0 0 2 2 0 0 0 0 0 0 0 0 3 3 0 0 0 0 0 0 4 4 0 0 0 0
WAL_SLK_2015_026 0 0 0 0 2 2 4 4 1 4 3 1 0 0 0 0 3 3 1 1 2 2 4 4 3 3 0 0 0 0 4 4 4 4 4 4 2 2 2 4 0 0 0 0 0 0 2 2 3 3 0 0 0 0 0 0 0 0 3 4 0 0 3 3 0 0 3 3 0 0 0 0 0 0 1 1 0 0 0 0 0 0 0 0 0 0 0 0 0 0 0 0 0 0 0 0 3 3 1 1 2 1 1 4 0 0 3 1 2 4 4 2 0 0 1 1 4 4 2 2 2 2 0 0 0 0 0 0 0 0 0 0 2 2 3 3 0 0 3 3 0 0 2 2 0 0 0 0 2 2 4 4 0 0 0 0 1 1 0 0 1 1 4 4 3 3 0 0 0 0 3 3 0 0 4 4 0 0 3 3 4 4 0 0 4 4 3 3 0 0 2 4 1 4 4 3 0 0 4 3 0 0 0 0 0 0 0 0 2 2 0 0 4 4 0 0 4 4 3 3 0 0 0 0 2 2 0 0 4 4 2 4 0 0 0 0 1 1 3 3 2 2 1 1 3 3 0 0 3 4 0 0 0 0 2 2 0 0
WAL_SLK_2015_027 0 0 0 0 0 0 0 0 0 0 3 1 0 0 0 0 0 0 0 0 0 0 0 0 0 0 0 0 0 0 0 0 0 0 0 0 0 0 0 0 0 0 0 0 0 0 0 0 0 0 0 0 0 0 0 0 0 0 0 0 0 0 0 0 0 0 0 0 0 0 0 0 0 0 0 0 0 0 0 0 0 0 0 0 0 0 0 0 0 0 0 0 0 0 0 0 0 0 0 0 0 0 0 0 2 4 3 3 2 2 4 4 0 0 0 0 0 0 0 0 2 2 0 0 0 0 3 3 0 0 0 0 0 0 0 0 0 0 0 0 0 0 0 0 0 0 0 0 0 0 0 0 0 0 0 0 0 0 0 0 0 0 0 0 0 0 0 0 0 0 0 0 0 0 0 0 0 0 0 0 0 0 0 0 0 0 0 0 0 0 2 4 1 4 4 3 0 0 4 3 0 0 0 0 0 0 0 0 0 0 0 0 0 0 0 0 0 0 0 0 0 0 0 0 0 0 0 0 0 0 0 0 3 1 0 0 0 0 0 0 0 0 0 0 0 0 0 0 0 0 0 0 0 0 0 0 0 0
WAL_SLK_2015_029 0 0 3 3 4 2 0 0 0 0 3 1 1 1 0 0 3 3 1 1 2 2 0 0 1 3 4 3 0 0 0 0 4 4 0 0 0 0 2 4 3 1 1 1 2 2 2 2 3 3 4 4 1 1 0 0 0 0 0 0 0 0 0 0 0 0 0 0 0 0 0 0 4 4 1 3 2 4 1 2 3 1 3 4 3 4 3 2 0 0 0 0 0 0 0 0 3 3 0 0 2 2 1 1 2 2 3 3 2 2 4 4 2 2 1 1 4 4 0 0 2 2 0 0 1 1 3 3 0 0 0 0 0 0 3 3 0 0 0 0 3 2 2 1 1 1 0 0 2 2 4 4 2 1 0 0 1 1 0 0 1 1 4 4 3 3 0 0 2 2 3 1 0 0 0 0 0 0 3 3 0 0 0 0 2 4 1 3 1 2 2 4 1 1 4 3 0 0 4 4 0 0 0 0 3 4 3 1 2 2 0 0 0 0 0 0 4 4 3 3 4 4 3 3 0 0 0 0 4 4 2 4 0 0 2 1 1 1 3 3 2 2 1 1 3 3 0 0 0 0 0 0 4 4 2 2 3 3
WAL_SLK_2015_030 0 0 3 1 2 2 4 4 1 1 3 1 1 1 4 4 3 3 1 1 2 2 4 4 3 3 4 4 0 0 4 4 4 1 4 2 0 0 2 4 3 3 1 1 2 2 2 2 3 3 4 4 1 1 1 1 2 2 4 4 3 3 3 3 0 0 3 3 3 3 1 1 4 4 1 1 2 4 1 2 3 1 3 4 3 4 3 2 4 4 1 1 4 4 0 0 3 3 1 1 2 2 1 1 2 4 3 3 2 2 4 4 2 3 1 1 4 4 2 2 2 2 2 1 3 1 3 3 0 0 0 0 2 2 3 3 1 1 3 3 2 2 0 0 1 1 2 2 2 1 4 4 2 2 2 1 0 0 1 1 0 0 0 0 0 0 1 1 2 1 3 3 3 3 4 4 0 0 3 3 4 4 2 2 2 4 1 3 1 2 2 4 1 4 4 3 3 1 4 3 0 0 0 0 3 4 3 1 2 2 1 1 4 4 2 2 4 4 3 3 4 4 3 3 0 0 3 3 4 4 0 0 3 1 2 2 1 1 3 3 2 2 1 1 3 3 2 2 3 3 4 4 0 0 2 2 0 0


0 0
0 0




0 0
0 0
0
0
0
0
0
0
