colony_input
colony_input
8
117
435021
1
2
1
0
0 0
0
1
0
0
1
2
0
10000
0
2
2
MK@
0@
0.01 0.01 0.01 0.01 0.01 0.01 0.01 0.01 0.01 0.01 0.01 0.01 0.01 0.01 0.01 0.01 0.01 0.01 0.01 0.01 0.01 0.01 0.01 0.01 0.01 0.01 0.01 0.01 0.01 0.01 0.01 0.01 0.01 0.01 0.01 0.01 0.01 0.01 0.01 0.01 0.01 0.01 0.01 0.01 0.01 0.01 0.01 0.01 0.01 0.01 0.01 0.01 0.01 0.01 0.01 0.01 0.01 0.01 0.01 0.01 0.01 0.01 0.01 0.01 0.01 0.01 0.01 0.01 0.01 0.01 0.01 0.01 0.01 0.01 0.01 0.01 0.01 0.01 0.01 0.01 0.01 0.01 0.01 0.01 0.01 0.01 0.01 0.01 0.01 0.01 0.01 0.01 0.01 0.01 0.01 0.01 0.01 0.01 0.01 0.01 0.01 0.01 0.01 0.01 0.01 0.01 0.01 0.01 0.01 0.01 0.01 0.01 0.01 0.01 0.01 0.01 0.01
0.01 0.01 0.01 0.01 0.01 0.01 0.01 0.01 0.01 0.01 0.01 0.01 0.01 0.01 0.01 0.01 0.01 0.01 0.01 0.01 0.01 0.01 0.01 0.01 0.01 0.01 0.01 0.01 0.01 0.01 0.01 0.01 0.01 0.01 0.01 0.01 0.01 0.01 0.01 0.01 0.01 0.01 0.01 0.01 0.01 0.01 0.01 0.01 0.01 0.01 0.01 0.01 0.01 0.01 0.01 0.01 0.01 0.01 0.01 0.01 0.01 0.01 0.01 0.01 0.01 0.01 0.01 0.01 0.01 0.01 0.01 0.01 0.01 0.01 0.01 0.01 0.01 0.01 0.01 0.01 0.01 0.01 0.01 0.01 0.01 0.01 0.01 0.01 0.01 0.01 0.01 0.01 0.01 0.01 0.01 0.01 0.01 0.01 0.01 0.01 0.01 0.01 0.01 0.01 0.01 0.01 0.01 0.01 0.01 0.01 0.01 0.01 0.01 0.01 0.01 0.01 0.01
QUI_NFB_2013_117 2 2 0 0 0 0 0 0 4 3 4 3 1 3 4 2 1 1 3 1 4 1 3 3 2 2 3 3 2 4 3 1 3 3 4 4 1 1 1 1 4 4 4 4 2 2 0 0 0 0 4 4 0 0 0 0 4 4 4 4 4 4 3 3 3 3 0 0 1 1 2 2 1 1 0 0 4 4 1 1 3 3 0 0 1 3 0 0 0 0 3 3 3 4 0 0 0 0 3 3 1 1 3 1 1 1 0 0 0 0 2 4 1 2 3 1 3 4 3 4 3 2 3 3 2 2 2 2 2 4 2 4 4 2 4 4 4 4 3 3 2 2 2 2 2 2 0 0 2 2 3 3 3 3 3 4 3 3 3 3 2 2 2 2 0 0 0 0 4 4 2 2 2 2 1 3 2 2 3 3 1 1 3 3 4 2 2 2 0 0 0 0 2 2 1 1 3 3 4 4 4 4 2 2 0 0 0 0 2 2 0 0 4 3 4 3 0 0 2 2 0 0 2 4 4 4 3 3 0 0 0 0 0 0
QUI_NFB_2013_118 0 0 0 0 0 0 0 0 0 0 0 0 0 0 0 0 0 0 3 3 4 4 0 0 2 2 0 0 0 0 3 1 3 3 0 0 0 0 0 0 0 0 0 0 0 0 0 0 1 1 4 4 1 1 0 0 0 0 4 3 4 1 3 2 3 1 4 4 1 1 0 0 0 0 0 0 4 4 0 0 0 0 0 0 1 1 0 0 0 0 0 0 3 3 0 0 0 0 0 0 1 2 3 1 0 0 0 0 0 0 0 0 0 0 0 0 0 0 0 0 0 0 3 3 0 0 0 0 0 0 2 2 0 0 0 0 0 0 3 3 0 0 0 0 0 0 2 1 2 1 3 4 3 1 3 4 3 3 0 0 0 0 2 4 0 0 0 0 4 3 2 4 2 4 0 0 0 0 0 0 1 3 0 0 0 0 4 2 0 0 0 0 0 0 1 3 0 0 4 2 4 1 0 0 0 0 0 0 2 2 2 4 0 0 0 0 0 0 0 0 0 0 0 0 4 4 0 0 0 0 0 0 0 0
QUI_NFB_2013_119 2 1 4 4 2 2 4 4 4 4 4 4 1 1 4 4 1 1 3 3 4 4 3 3 2 2 0 0 2 2 3 1 3 3 4 4 1 1 1 1 4 4 4 4 2 2 3 3 1 1 4 4 1 1 2 2 0 0 4 4 4 4 3 3 3 1 0 0 1 1 2 2 1 3 4 4 4 4 1 1 0 0 1 3 1 1 2 2 2 2 3 3 3 3 4 4 1 1 1 1 1 1 3 1 0 0 3 3 0 0 2 2 1 1 3 3 3 3 0 0 0 0 3 3 2 2 0 0 4 4 2 2 4 4 4 3 4 4 3 3 2 2 0 0 0 0 0 0 2 2 3 3 3 3 3 4 3 3 3 2 2 2 2 2 2 2 2 2 0 0 0 0 2 2 1 1 2 2 3 3 1 1 3 3 4 4 4 2 1 4 2 1 2 2 1 3 0 0 4 4 1 1 2 2 0 0 3 4 2 4 2 2 4 3 4 3 3 1 2 2 0 0 2 2 4 4 3 1 1 4 0 0 0 0
QUI_NFB_2013_120 2 2 4 4 2 2 4 4 4 4 4 4 1 1 4 4 1 1 3 3 4 4 3 3 2 2 4 3 2 2 3 1 3 3 0 0 0 0 0 0 0 0 0 0 0 0 0 0 1 1 4 4 1 1 2 2 1 1 3 3 1 1 2 2 3 3 4 1 1 1 2 2 1 3 4 1 4 4 1 3 3 1 3 3 1 1 0 0 0 0 3 3 3 4 2 2 1 1 3 3 1 1 3 3 1 1 3 1 4 2 2 4 1 2 3 1 3 4 3 4 3 2 3 3 0 0 0 0 0 0 2 4 4 2 4 4 4 4 3 3 2 2 2 2 0 0 2 2 2 2 3 3 3 3 3 3 3 3 2 2 2 2 2 2 2 2 0 0 4 4 2 2 2 2 1 3 2 4 3 3 1 1 3 3 4 4 4 4 1 4 0 0 0 0 1 3 3 3 4 4 4 1 2 2 0 0 3 3 2 2 2 2 4 4 4 4 0 0 2 4 1 2 2 4 4 4 3 3 0 0 0 0 0 0
QUI_NFB_2013_121 0 0 0 0 0 0 0 0 0 0 0 0 0 0 0 0 0 0 0 0 0 0 0 0 0 0 0 0 0 0 3 1 3 3 0 0 0 0 0 0 0 0 0 0 0 0 0 0 0 0 0 0 0 0 0 0 0 0 0 0 0 0 0 0 0 0 0 0 0 0 0 0 0 0 0 0 0 0 0 0 0 0 0 0 0 0 0 0 0 0 0 0 0 0 0 0 0 0 0 0 0 0 0 0 0 0 0 0 0 0 0 0 0 0 0 0 0 0 0 0 0 0 3 3 2 2 0 0 0 0 2 2 0 0 0 0 0 0 0 0 0 0 0 0 0 0 0 0 0 0 0 0 0 0 0 0 0 0 0 0 2 1 0 0 2 2 0 0 0 0 0 0 0 0 0 0 0 0 0 0 0 0 0 0 0 0 0 0 4 4 2 2 0 0 0 0 0 0 4 2 0 0 2 4 0 0 3 3 0 0 0 0 0 0 0 0 0 0 2 2 0 0 2 4 4 2 0 0 0 0 0 0 0 0
QUI_NFB_2013_122 2 1 4 4 2 2 4 4 4 4 4 4 1 1 4 4 1 1 3 3 4 4 3 3 2 2 4 3 2 2 3 1 3 1 0 0 0 0 1 1 4 4 4 4 2 2 0 0 1 1 4 4 1 1 2 2 4 4 3 3 1 1 2 2 3 3 4 4 1 1 2 2 1 1 4 4 4 4 1 1 3 3 1 3 1 1 2 2 2 2 3 3 3 3 4 2 1 1 1 3 1 1 3 1 1 3 3 1 4 4 2 4 1 2 3 1 3 4 3 4 3 2 3 3 2 2 2 4 2 2 2 4 4 2 4 4 4 4 3 3 2 2 2 2 2 4 2 2 2 2 3 3 3 3 3 4 3 1 3 2 2 1 2 2 2 4 2 2 0 0 0 0 0 0 1 3 2 2 3 4 1 1 3 1 4 4 4 4 4 4 2 2 2 2 1 1 3 3 2 2 4 1 2 2 4 2 3 3 2 2 2 2 4 4 4 4 0 0 2 2 1 2 0 0 4 4 3 3 0 0 4 4 2 2
QUI_NFB_2013_123 1 1 4 4 2 2 4 4 4 4 4 4 1 1 4 4 1 1 3 3 4 4 0 0 0 0 3 3 2 2 3 1 3 3 4 4 1 1 1 1 4 4 4 4 2 2 3 3 1 1 4 4 1 1 4 2 1 1 0 0 0 0 0 0 0 0 4 4 1 1 2 2 1 1 0 0 4 4 1 1 3 3 1 1 1 1 2 4 2 1 3 1 0 0 2 2 1 1 3 3 1 2 3 1 1 1 3 3 4 4 2 4 1 2 3 1 3 4 3 4 3 2 3 1 0 0 2 2 2 4 2 2 4 4 4 4 4 4 3 1 2 2 0 0 0 0 0 0 2 2 3 3 3 3 3 4 0 0 2 2 2 2 0 0 2 2 0 0 0 0 2 2 2 2 1 3 2 2 3 3 0 0 3 3 4 2 4 4 1 4 2 2 2 2 3 3 0 0 4 2 4 1 2 2 4 4 3 3 2 2 2 2 4 4 4 4 0 0 0 0 1 1 2 4 4 4 3 1 1 1 4 1 2 4
QUI_NFB_2013_124 2 2 4 2 2 4 4 2 4 4 4 4 1 1 4 4 1 3 3 3 4 4 3 4 2 4 3 3 2 2 3 1 3 3 4 2 1 4 1 2 4 1 4 2 2 4 3 1 1 3 4 2 1 4 0 0 4 4 0 0 0 0 0 0 0 0 4 4 1 3 2 4 1 3 4 4 4 2 1 1 3 3 1 1 0 0 2 2 2 2 3 3 0 0 2 2 1 2 3 3 2 2 3 1 1 3 3 1 4 4 2 4 1 2 3 1 3 4 3 4 3 2 3 1 2 4 0 0 2 2 2 4 4 2 4 4 4 3 3 3 2 4 2 4 2 2 0 0 2 2 3 3 3 3 3 3 3 1 3 3 2 2 0 0 2 2 2 1 4 4 2 2 2 2 1 1 2 2 3 3 1 1 3 3 4 4 4 4 0 0 0 0 2 1 1 1 3 1 0 0 4 4 2 2 4 4 0 0 2 2 2 2 4 4 4 4 3 1 2 2 1 2 2 4 2 2 3 3 1 1 4 1 2 4


0 0
0 0




0 0
0 0
0
0
0
0
0
0
