colony_input
colony_input
9
75
625922
1
2
1
0
0 0
0
1
0
0
1
2
0
10000
0
2
2
MK@
0@
0.01 0.01 0.01 0.01 0.01 0.01 0.01 0.01 0.01 0.01 0.01 0.01 0.01 0.01 0.01 0.01 0.01 0.01 0.01 0.01 0.01 0.01 0.01 0.01 0.01 0.01 0.01 0.01 0.01 0.01 0.01 0.01 0.01 0.01 0.01 0.01 0.01 0.01 0.01 0.01 0.01 0.01 0.01 0.01 0.01 0.01 0.01 0.01 0.01 0.01 0.01 0.01 0.01 0.01 0.01 0.01 0.01 0.01 0.01 0.01 0.01 0.01 0.01 0.01 0.01 0.01 0.01 0.01 0.01 0.01 0.01 0.01 0.01 0.01 0.01
0.01 0.01 0.01 0.01 0.01 0.01 0.01 0.01 0.01 0.01 0.01 0.01 0.01 0.01 0.01 0.01 0.01 0.01 0.01 0.01 0.01 0.01 0.01 0.01 0.01 0.01 0.01 0.01 0.01 0.01 0.01 0.01 0.01 0.01 0.01 0.01 0.01 0.01 0.01 0.01 0.01 0.01 0.01 0.01 0.01 0.01 0.01 0.01 0.01 0.01 0.01 0.01 0.01 0.01 0.01 0.01 0.01 0.01 0.01 0.01 0.01 0.01 0.01 0.01 0.01 0.01 0.01 0.01 0.01 0.01 0.01 0.01 0.01 0.01 0.01
WWH_WHO_2011_010 4 2 0 0 0 0 2 2 3 1 1 2 0 0 0 0 0 0 0 0 1 1 4 4 4 4 2 2 2 2 2 2 3 3 1 1 2 2 3 3 1 3 2 4 1 2 3 1 3 4 3 4 3 2 1 1 2 1 1 4 0 0 1 1 3 3 2 1 3 3 0 0 2 2 0 0 3 1 3 3 3 2 0 0 1 1 1 4 0 0 3 3 0 0 3 3 0 0 0 0 4 4 2 2 2 2 2 2 3 4 4 4 4 1 0 0 0 0 0 0 0 0 2 2 1 1 4 4 2 2 2 4 3 3 0 0 0 0 2 2 0 0 0 0 0 0 0 0 0 0
WWH_WHO_2011_016 4 4 0 0 0 0 2 2 3 1 1 1 2 2 2 1 1 4 1 1 1 4 4 3 0 0 0 0 0 0 2 2 3 3 1 1 2 2 3 3 1 1 2 4 1 2 3 1 3 4 3 4 3 2 1 1 0 0 0 0 1 1 1 3 3 3 1 1 3 3 2 2 2 1 0 0 0 0 3 3 0 0 3 1 1 4 1 1 2 2 3 3 0 0 3 3 0 0 4 4 4 4 2 2 2 2 0 0 3 3 4 4 1 1 3 1 1 3 1 1 2 2 2 2 1 1 4 4 2 2 2 4 3 3 3 1 1 2 0 0 1 1 0 0 4 4 2 2 3 3
WWH_WHO_2011_024 4 4 0 0 0 0 0 0 3 1 1 1 2 2 0 0 0 0 0 0 0 0 0 0 0 0 0 0 0 0 0 0 0 0 0 0 0 0 0 0 1 1 2 4 1 2 3 1 3 4 3 4 3 2 0 0 1 1 4 4 0 0 0 0 0 0 2 1 0 0 0 0 0 0 0 0 0 0 3 3 0 0 0 0 0 0 0 0 0 0 0 0 0 0 3 3 0 0 4 4 4 4 2 2 2 2 0 0 0 0 0 0 1 1 0 0 1 3 1 4 0 0 0 0 0 0 0 0 0 0 0 0 0 0 0 0 0 0 0 0 0 0 0 0 0 0 0 0 0 0
WWH_WHO_2011_034 4 4 3 3 0 0 2 2 3 1 0 0 2 4 2 2 1 1 1 3 1 1 4 4 4 4 2 2 2 2 2 2 3 3 1 3 2 2 3 3 1 1 2 4 1 2 3 1 3 4 3 4 3 2 1 1 1 1 4 4 1 3 0 0 0 0 1 1 1 3 2 2 0 0 0 0 3 3 3 3 0 0 3 3 1 1 1 1 2 2 3 3 4 1 3 1 0 0 4 4 1 4 2 2 2 2 2 2 3 3 4 4 1 1 1 1 3 3 1 1 2 2 2 2 1 1 4 4 0 0 0 0 3 1 0 0 2 2 2 2 1 1 1 1 4 4 0 0 0 0
WWH_WHO_2011_036 4 4 0 0 0 0 2 2 3 1 1 2 2 2 2 2 0 0 1 1 0 0 0 0 4 2 2 4 2 2 2 2 3 3 0 0 2 2 3 1 1 1 2 4 1 2 3 1 3 4 3 4 3 2 0 0 1 1 4 4 0 0 1 1 3 3 1 1 3 3 0 0 2 2 0 0 0 0 3 3 3 2 3 3 1 4 1 1 0 0 3 3 4 4 3 3 0 0 4 4 4 4 2 2 2 4 2 4 3 3 4 2 1 1 0 0 1 1 1 1 2 2 2 2 1 1 4 4 2 2 2 2 3 3 0 0 2 2 2 2 1 1 0 0 0 0 2 2 3 3
WWH_WHO_2011_038 4 2 0 0 4 3 0 0 3 1 0 0 0 0 0 0 0 0 0 0 0 0 0 0 4 4 2 2 2 4 2 1 3 1 0 0 0 0 3 3 1 1 2 4 1 2 3 1 3 4 3 4 3 2 0 0 0 0 0 0 1 3 0 0 0 0 0 0 3 3 0 0 0 0 0 0 0 0 0 0 3 3 3 3 0 0 0 0 0 0 0 0 0 0 0 0 0 0 0 0 0 0 2 2 0 0 0 0 0 0 0 0 0 0 3 1 0 0 1 1 0 0 2 2 1 1 4 4 2 2 0 0 0 0 0 0 0 0 0 0 0 0 0 0 0 0 0 0 0 0
WWH_WHO_2011_041 4 4 3 1 3 3 2 4 3 1 0 0 2 2 2 2 1 1 1 1 0 0 0 0 4 4 2 2 2 2 2 2 3 3 1 1 0 0 3 3 1 1 2 4 1 2 3 1 3 4 3 4 3 2 1 4 0 0 0 0 1 1 1 1 3 3 0 0 0 0 0 0 2 2 0 0 0 0 3 3 3 3 3 3 1 1 1 1 2 1 3 3 4 4 3 3 0 0 4 4 4 4 2 2 2 2 2 2 3 3 4 4 1 1 0 0 1 3 1 1 0 0 2 1 1 4 4 2 2 4 0 0 3 3 0 0 2 2 2 4 0 0 0 0 0 0 2 2 0 0
WWH_WHO_2011_044 0 0 0 0 0 0 2 2 3 1 1 2 2 2 2 2 0 0 0 0 1 1 4 4 0 0 0 0 2 4 0 0 3 1 0 0 2 3 3 3 0 0 0 0 0 0 0 0 0 0 0 0 0 0 0 0 2 1 1 4 0 0 1 1 3 4 2 1 0 0 2 2 2 1 2 1 0 0 3 3 3 3 3 3 1 1 1 1 0 0 3 1 0 0 3 3 0 0 4 4 1 4 2 1 2 2 2 2 3 3 0 0 1 1 1 1 1 3 1 1 4 2 2 2 1 1 0 0 0 0 2 4 0 0 0 0 2 2 2 2 3 1 4 1 2 4 2 4 3 4
WWH_WHO_2011_047 4 4 3 3 3 3 2 2 3 1 1 2 2 2 2 2 1 1 1 1 1 1 4 4 4 4 2 2 2 2 2 2 3 3 1 1 2 2 3 3 1 1 2 4 1 2 3 1 3 4 3 4 3 2 1 1 1 1 4 4 1 3 1 1 3 3 1 1 3 3 2 3 2 2 2 2 3 3 3 4 3 3 3 3 1 1 1 1 2 2 3 3 4 4 3 3 1 3 4 2 4 4 2 2 2 2 2 2 3 3 4 4 1 1 1 1 3 3 1 1 2 2 2 2 1 1 4 4 2 2 2 2 3 3 0 0 2 2 2 2 1 1 1 1 4 4 2 2 3 3


0 0
0 0




0 0
0 0
0
0
0
0
0
0
