colony_input
colony_input
2
30
914194
1
2
1
0
0 0
0
1
0
0
1
2
0
10000
0
2
2
MK@
0@
0.01 0.01 0.01 0.01 0.01 0.01 0.01 0.01 0.01 0.01 0.01 0.01 0.01 0.01 0.01 0.01 0.01 0.01 0.01 0.01 0.01 0.01 0.01 0.01 0.01 0.01 0.01 0.01 0.01 0.01
0.01 0.01 0.01 0.01 0.01 0.01 0.01 0.01 0.01 0.01 0.01 0.01 0.01 0.01 0.01 0.01 0.01 0.01 0.01 0.01 0.01 0.01 0.01 0.01 0.01 0.01 0.01 0.01 0.01 0.01
LHU_INK_2016_001 2 1 1 4 3 1 4 2 4 3 4 1 3 2 3 1 2 4 2 1 3 1 2 4 1 2 3 1 3 4 3 4 3 2 4 1 1 4 3 4 1 4 2 1 3 2 4 3 4 3 3 3 0 0 4 1 2 4 3 3
LHU_INK_2016_002 1 1 0 0 3 1 0 0 4 3 4 1 3 2 3 3 2 2 2 2 3 3 0 0 0 0 0 0 0 0 0 0 0 0 0 0 0 0 0 0 0 0 0 0 3 3 3 3 3 3 3 1 3 1 0 0 0 0 3 4


0 0
0 0




0 0
0 0
0
0
0
0
0
0
