colony_input
colony_input
18
149
224170
1
2
1
0
0 0
0
1
0
0
1
2
0
10000
0
2
2
MK@
0@
0.01 0.01 0.01 0.01 0.01 0.01 0.01 0.01 0.01 0.01 0.01 0.01 0.01 0.01 0.01 0.01 0.01 0.01 0.01 0.01 0.01 0.01 0.01 0.01 0.01 0.01 0.01 0.01 0.01 0.01 0.01 0.01 0.01 0.01 0.01 0.01 0.01 0.01 0.01 0.01 0.01 0.01 0.01 0.01 0.01 0.01 0.01 0.01 0.01 0.01 0.01 0.01 0.01 0.01 0.01 0.01 0.01 0.01 0.01 0.01 0.01 0.01 0.01 0.01 0.01 0.01 0.01 0.01 0.01 0.01 0.01 0.01 0.01 0.01 0.01 0.01 0.01 0.01 0.01 0.01 0.01 0.01 0.01 0.01 0.01 0.01 0.01 0.01 0.01 0.01 0.01 0.01 0.01 0.01 0.01 0.01 0.01 0.01 0.01 0.01 0.01 0.01 0.01 0.01 0.01 0.01 0.01 0.01 0.01 0.01 0.01 0.01 0.01 0.01 0.01 0.01 0.01 0.01 0.01 0.01 0.01 0.01 0.01 0.01 0.01 0.01 0.01 0.01 0.01 0.01 0.01 0.01 0.01 0.01 0.01 0.01 0.01 0.01 0.01 0.01 0.01 0.01 0.01 0.01 0.01 0.01 0.01 0.01 0.01
0.01 0.01 0.01 0.01 0.01 0.01 0.01 0.01 0.01 0.01 0.01 0.01 0.01 0.01 0.01 0.01 0.01 0.01 0.01 0.01 0.01 0.01 0.01 0.01 0.01 0.01 0.01 0.01 0.01 0.01 0.01 0.01 0.01 0.01 0.01 0.01 0.01 0.01 0.01 0.01 0.01 0.01 0.01 0.01 0.01 0.01 0.01 0.01 0.01 0.01 0.01 0.01 0.01 0.01 0.01 0.01 0.01 0.01 0.01 0.01 0.01 0.01 0.01 0.01 0.01 0.01 0.01 0.01 0.01 0.01 0.01 0.01 0.01 0.01 0.01 0.01 0.01 0.01 0.01 0.01 0.01 0.01 0.01 0.01 0.01 0.01 0.01 0.01 0.01 0.01 0.01 0.01 0.01 0.01 0.01 0.01 0.01 0.01 0.01 0.01 0.01 0.01 0.01 0.01 0.01 0.01 0.01 0.01 0.01 0.01 0.01 0.01 0.01 0.01 0.01 0.01 0.01 0.01 0.01 0.01 0.01 0.01 0.01 0.01 0.01 0.01 0.01 0.01 0.01 0.01 0.01 0.01 0.01 0.01 0.01 0.01 0.01 0.01 0.01 0.01 0.01 0.01 0.01 0.01 0.01 0.01 0.01 0.01 0.01
MAG_COY_2015_001 0 0 0 0 0 0 4 1 4 3 0 0 0 0 3 1 0 0 0 0 0 0 0 0 0 0 0 0 4 2 0 0 0 0 0 0 0 0 0 0 0 0 1 1 1 1 2 2 0 0 0 0 0 0 0 0 3 1 0 0 0 0 0 0 0 0 0 0 0 0 2 2 3 3 3 3 4 4 0 0 0 0 0 0 0 0 0 0 0 0 3 3 0 0 1 3 0 0 0 0 0 0 3 1 2 2 0 0 0 0 0 0 0 0 2 4 1 2 3 1 3 4 3 4 3 2 1 4 0 0 0 0 0 0 0 0 4 4 0 0 3 3 1 3 0 0 0 0 0 0 0 0 0 0 0 0 0 0 2 2 0 0 0 0 0 0 0 0 0 0 0 0 0 0 0 0 0 0 0 0 1 1 1 1 3 2 0 0 1 4 3 3 0 0 0 0 1 1 0 0 4 4 0 0 2 2 2 1 2 2 0 0 3 1 0 0 0 0 0 0 0 0 0 0 0 0 0 0 0 0 0 0 0 0 0 0 0 0 0 0 0 0 3 3 1 1 0 0 1 1 3 1 3 3 0 0 3 3 0 0 0 0 2 4 0 0 0 0 0 0 0 0 2 2 0 0 0 0 0 0 1 1 0 0 0 0 0 0 3 3 1 1 0 0 0 0 0 0
MAG_COY_2015_002 2 2 0 0 0 0 4 4 4 3 2 2 4 3 3 3 0 0 3 1 2 4 2 2 1 1 2 2 4 2 1 1 4 4 4 3 0 0 3 2 4 4 2 2 2 2 4 4 3 3 3 3 0 0 0 0 0 0 4 4 4 4 1 1 4 4 4 4 2 2 2 2 3 3 3 3 4 4 3 3 3 3 1 1 0 0 0 0 0 0 0 0 0 0 1 1 1 1 2 2 2 2 3 1 2 2 4 4 3 3 4 4 0 0 2 4 1 2 3 1 3 4 3 4 3 2 4 4 2 2 4 4 4 4 4 1 4 4 4 3 3 3 1 1 1 1 3 3 2 2 4 4 2 3 0 0 4 4 2 4 4 4 2 1 2 2 2 3 4 3 3 4 1 3 4 3 4 2 2 2 1 1 1 1 3 3 3 4 1 1 3 3 2 1 3 3 1 4 2 2 4 4 4 4 2 2 0 0 0 0 3 3 3 3 0 0 3 3 1 1 1 4 2 2 1 1 0 0 2 2 2 2 1 1 3 3 3 3 4 2 4 4 3 3 1 1 1 1 1 1 3 3 3 3 0 0 3 3 3 3 3 1 2 2 2 2 2 2 4 4 4 4 2 2 0 0 2 4 2 2 2 2 3 3 4 4 3 1 3 4 1 1 3 3 2 2 3 3
MAG_COY_2015_003 2 2 0 0 0 0 0 0 4 4 0 0 4 4 0 0 0 0 3 1 0 0 0 0 0 0 0 0 4 2 1 1 4 4 4 4 4 4 0 0 0 0 1 1 1 1 0 0 0 0 0 0 2 4 1 1 3 3 4 4 4 4 1 1 4 4 0 0 0 0 0 0 0 0 0 0 0 0 3 3 0 0 1 1 0 0 2 4 2 1 3 1 0 0 1 1 1 2 0 0 0 0 1 1 2 2 4 3 0 0 3 3 0 0 0 0 1 1 3 3 0 0 0 0 0 0 0 0 0 0 0 0 0 0 0 0 0 0 0 0 0 0 0 0 0 0 0 0 0 0 0 0 0 0 0 0 4 4 2 2 0 0 0 0 0 0 0 0 4 4 3 3 1 1 4 4 4 4 2 2 0 0 0 0 3 3 0 0 0 0 0 0 0 0 3 3 1 4 2 2 0 0 4 4 2 2 2 2 2 1 0 0 1 1 0 0 0 0 1 3 1 4 0 0 1 1 3 3 2 2 0 0 0 0 0 0 0 0 0 0 4 4 3 3 1 4 0 0 0 0 0 0 0 0 4 2 3 4 0 0 1 1 2 2 2 2 2 4 0 0 0 0 2 2 3 1 0 0 2 1 1 2 3 3 4 4 3 3 0 0 0 0 3 3 0 0 0 0
MAG_COY_2015_004 0 0 0 0 0 0 4 4 0 0 0 0 0 0 0 0 0 0 3 1 0 0 2 2 1 1 2 2 0 0 0 0 0 0 0 0 0 0 0 0 0 0 1 1 1 1 2 2 0 0 0 0 0 0 0 0 0 0 4 1 4 4 1 1 4 4 0 0 0 0 0 0 0 0 0 0 0 0 3 3 0 0 1 3 1 1 0 0 0 0 0 0 4 2 1 3 1 2 2 2 0 0 3 1 2 3 0 0 0 0 0 0 0 0 2 4 1 2 3 1 4 4 3 4 3 2 1 4 0 0 0 0 4 4 0 0 0 0 0 0 0 0 0 0 0 0 0 0 0 0 0 0 2 2 0 0 4 4 0 0 0 0 0 0 2 2 2 3 4 3 3 4 1 3 4 3 4 2 2 4 0 0 0 0 3 3 0 0 1 1 0 0 2 1 0 0 1 1 0 0 4 4 4 4 0 0 0 0 0 0 1 3 1 1 0 0 0 0 0 0 0 0 0 0 0 0 0 0 0 0 2 2 1 1 0 0 3 3 0 0 4 4 3 3 0 0 0 0 0 0 3 3 0 0 4 2 0 0 0 0 0 0 2 2 2 2 0 0 0 0 0 0 2 3 0 0 0 0 0 0 1 1 0 0 4 2 0 0 3 3 0 0 3 4 0 0 0 0
MAG_COY_2015_006 2 2 3 1 0 0 0 0 0 0 2 2 0 0 0 0 4 4 3 1 2 2 2 2 1 1 2 2 4 2 1 4 4 4 4 4 4 4 3 3 4 4 1 1 1 1 2 2 1 1 4 4 2 4 1 3 0 0 0 0 4 4 1 1 4 4 4 2 2 4 2 2 0 0 0 0 4 4 3 1 3 3 1 1 1 1 0 0 0 0 0 0 4 4 1 1 1 1 2 2 0 0 0 0 0 0 4 4 0 0 0 0 4 4 2 4 1 2 3 1 3 4 3 4 3 2 0 0 0 0 4 4 4 4 4 1 0 0 0 0 3 3 1 1 1 1 3 3 2 2 4 4 0 0 0 0 4 4 2 4 4 1 0 0 0 0 0 0 4 4 3 3 1 1 0 0 0 0 2 2 1 1 1 1 3 3 3 4 1 1 3 3 2 2 3 3 1 1 0 0 4 2 0 0 2 2 0 0 2 2 0 0 3 1 1 3 3 3 0 0 1 4 2 2 1 1 3 3 2 2 2 2 1 1 3 3 3 3 0 0 4 1 3 1 1 1 1 1 1 1 3 3 3 3 0 0 0 0 3 3 3 3 2 2 2 2 2 2 4 3 4 3 2 2 0 0 0 0 2 2 2 2 3 3 4 4 0 0 3 3 1 4 0 0 2 2 3 3
MAG_COY_2015_008 0 0 0 0 0 0 0 0 4 3 2 4 0 0 0 0 0 0 3 1 2 4 0 0 0 0 2 2 0 0 1 1 4 4 0 0 0 0 0 0 4 4 0 0 0 0 0 0 0 0 0 0 0 0 0 0 1 1 4 4 4 4 1 1 4 4 4 4 2 2 0 0 0 0 0 0 0 0 0 0 3 3 1 1 1 1 2 4 2 1 3 1 0 0 0 0 0 0 2 2 4 2 1 1 0 0 4 4 3 3 0 0 4 4 2 4 1 2 3 1 3 4 3 4 3 2 0 0 2 4 4 2 4 4 4 4 4 4 4 4 3 3 1 3 1 1 0 0 0 0 0 0 0 0 3 3 4 4 2 2 0 0 0 0 2 2 0 0 4 4 3 3 1 1 4 4 4 4 2 2 1 1 1 1 3 3 3 4 1 1 3 3 2 2 3 3 0 0 0 0 4 4 4 4 2 2 2 2 2 2 1 1 3 3 0 0 0 0 0 0 4 4 2 1 1 3 3 2 0 0 2 2 1 3 3 3 3 3 4 4 4 1 3 3 1 1 0 0 1 3 3 3 3 3 0 0 3 3 0 0 0 0 2 2 2 2 0 0 4 4 4 4 2 3 3 1 0 0 0 0 1 2 0 0 4 4 3 3 3 3 0 0 0 0 2 4 3 4
MAG_COY_2015_009 2 2 0 0 0 0 0 0 0 0 0 0 4 4 3 3 4 4 3 1 4 4 2 4 0 0 2 2 0 0 0 0 0 0 4 4 4 4 3 3 4 4 1 1 1 1 2 2 1 1 4 4 2 2 1 1 3 1 4 4 4 4 1 1 4 4 0 0 0 0 0 0 0 0 0 0 4 4 0 0 3 3 0 0 0 0 2 4 2 1 3 1 0 0 3 3 0 0 0 0 4 4 3 1 2 2 0 0 3 3 3 3 4 2 2 4 1 2 3 1 3 4 3 4 3 2 4 4 2 4 0 0 4 4 0 0 4 4 0 0 3 3 1 3 1 1 3 3 2 2 4 4 2 2 3 3 0 0 2 4 0 0 2 2 0 0 2 3 4 3 3 4 1 3 4 3 4 2 2 2 0 0 0 0 3 3 4 4 1 1 3 3 2 2 3 3 1 4 0 0 4 4 4 4 2 2 2 2 2 2 1 1 3 3 1 1 3 1 0 0 4 4 2 2 1 1 3 3 2 1 2 2 1 1 3 3 3 3 4 4 4 1 3 3 1 1 0 0 1 3 3 3 3 3 4 4 3 3 3 3 3 1 2 2 2 2 0 0 4 4 4 4 2 3 0 0 2 2 2 2 1 2 3 3 4 4 3 3 3 3 1 1 3 3 2 4 0 0
MAG_COY_2015_010 2 1 3 3 2 2 4 4 4 3 2 2 4 4 3 3 4 4 3 1 2 4 2 2 1 1 2 2 4 4 1 1 4 4 4 4 4 4 3 3 0 0 1 1 1 1 2 2 1 1 4 4 0 0 0 0 1 1 4 4 4 1 1 4 4 3 4 4 2 2 2 2 3 3 3 3 4 4 3 3 3 3 1 1 1 1 2 4 2 1 3 1 4 2 0 0 1 1 2 2 4 2 3 3 2 2 4 4 3 3 3 3 4 2 2 4 1 2 3 3 0 0 3 3 3 3 0 0 2 2 4 4 4 4 4 1 4 4 4 4 3 3 1 1 1 1 3 3 2 2 4 4 2 2 3 3 4 4 2 2 4 4 2 2 2 1 2 3 4 3 3 4 1 3 4 3 4 2 2 2 1 1 1 1 3 3 3 4 0 0 2 2 2 2 3 4 1 4 2 3 4 4 4 4 2 1 2 1 2 2 1 1 3 3 0 0 3 3 1 1 1 1 2 2 1 1 3 3 2 2 2 2 1 1 3 3 3 3 4 2 1 1 3 3 1 1 1 1 1 1 3 3 3 3 4 2 3 3 3 3 3 1 2 2 2 2 2 4 4 3 4 3 2 2 0 0 2 2 2 2 2 2 3 1 4 4 1 1 0 0 1 1 0 0 2 2 3 3
MAG_COY_2015_012 2 2 3 3 2 2 4 4 4 4 2 2 4 4 3 3 4 4 3 1 2 2 2 2 1 1 2 2 4 4 1 1 4 4 4 4 4 4 3 3 4 4 1 1 1 1 2 2 1 1 4 4 2 4 1 3 1 1 4 4 4 4 1 1 4 4 4 4 2 2 2 2 3 3 3 3 4 4 3 3 3 1 1 1 1 1 4 4 1 1 1 1 2 2 3 3 1 1 2 2 2 2 3 1 2 2 4 4 3 3 3 3 4 4 2 4 1 2 3 1 3 4 3 4 3 2 1 1 2 4 4 4 4 4 4 4 4 4 4 4 3 3 1 1 1 1 3 1 2 4 4 2 2 2 3 3 4 4 2 2 4 4 2 1 2 2 2 2 4 4 3 3 1 1 4 4 4 4 2 4 1 1 1 1 3 3 3 4 1 1 3 2 2 2 3 3 1 1 2 2 4 4 4 4 2 2 2 2 2 2 3 3 3 3 1 3 3 3 1 1 4 4 2 2 1 1 3 3 2 2 2 4 1 3 3 4 3 1 4 4 4 4 3 1 1 1 1 1 1 1 3 3 3 3 4 4 3 3 3 3 3 1 2 2 2 2 2 4 4 4 4 4 2 2 3 1 2 2 2 2 1 2 3 3 4 4 3 3 3 3 1 1 3 3 2 2 3 3
MAG_COY_2015_013 2 2 3 1 2 1 0 0 4 3 2 2 0 0 0 0 0 0 3 1 2 4 0 0 1 3 2 4 0 0 0 0 0 0 4 4 4 4 3 3 4 4 1 1 1 1 2 2 1 1 4 4 0 0 0 0 0 0 0 0 4 4 1 1 4 4 0 0 0 0 0 0 3 3 3 3 4 4 0 0 0 0 0 0 1 3 2 4 2 1 3 1 0 0 0 0 1 1 0 0 0 0 0 0 0 0 0 0 0 0 0 0 4 4 2 4 1 2 3 1 3 4 3 4 3 2 0 0 0 0 0 0 0 0 0 0 4 4 0 0 3 3 1 1 1 4 3 3 2 2 4 4 0 0 0 0 4 4 0 0 0 0 0 0 2 1 0 0 0 0 0 0 0 0 0 0 0 0 2 2 0 0 0 0 0 0 0 0 0 0 3 3 2 2 0 0 0 0 2 2 4 4 0 0 2 2 2 2 0 0 0 0 3 3 0 0 0 0 0 0 4 4 2 2 0 0 0 0 0 0 0 0 0 0 0 0 0 0 4 4 0 0 3 3 1 1 0 0 0 0 3 3 0 0 0 0 0 0 0 0 3 3 2 4 0 0 0 0 0 0 0 0 0 0 0 0 0 0 0 0 1 2 3 3 4 4 3 3 0 0 0 0 0 0 0 0 0 0
MAG_COY_2015_014 2 2 3 3 2 2 4 4 4 3 2 2 0 0 0 0 4 4 3 1 2 2 2 2 1 1 2 2 4 2 1 1 4 4 4 4 4 4 3 3 4 4 1 1 1 1 2 2 1 1 4 4 2 4 1 3 3 1 0 0 4 4 1 1 4 4 0 0 0 0 2 2 3 3 3 3 4 4 0 0 3 3 1 3 1 1 2 2 2 2 3 3 4 2 1 3 1 1 2 2 0 0 3 3 2 2 0 0 3 3 3 3 4 4 2 4 1 2 3 1 3 4 3 4 3 2 1 4 2 2 4 4 4 4 0 0 4 4 0 0 3 3 1 1 1 1 3 3 2 2 4 4 2 2 2 2 4 4 2 2 0 0 2 2 2 2 2 3 4 3 3 4 1 3 4 3 4 2 2 4 1 1 1 1 3 3 3 4 1 1 2 2 2 2 3 3 1 1 2 2 4 4 4 1 2 2 2 2 2 2 1 3 3 1 1 3 3 3 0 0 1 4 2 2 1 1 3 3 2 2 2 2 1 1 3 3 3 3 0 0 4 4 3 1 1 1 1 1 1 1 3 3 3 3 4 2 3 3 0 0 3 1 2 2 2 2 0 0 4 4 4 4 2 3 3 1 2 2 2 2 1 2 3 3 4 4 0 0 3 3 1 1 0 0 2 2 3 3
MAG_COY_2015_015 2 2 3 3 2 1 4 4 4 4 2 2 4 4 3 3 4 4 3 1 2 2 2 2 1 1 2 2 4 2 1 1 4 4 4 4 4 4 3 3 4 4 1 1 1 1 2 2 1 1 4 4 0 0 0 0 3 3 4 4 4 4 1 1 4 4 4 4 2 2 2 2 3 3 3 3 4 4 0 0 1 1 1 1 1 1 2 4 2 1 3 1 4 4 1 1 1 1 2 2 0 0 3 1 2 2 4 4 0 0 3 3 0 0 2 2 1 1 3 3 0 0 3 3 3 3 1 4 2 4 4 4 4 4 4 4 4 4 4 3 3 3 1 1 1 1 3 3 2 2 4 4 2 2 3 2 4 2 2 4 4 1 1 1 1 1 2 2 4 4 3 3 1 1 4 4 4 4 2 2 1 1 1 1 3 3 3 3 1 1 3 2 2 2 3 3 1 1 2 2 4 4 0 0 2 2 2 2 2 2 1 1 3 3 1 1 3 1 1 1 1 4 2 2 1 1 3 3 2 2 2 2 1 1 3 3 3 3 0 0 4 1 3 3 1 1 1 3 1 3 3 3 3 3 0 0 3 3 3 3 1 1 2 2 2 2 2 4 4 4 4 4 2 3 0 0 2 2 2 2 2 2 3 3 4 2 0 0 3 3 1 1 3 4 2 2 3 3
MAG_COY_2015_016 0 0 3 1 2 2 4 1 4 3 2 2 4 3 0 0 0 0 0 0 0 0 2 2 1 1 2 2 0 0 1 1 4 4 4 4 4 4 3 3 0 0 0 0 0 0 0 0 0 0 0 0 0 0 0 0 0 0 0 0 4 4 1 1 4 4 4 4 2 2 2 3 3 4 3 4 4 3 0 0 0 0 1 3 0 0 2 4 2 1 3 1 0 0 0 0 0 0 2 2 0 0 3 1 0 0 4 4 3 1 0 0 0 0 2 4 1 2 3 1 3 4 3 4 3 2 0 0 0 0 4 4 4 4 4 4 0 0 0 0 3 3 1 1 0 0 0 0 0 0 0 0 2 2 0 0 4 4 2 2 0 0 2 1 0 0 0 0 4 4 3 3 1 1 4 4 4 4 2 2 1 3 1 4 3 3 0 0 1 1 3 2 2 1 3 3 1 1 0 0 4 4 0 0 2 2 2 2 2 2 0 0 0 0 0 0 0 0 0 0 0 0 0 0 1 1 3 3 2 2 2 2 1 1 0 0 0 0 0 0 4 4 3 3 0 0 0 0 0 0 3 3 0 0 4 2 3 3 3 3 0 0 0 0 2 2 0 0 0 0 0 0 2 2 3 1 2 2 0 0 0 0 3 3 4 4 3 3 0 0 0 0 0 0 2 2 0 0
MAG_COY_2015_018 2 1 0 0 0 0 4 4 4 4 0 0 3 3 3 3 0 0 0 0 2 4 2 2 1 1 2 2 2 2 1 1 4 4 4 3 4 1 3 2 0 0 0 0 0 0 0 0 0 0 0 0 0 0 0 0 0 0 0 0 4 4 1 1 4 4 4 2 0 0 2 3 0 0 0 0 0 0 0 0 0 0 0 0 1 1 0 0 0 0 0 0 0 0 0 0 1 1 2 1 4 2 0 0 0 0 4 3 3 1 0 0 4 2 2 4 1 2 3 1 3 4 3 4 0 0 0 0 0 0 0 0 4 4 0 0 4 2 0 0 3 3 1 1 0 0 3 1 2 4 4 2 0 0 3 3 4 4 0 0 0 0 0 0 0 0 0 0 4 4 3 3 1 1 4 4 4 4 0 0 0 0 0 0 0 0 3 4 0 0 0 0 1 1 3 3 0 0 0 0 4 4 4 4 2 2 2 2 2 2 0 0 0 0 0 0 0 0 0 0 0 0 0 0 0 0 0 0 0 0 0 0 0 0 0 0 0 0 0 0 4 4 3 3 0 0 1 1 0 0 0 0 3 3 0 0 0 0 0 0 3 1 2 2 0 0 0 0 4 3 4 3 2 3 0 0 0 0 0 0 0 0 3 3 4 4 3 3 3 3 0 0 0 0 0 0 0 0
MAG_COY_2015_021 0 0 3 3 2 2 4 1 3 3 0 0 4 4 3 3 4 3 3 1 4 4 2 2 1 1 2 2 0 0 1 1 4 4 0 0 0 0 0 0 4 4 1 1 1 1 2 2 1 1 4 4 2 2 1 1 3 1 4 4 4 4 1 1 4 4 4 4 2 2 0 0 0 0 0 0 4 4 0 0 3 3 1 1 1 1 2 4 2 1 3 1 4 4 1 1 1 2 2 2 0 0 1 1 2 2 4 4 3 3 3 4 4 4 2 4 1 2 3 1 3 4 3 4 3 2 1 1 0 0 4 4 4 4 4 4 4 4 4 4 3 4 1 1 1 1 3 3 2 2 4 4 0 0 3 3 4 4 4 4 4 1 2 1 2 2 2 2 4 4 3 3 1 1 4 4 4 4 2 2 0 0 0 0 3 3 4 4 1 1 3 2 2 2 0 0 1 1 2 2 4 4 4 4 2 2 2 2 2 2 1 3 3 3 1 3 0 0 1 1 1 1 2 2 1 1 3 3 2 2 2 2 1 1 3 3 3 3 4 4 4 4 3 3 1 1 1 1 1 1 3 3 1 1 4 4 3 3 3 3 1 1 2 2 2 4 0 0 4 4 4 4 2 2 3 1 2 2 2 2 2 2 3 3 4 4 3 3 3 3 1 1 0 0 2 2 3 3
MAG_COY_2015_027 0 0 0 0 0 0 0 0 0 0 0 0 0 0 0 0 0 0 3 1 0 0 0 0 0 0 0 0 0 0 0 0 0 0 0 0 0 0 0 0 0 0 0 0 0 0 2 2 0 0 0 0 0 0 0 0 0 0 0 0 0 0 0 0 0 0 0 0 0 0 0 0 0 0 0 0 0 0 3 3 0 0 1 3 0 0 0 0 0 0 0 0 4 2 1 3 2 2 0 0 0 0 0 0 0 0 0 0 0 0 0 0 0 0 2 2 1 1 3 3 0 0 0 0 0 0 0 0 2 4 4 4 4 2 0 0 0 0 0 0 0 0 0 0 0 0 3 3 2 2 0 0 2 3 3 3 4 4 0 0 4 1 0 0 2 2 0 0 4 4 0 0 0 0 0 0 0 0 0 0 0 0 0 0 3 3 0 0 0 0 3 2 0 0 3 3 1 1 2 2 4 4 0 0 0 0 0 0 0 0 0 0 0 0 0 0 0 0 0 0 1 1 2 2 0 0 0 0 0 0 0 0 0 0 0 0 0 0 0 0 0 0 3 1 0 0 0 0 0 0 0 0 0 0 4 2 0 0 0 0 0 0 0 0 0 0 0 0 0 0 0 0 2 2 3 1 0 0 0 0 0 0 3 3 4 4 0 0 3 3 0 0 0 0 0 0 0 0
MAG_COY_2015_031 2 1 3 3 2 2 4 1 4 3 2 2 4 4 3 3 4 4 3 1 0 0 2 2 1 1 2 2 4 2 1 1 4 4 4 4 4 4 3 3 4 4 1 1 1 1 2 2 1 1 4 4 2 2 1 1 1 1 4 4 4 1 1 4 4 3 4 2 2 2 2 2 3 3 3 3 4 4 3 3 3 3 1 1 1 1 2 2 2 2 3 3 4 2 1 3 1 2 2 2 0 0 1 1 2 2 4 4 3 3 3 3 4 2 2 4 1 2 3 1 3 4 3 4 3 2 1 1 2 4 4 4 4 4 4 4 4 4 0 0 3 3 1 1 1 1 3 3 2 2 4 4 0 0 2 2 4 4 2 2 4 4 2 2 2 2 2 2 4 4 3 3 1 1 4 4 4 4 2 2 1 1 1 1 3 3 3 4 1 1 2 2 2 2 3 3 1 1 2 3 4 4 4 4 2 2 0 0 2 2 1 1 3 3 1 1 3 1 1 3 1 1 2 2 1 1 3 3 2 2 2 2 1 1 3 3 3 3 4 2 1 1 3 3 1 1 1 1 1 1 3 3 3 3 0 0 3 3 3 3 3 1 2 2 2 2 2 2 3 3 3 3 2 2 3 3 2 2 2 2 2 2 3 3 4 2 3 3 3 3 1 1 3 3 2 2 3 3
MAG_COY_2015_036 2 1 0 0 0 0 4 4 0 0 0 0 0 0 0 0 0 0 3 1 0 0 0 0 0 0 0 0 4 2 0 0 4 1 4 4 4 4 3 3 4 1 1 1 1 1 2 2 0 0 0 0 0 0 0 0 0 0 0 0 4 4 1 1 4 4 4 2 2 4 0 0 3 3 3 4 4 4 0 0 0 0 0 0 0 0 0 0 2 2 3 3 4 4 1 1 1 2 0 0 0 0 3 1 2 2 4 4 0 0 0 0 0 0 0 0 0 0 0 0 0 0 0 0 0 0 1 4 0 0 0 0 4 4 4 4 4 4 0 0 0 0 1 3 0 0 0 0 0 0 0 0 0 0 0 0 4 4 2 2 0 0 1 1 0 0 0 0 4 4 3 3 1 1 4 4 4 4 0 0 0 0 0 0 3 3 3 3 0 0 3 2 0 0 3 3 1 1 2 2 4 4 0 0 2 2 2 2 2 2 1 3 3 3 0 0 3 3 0 0 1 1 2 2 0 0 0 0 0 0 2 2 1 1 0 0 3 1 0 0 4 1 3 3 1 1 1 1 1 1 0 0 0 0 0 0 3 3 3 4 0 0 2 2 0 0 2 2 3 3 3 3 2 2 0 0 0 0 0 0 1 2 3 3 4 4 0 0 3 3 0 0 0 0 2 2 0 0


0 0
0 0




0 0
0 0
0
0
0
0
0
0
