colony_input
colony_input
8
65
174440
1
2
1
0
0 0
0
1
0
0
1
2
0
10000
0
2
2
MK@
0@
0.01 0.01 0.01 0.01 0.01 0.01 0.01 0.01 0.01 0.01 0.01 0.01 0.01 0.01 0.01 0.01 0.01 0.01 0.01 0.01 0.01 0.01 0.01 0.01 0.01 0.01 0.01 0.01 0.01 0.01 0.01 0.01 0.01 0.01 0.01 0.01 0.01 0.01 0.01 0.01 0.01 0.01 0.01 0.01 0.01 0.01 0.01 0.01 0.01 0.01 0.01 0.01 0.01 0.01 0.01 0.01 0.01 0.01 0.01 0.01 0.01 0.01 0.01 0.01 0.01
0.01 0.01 0.01 0.01 0.01 0.01 0.01 0.01 0.01 0.01 0.01 0.01 0.01 0.01 0.01 0.01 0.01 0.01 0.01 0.01 0.01 0.01 0.01 0.01 0.01 0.01 0.01 0.01 0.01 0.01 0.01 0.01 0.01 0.01 0.01 0.01 0.01 0.01 0.01 0.01 0.01 0.01 0.01 0.01 0.01 0.01 0.01 0.01 0.01 0.01 0.01 0.01 0.01 0.01 0.01 0.01 0.01 0.01 0.01 0.01 0.01 0.01 0.01 0.01 0.01
WWH_WIL_1996_015 3 1 0 0 0 0 0 0 0 0 4 2 3 1 0 0 0 0 0 0 0 0 0 0 0 0 0 0 2 2 3 3 0 0 0 0 0 0 0 0 0 0 2 2 0 0 2 2 2 4 1 2 0 0 0 0 0 0 0 0 0 0 0 0 0 0 0 0 0 0 0 0 2 1 0 0 0 0 0 0 0 0 0 0 0 0 0 0 0 0 0 0 0 0 0 0 0 0 0 0 0 0 1 4 0 0 1 1 0 0 0 0 0 0 2 4 0 0 0 0 0 0 2 2 0 0 0 0 0 0
WWH_WIL_1996_019 0 0 0 0 0 0 0 0 0 0 0 0 3 1 1 2 0 0 0 0 0 0 0 0 0 0 0 0 2 4 3 3 4 2 2 4 0 0 0 0 2 2 0 0 1 3 0 0 0 0 0 0 0 0 0 0 0 0 0 0 0 0 0 0 0 0 0 0 0 0 1 3 0 0 0 0 0 0 0 0 0 0 4 4 0 0 0 0 4 2 0 0 0 0 0 0 1 3 3 3 0 0 0 0 2 1 1 1 1 4 1 3 0 0 2 2 0 0 0 0 0 0 0 0 0 0 0 0 0 0
WWH_WIL_1996_033 3 3 2 2 1 1 4 4 3 1 4 4 3 1 2 2 2 2 4 2 4 4 4 4 0 0 1 1 2 2 3 3 4 4 2 2 0 0 0 0 0 0 1 2 0 0 2 4 2 4 1 2 3 1 3 4 3 4 3 2 0 0 1 3 0 0 0 0 2 2 3 3 0 0 2 2 4 4 0 0 0 0 2 4 4 1 2 2 4 2 2 1 2 1 1 3 0 0 3 3 0 0 1 4 2 2 3 1 1 1 0 0 0 0 2 2 2 2 3 3 3 1 1 2 0 0 0 0 0 0
WWH_WIL_1996_034 3 3 0 0 1 1 4 4 3 3 4 4 3 1 2 2 1 2 2 2 4 4 4 4 3 3 1 1 2 2 3 3 4 4 2 2 1 1 4 4 2 2 1 2 1 1 2 2 2 4 1 2 3 1 3 4 3 4 3 2 1 4 0 0 0 0 2 2 2 2 3 3 0 0 2 2 2 2 2 2 2 2 4 4 4 4 2 2 4 2 0 0 0 0 3 3 1 1 3 3 1 3 4 4 2 2 1 1 1 1 3 3 0 0 2 4 2 2 3 3 3 1 2 2 1 1 4 4 3 3
WWH_WIL_1996_038 3 3 2 1 1 2 4 4 0 0 0 0 3 1 0 0 0 0 0 0 4 3 4 1 3 2 1 4 0 0 0 0 0 0 0 0 1 3 0 0 2 2 1 1 1 1 2 2 2 4 1 2 3 1 3 4 3 4 3 2 0 0 0 0 0 0 2 1 0 0 0 0 0 0 0 0 0 0 0 0 0 0 0 0 0 0 2 1 4 2 0 0 0 0 0 0 0 0 0 0 1 3 0 0 2 2 0 0 0 0 3 3 4 2 2 2 2 2 3 1 0 0 1 2 4 1 2 4 0 0
WWH_WIL_1996_039 0 0 0 0 0 0 0 0 3 3 4 4 3 1 0 0 2 2 0 0 4 4 4 4 0 0 0 0 0 0 0 0 4 4 2 2 1 1 0 0 2 1 0 0 1 1 0 0 2 4 1 2 3 1 3 4 3 4 3 2 0 0 0 0 4 3 2 2 2 2 0 0 2 2 0 0 0 0 0 0 0 0 0 0 0 0 0 0 0 0 0 0 0 0 0 0 0 0 3 3 0 0 0 0 0 0 0 0 1 1 1 3 0 0 2 4 2 4 0 0 3 1 2 2 0 0 0 0 3 4
WWH_WIL_1996_314 3 3 2 1 1 2 4 4 3 3 4 4 3 1 2 2 0 0 0 0 0 0 0 0 0 0 0 0 2 2 3 3 0 0 0 0 1 1 4 3 2 2 1 1 1 1 2 2 2 4 1 2 3 1 3 4 3 4 3 2 0 0 1 1 4 4 2 2 2 2 0 0 2 2 2 4 4 2 0 0 2 2 0 0 4 4 2 2 2 2 2 2 2 2 0 0 1 1 3 1 1 1 0 0 2 2 0 0 0 0 0 0 0 0 2 2 0 0 3 3 0 0 2 2 0 0 4 4 0 0
WWH_WIL_1996_315 3 3 2 2 1 1 4 3 3 3 4 4 3 1 1 1 2 2 0 0 4 4 4 4 3 3 1 1 2 2 3 1 4 4 2 2 1 1 0 0 2 2 1 1 0 0 2 2 2 2 1 1 3 3 0 0 0 0 0 0 1 1 1 1 0 0 2 2 2 1 1 3 0 0 2 2 4 2 2 1 2 4 4 4 4 4 2 2 4 4 2 2 2 2 3 3 1 1 3 3 1 1 0 0 2 2 1 1 1 1 3 3 0 0 2 2 2 4 3 3 3 1 2 2 1 1 4 4 0 0


0 0
0 0




0 0
0 0
0
0
0
0
0
0
