colony_input
colony_input
7
67
915988
1
2
1
0
0 0
0
1
0
0
1
2
0
10000
0
2
2
MK@
0@
0.01 0.01 0.01 0.01 0.01 0.01 0.01 0.01 0.01 0.01 0.01 0.01 0.01 0.01 0.01 0.01 0.01 0.01 0.01 0.01 0.01 0.01 0.01 0.01 0.01 0.01 0.01 0.01 0.01 0.01 0.01 0.01 0.01 0.01 0.01 0.01 0.01 0.01 0.01 0.01 0.01 0.01 0.01 0.01 0.01 0.01 0.01 0.01 0.01 0.01 0.01 0.01 0.01 0.01 0.01 0.01 0.01 0.01 0.01 0.01 0.01 0.01 0.01 0.01 0.01 0.01 0.01
0.01 0.01 0.01 0.01 0.01 0.01 0.01 0.01 0.01 0.01 0.01 0.01 0.01 0.01 0.01 0.01 0.01 0.01 0.01 0.01 0.01 0.01 0.01 0.01 0.01 0.01 0.01 0.01 0.01 0.01 0.01 0.01 0.01 0.01 0.01 0.01 0.01 0.01 0.01 0.01 0.01 0.01 0.01 0.01 0.01 0.01 0.01 0.01 0.01 0.01 0.01 0.01 0.01 0.01 0.01 0.01 0.01 0.01 0.01 0.01 0.01 0.01 0.01 0.01 0.01 0.01 0.01
QUI_NFB_2016_001 0 0 0 0 3 1 1 1 4 2 2 2 0 0 0 0 0 0 2 4 2 1 3 1 0 0 0 0 0 0 0 0 0 0 0 0 0 0 0 0 0 0 3 3 0 0 0 0 2 4 1 2 3 1 3 4 3 4 3 2 2 4 0 0 0 0 0 0 0 0 3 1 2 4 4 2 2 3 0 0 0 0 0 0 0 0 0 0 0 0 3 1 0 0 0 0 0 0 0 0 0 0 0 0 0 0 0 0 0 0 1 1 0 0 0 0 4 4 0 0 0 0 0 0 0 0 0 0 3 1 2 2 0 0
QUI_NFB_2016_002 4 4 1 1 3 1 1 1 4 4 2 4 2 2 2 2 1 3 0 0 0 0 0 0 2 3 4 4 4 2 1 3 1 2 4 2 3 3 0 0 4 4 3 3 1 1 1 1 2 4 1 2 3 1 3 4 3 4 3 3 2 4 4 4 4 4 1 1 2 2 1 1 4 4 2 2 2 2 0 0 2 2 0 0 2 3 2 2 1 1 1 1 3 3 1 3 3 1 3 3 4 4 1 4 4 2 2 2 1 1 1 1 2 2 3 3 4 4 2 2 2 2 4 4 4 4 2 2 3 1 2 4 3 4
QUI_NFB_2016_003 4 4 0 0 3 1 1 1 0 0 2 2 2 2 4 4 1 1 2 4 2 1 3 1 0 0 4 3 2 2 3 3 0 0 4 4 4 4 1 1 0 0 0 0 1 3 1 1 2 4 1 2 3 1 3 4 3 4 3 2 0 0 4 4 2 4 1 1 2 2 1 1 4 4 2 2 2 2 0 0 2 1 0 0 2 2 2 4 1 1 1 1 3 3 3 3 3 1 0 0 4 4 1 4 4 2 0 0 1 4 3 3 2 4 3 3 4 4 0 0 2 2 4 3 4 3 2 2 3 1 2 2 0 0
QUI_NFB_2016_004 4 3 1 1 3 1 1 1 2 2 2 2 2 4 4 2 1 1 2 4 2 1 3 1 2 3 4 4 2 2 3 3 2 2 0 0 3 3 3 3 4 3 3 3 0 0 1 3 2 4 1 2 3 1 3 4 3 4 3 2 4 4 4 4 2 2 1 1 4 4 3 1 2 4 4 2 2 2 2 4 2 2 2 1 2 2 2 2 1 4 1 1 3 3 1 1 3 3 3 3 4 4 1 4 4 2 2 2 0 0 3 1 2 2 3 4 4 2 2 4 0 0 4 4 4 4 2 2 3 1 2 2 3 3
QUI_NFB_2016_005 4 3 1 4 3 1 1 4 4 2 2 2 2 2 0 0 1 1 2 2 2 2 3 3 0 0 4 4 0 0 3 3 2 2 4 4 3 4 3 3 4 4 3 1 0 0 1 1 2 2 1 1 3 3 0 0 0 0 0 0 2 4 4 3 2 4 1 1 2 2 3 1 2 4 4 2 2 2 0 0 2 2 1 1 2 2 2 2 1 1 3 1 3 3 1 3 3 1 1 3 0 0 0 0 4 2 2 2 1 1 0 0 2 2 3 3 4 4 0 0 0 0 4 4 4 4 0 0 3 1 2 4 3 4
QUI_NFB_2016_006 4 4 1 1 3 1 1 1 0 0 2 2 2 2 4 2 1 1 2 4 2 1 0 0 2 2 4 4 0 0 3 3 1 2 4 2 3 3 3 3 4 4 3 3 1 3 1 1 2 4 1 2 3 1 3 4 3 4 3 2 2 4 4 4 4 4 1 3 2 2 3 3 2 2 4 4 2 2 2 2 2 2 1 1 2 2 2 2 1 1 3 3 3 1 1 3 1 1 3 3 4 2 1 4 0 0 2 2 1 1 1 1 2 2 3 3 4 4 2 2 2 2 4 4 4 4 2 2 0 0 2 4 3 4
QUI_NFB_2016_007 0 0 0 0 0 0 0 0 4 2 2 4 2 2 0 0 3 3 0 0 0 0 0 0 0 0 0 0 2 2 3 3 2 2 4 2 3 3 0 0 4 4 3 3 1 1 1 1 2 4 1 2 3 1 3 4 3 4 3 2 2 4 4 4 0 0 1 1 2 2 3 1 2 4 4 2 2 2 0 0 2 2 0 0 2 2 0 0 0 0 1 1 3 3 1 3 1 1 0 0 0 0 0 0 0 0 2 1 1 1 0 0 2 2 0 0 0 0 0 0 2 4 4 3 4 3 2 4 0 0 0 0 0 0


0 0
0 0




0 0
0 0
0
0
0
0
0
0
