colony_input
colony_input
20
123
531345
1
2
1
0
0 0
0
1
0
0
1
2
0
10000
0
2
2
MK@
0@
0.01 0.01 0.01 0.01 0.01 0.01 0.01 0.01 0.01 0.01 0.01 0.01 0.01 0.01 0.01 0.01 0.01 0.01 0.01 0.01 0.01 0.01 0.01 0.01 0.01 0.01 0.01 0.01 0.01 0.01 0.01 0.01 0.01 0.01 0.01 0.01 0.01 0.01 0.01 0.01 0.01 0.01 0.01 0.01 0.01 0.01 0.01 0.01 0.01 0.01 0.01 0.01 0.01 0.01 0.01 0.01 0.01 0.01 0.01 0.01 0.01 0.01 0.01 0.01 0.01 0.01 0.01 0.01 0.01 0.01 0.01 0.01 0.01 0.01 0.01 0.01 0.01 0.01 0.01 0.01 0.01 0.01 0.01 0.01 0.01 0.01 0.01 0.01 0.01 0.01 0.01 0.01 0.01 0.01 0.01 0.01 0.01 0.01 0.01 0.01 0.01 0.01 0.01 0.01 0.01 0.01 0.01 0.01 0.01 0.01 0.01 0.01 0.01 0.01 0.01 0.01 0.01 0.01 0.01 0.01 0.01 0.01 0.01
0.01 0.01 0.01 0.01 0.01 0.01 0.01 0.01 0.01 0.01 0.01 0.01 0.01 0.01 0.01 0.01 0.01 0.01 0.01 0.01 0.01 0.01 0.01 0.01 0.01 0.01 0.01 0.01 0.01 0.01 0.01 0.01 0.01 0.01 0.01 0.01 0.01 0.01 0.01 0.01 0.01 0.01 0.01 0.01 0.01 0.01 0.01 0.01 0.01 0.01 0.01 0.01 0.01 0.01 0.01 0.01 0.01 0.01 0.01 0.01 0.01 0.01 0.01 0.01 0.01 0.01 0.01 0.01 0.01 0.01 0.01 0.01 0.01 0.01 0.01 0.01 0.01 0.01 0.01 0.01 0.01 0.01 0.01 0.01 0.01 0.01 0.01 0.01 0.01 0.01 0.01 0.01 0.01 0.01 0.01 0.01 0.01 0.01 0.01 0.01 0.01 0.01 0.01 0.01 0.01 0.01 0.01 0.01 0.01 0.01 0.01 0.01 0.01 0.01 0.01 0.01 0.01 0.01 0.01 0.01 0.01 0.01 0.01
ROC_FRZ_2017_001 3 3 0 0 4 4 1 1 4 4 4 3 0 0 0 0 3 1 2 2 0 0 1 4 4 4 4 4 3 3 4 4 2 2 1 1 1 1 3 3 4 4 3 3 1 3 1 1 2 4 2 1 3 1 3 3 4 4 4 4 2 2 4 4 1 1 1 1 0 0 4 4 3 1 1 1 3 3 4 3 2 2 0 0 4 4 1 1 2 4 1 2 3 1 3 4 3 4 0 0 0 0 4 4 4 1 2 2 1 1 3 3 2 2 3 3 2 2 4 4 2 2 3 2 1 1 4 4 2 2 2 1 2 1 2 3 4 3 3 4 1 3 4 3 4 2 2 2 3 3 4 4 1 1 3 1 1 1 1 1 1 1 3 3 4 4 1 1 1 1 2 2 0 0 2 2 3 3 0 0 3 3 3 3 1 1 0 0 1 3 3 3 3 3 1 3 0 0 2 2 0 0 4 1 3 1 4 4 2 2 3 3 3 1 2 2 2 2 4 3 4 3 3 3 2 2 3 1 1 2 0 0 4 4 3 1 2 2 4 4 2 2 2 2 3 3
ROC_FRZ_2017_008 3 3 2 2 4 4 0 0 4 1 3 3 1 1 4 4 3 1 0 0 2 2 1 4 4 4 4 4 3 3 0 0 2 2 1 1 1 1 3 1 0 0 3 3 0 0 0 0 2 4 2 1 3 1 3 3 4 4 4 4 2 2 4 2 1 3 1 1 0 0 4 2 3 1 0 0 3 3 0 0 2 2 0 0 0 0 1 3 2 4 1 2 3 1 3 4 3 4 3 2 1 4 0 0 0 0 2 1 1 4 3 3 2 2 3 1 2 4 4 2 2 2 0 0 1 1 0 0 2 4 0 0 2 1 2 2 4 4 3 4 1 3 4 3 4 2 2 2 3 3 3 4 1 1 3 1 1 1 0 0 1 1 3 3 4 4 1 1 1 1 2 2 3 2 0 0 3 3 3 3 3 3 3 3 1 1 3 3 0 0 0 0 0 0 1 1 0 0 4 4 0 0 1 1 3 3 0 0 2 2 0 0 3 3 2 2 0 0 4 4 4 4 3 3 2 2 0 0 2 2 0 0 4 4 3 3 2 2 0 0 0 0 2 4 3 4
ROC_FRZ_2017_009 3 3 2 2 4 4 1 3 4 4 3 3 1 1 4 4 3 1 2 2 4 2 1 1 4 4 4 4 3 3 4 4 2 2 1 1 1 1 3 3 0 0 3 1 1 3 1 3 0 0 2 2 3 3 3 3 4 4 4 3 2 2 4 4 1 1 1 1 3 3 4 2 3 1 1 1 3 3 4 4 2 2 2 2 4 4 1 1 2 4 1 2 3 1 3 4 3 4 3 2 1 4 4 4 4 1 2 2 1 1 1 3 2 4 3 1 2 4 4 2 2 3 3 2 1 1 4 4 2 2 0 0 2 2 2 3 4 3 3 4 1 3 4 3 4 2 2 2 3 3 4 4 1 1 3 3 2 2 1 1 1 1 3 3 4 4 1 1 1 1 2 2 3 3 2 2 3 3 3 3 3 4 3 3 1 1 3 1 1 1 3 3 3 3 1 1 4 4 4 4 3 3 4 1 3 3 0 0 2 2 3 3 3 1 2 2 2 2 4 4 4 4 3 3 0 0 3 1 1 2 0 0 4 4 3 3 2 2 4 4 2 2 2 2 3 3
ROC_FRZ_2017_012 3 1 2 2 4 4 1 1 4 4 3 3 1 1 4 4 3 1 2 2 2 2 1 1 4 4 4 4 3 3 4 4 2 2 1 1 1 1 3 3 4 4 3 1 1 1 1 1 2 2 2 2 3 3 3 3 4 4 4 4 2 2 4 2 1 3 1 1 3 3 0 0 3 3 1 1 3 3 4 4 2 2 2 2 4 4 1 1 2 4 1 2 3 1 3 4 3 4 3 2 1 4 4 4 4 1 2 2 1 1 3 3 2 4 3 3 2 2 4 4 2 2 3 3 1 1 4 4 2 2 2 1 2 2 2 3 4 3 3 4 1 3 4 3 4 2 2 2 3 3 3 4 1 1 3 3 2 1 1 4 1 1 3 3 4 4 1 1 1 1 2 2 3 3 2 2 3 3 1 3 3 3 3 3 1 1 3 3 1 3 3 3 3 1 1 1 4 4 4 4 3 3 4 1 3 3 4 4 2 2 3 3 3 3 2 2 2 2 4 4 4 4 3 3 2 2 3 1 1 1 2 2 4 2 3 3 2 2 4 4 2 2 2 2 3 3
ROC_FRZ_2017_015 3 3 2 2 4 4 0 0 0 0 0 0 1 4 0 0 3 1 2 4 0 0 0 0 0 0 0 0 0 0 0 0 0 0 0 0 0 0 0 0 4 4 0 0 0 0 0 0 2 4 2 1 3 1 3 3 4 4 0 0 0 0 4 2 1 3 0 0 0 0 0 0 3 1 1 1 0 0 0 0 0 0 0 0 0 0 0 0 2 4 1 2 3 1 3 4 0 0 0 0 4 4 0 0 4 1 0 0 0 0 0 0 2 2 0 0 0 0 0 0 0 0 0 0 1 1 4 4 0 0 0 0 2 1 2 3 4 3 3 4 1 3 4 3 4 2 0 0 3 3 3 3 0 0 0 0 2 1 1 1 1 3 3 1 4 2 1 3 1 2 2 2 3 3 2 2 0 0 0 0 3 3 3 3 0 0 0 0 0 0 0 0 0 0 1 1 1 4 0 0 0 0 0 0 0 0 0 0 0 0 0 0 3 1 2 2 0 0 4 4 4 4 0 0 2 2 0 0 1 2 0 0 0 0 0 0 0 0 0 0 0 0 2 4 3 4
ROC_FRZ_2017_026 3 3 2 2 4 4 1 1 4 4 3 3 1 1 4 4 3 1 2 2 2 2 1 1 4 4 4 4 3 3 4 4 2 2 1 1 1 1 3 3 4 4 3 3 1 1 1 3 2 2 2 2 3 3 3 3 4 4 4 4 2 2 4 2 1 3 1 2 3 3 4 2 3 3 0 0 3 3 4 4 2 2 2 2 4 2 1 1 2 4 1 2 3 1 3 4 3 4 3 2 1 4 4 4 1 1 2 2 1 1 3 3 2 4 3 3 2 2 4 4 2 3 3 2 1 1 4 4 2 2 1 1 2 2 2 3 4 3 3 4 1 3 4 3 4 2 2 2 3 3 4 4 1 1 3 1 2 2 1 1 1 1 3 3 4 4 1 1 1 1 2 2 3 3 2 2 3 3 3 3 3 3 3 3 1 1 3 3 1 1 3 3 3 3 1 1 1 4 4 4 3 3 4 1 3 3 4 4 2 2 3 3 3 1 2 2 2 2 4 4 4 4 3 3 2 2 3 1 1 1 2 2 4 4 3 3 2 2 4 1 2 4 2 4 3 4
ROC_FRZ_2017_028 0 0 0 0 0 0 1 1 4 4 4 3 0 0 4 4 3 1 2 4 2 2 1 1 4 4 4 4 3 3 4 4 2 2 1 1 1 1 1 1 4 2 3 3 1 1 1 3 4 4 1 1 1 1 3 3 0 0 4 4 2 2 4 4 1 1 1 1 0 0 0 0 1 1 1 1 3 3 4 3 2 2 2 2 2 2 1 1 2 4 1 2 3 1 3 4 3 4 3 2 4 4 4 4 1 1 2 2 1 1 1 1 2 2 3 1 2 4 4 2 2 3 0 0 1 1 4 4 2 4 2 1 2 2 2 3 4 3 3 4 1 3 4 3 4 2 2 2 3 3 3 4 1 1 3 3 1 1 1 1 1 1 3 3 4 4 1 1 1 1 2 2 3 3 2 1 3 3 3 3 3 3 3 3 1 1 3 3 1 1 3 3 3 3 1 1 4 4 4 2 3 1 1 1 3 3 4 4 2 2 3 3 1 1 2 2 0 0 4 4 4 4 3 3 2 2 3 3 2 2 2 2 4 4 3 3 2 2 4 1 2 4 0 0 0 0
ROC_FRZ_2017_035 3 3 2 2 4 4 1 1 0 0 3 3 1 1 4 4 3 1 2 2 4 2 1 1 4 4 4 4 3 3 4 4 2 2 1 1 1 1 3 3 4 4 3 1 1 3 1 3 2 2 2 2 3 3 3 3 4 4 0 0 2 2 4 2 1 3 1 1 3 3 4 2 3 1 1 1 3 3 4 4 2 2 2 2 4 2 1 1 0 0 0 0 0 0 0 0 0 0 0 0 1 1 4 4 4 1 2 2 1 1 1 1 2 4 3 3 2 2 4 4 2 2 3 2 1 1 4 4 2 2 2 1 2 2 2 3 4 3 3 4 1 3 4 3 4 2 2 2 3 3 3 4 1 1 3 1 2 2 1 1 1 1 3 3 4 4 1 1 1 1 2 4 3 3 2 2 3 3 3 3 3 3 3 3 1 1 3 3 1 1 3 1 3 3 1 1 4 4 4 2 3 3 4 1 3 3 4 4 2 2 3 3 1 1 2 2 2 4 4 4 4 4 3 3 2 2 0 0 1 2 2 2 4 4 3 3 2 2 4 1 2 4 2 2 0 0
ROC_FRZ_2017_037 0 0 0 0 0 0 0 0 0 0 0 0 0 0 4 3 3 1 0 0 2 2 0 0 0 0 0 0 0 0 0 0 0 0 0 0 1 1 0 0 0 0 0 0 0 0 0 0 0 0 0 0 0 0 3 3 0 0 0 0 0 0 0 0 0 0 0 0 0 0 0 0 3 1 1 1 0 0 0 0 0 0 0 0 0 0 0 0 2 4 1 2 3 1 3 4 3 4 3 2 0 0 0 0 4 1 0 0 0 0 1 3 0 0 0 0 2 4 0 0 0 0 0 0 0 0 4 4 2 2 0 0 0 0 2 3 4 3 3 4 1 3 4 3 4 2 0 0 3 3 3 4 0 0 0 0 0 0 0 0 0 0 3 3 0 0 0 0 0 0 0 0 0 0 0 0 3 3 0 0 3 3 0 0 1 1 0 0 0 0 0 0 3 3 1 3 0 0 4 2 3 3 4 1 0 0 4 2 2 2 3 3 0 0 0 0 0 0 0 0 0 0 0 0 2 2 0 0 0 0 0 0 4 2 0 0 0 0 0 0 0 0 2 4 3 4
ROC_FRZ_2017_040 3 3 2 2 4 4 0 0 0 0 0 0 0 0 0 0 3 1 0 0 0 0 0 0 0 0 0 0 0 0 0 0 0 0 0 0 0 0 0 0 0 0 3 3 0 0 0 0 0 0 0 0 0 0 3 3 0 0 0 0 0 0 0 0 0 0 1 2 0 0 0 0 0 0 0 0 0 0 0 0 0 0 0 0 0 0 0 0 2 4 1 2 3 1 3 4 3 4 3 2 1 4 4 2 0 0 0 0 0 0 1 3 0 0 3 1 2 4 4 2 2 3 0 0 0 0 0 0 0 0 0 0 0 0 0 0 0 0 0 0 0 0 0 0 0 0 0 0 0 0 3 4 0 0 0 0 0 0 0 0 0 0 0 0 0 0 0 0 0 0 0 0 0 0 0 0 0 0 0 0 3 3 3 3 0 0 0 0 0 0 3 1 0 0 1 1 0 0 0 0 0 0 0 0 0 0 0 0 0 0 0 0 0 0 2 2 0 0 0 0 0 0 3 3 2 2 0 0 0 0 2 2 0 0 0 0 0 0 0 0 0 0 0 0 0 0
ROC_FRZ_2017_041 0 0 0 0 0 0 0 0 0 0 0 0 0 0 0 0 3 1 2 4 0 0 0 0 4 4 4 4 3 3 0 0 0 0 0 0 0 0 0 0 0 0 0 0 0 0 1 1 0 0 0 0 0 0 0 0 0 0 0 0 0 0 0 0 1 1 0 0 3 3 4 2 0 0 0 0 0 0 0 0 0 0 0 0 0 0 0 0 0 0 0 0 0 0 0 0 0 0 0 0 1 4 4 4 4 1 0 0 0 0 3 3 0 0 0 0 0 0 0 0 0 0 0 0 1 1 0 0 0 0 0 0 0 0 0 0 0 0 0 0 0 0 0 0 0 0 2 2 3 3 0 0 1 1 3 3 2 1 0 0 0 0 0 0 0 0 0 0 0 0 2 2 0 0 2 1 3 3 0 0 3 3 3 3 0 0 0 0 0 0 0 0 3 3 1 3 0 0 4 4 0 0 4 1 3 3 0 0 0 0 0 0 0 0 2 2 0 0 0 0 0 0 0 0 2 2 3 1 0 0 0 0 0 0 3 3 0 0 0 0 0 0 2 2 0 0
ROC_FRZ_2017_047 3 3 2 1 0 0 1 1 4 4 3 3 0 0 4 3 3 1 2 4 4 4 1 1 4 4 4 4 3 3 4 4 2 2 1 1 1 1 3 3 4 4 3 3 0 0 0 0 2 2 2 2 3 3 3 3 4 4 0 0 2 2 2 2 3 3 1 2 3 1 4 2 3 1 1 1 3 3 4 4 2 2 2 2 4 2 0 0 2 4 1 2 3 1 3 4 3 4 3 2 1 1 4 4 4 1 2 2 1 1 3 3 2 2 3 1 2 4 4 2 2 2 0 0 1 1 4 4 2 2 1 1 2 2 2 2 4 4 3 3 1 1 4 4 4 4 2 2 3 3 3 3 1 1 3 1 2 1 1 1 1 1 3 3 4 4 1 1 1 1 2 2 3 3 2 2 3 3 1 3 3 3 3 3 1 2 3 3 1 1 3 3 3 3 1 1 1 4 4 2 3 3 4 1 3 3 0 0 2 2 3 3 3 1 2 2 0 0 4 4 4 4 3 3 2 3 3 1 1 2 2 2 4 4 0 0 2 4 4 1 2 4 2 4 3 4
ROC_FRZ_2017_051 3 3 2 2 4 4 1 1 4 4 3 3 0 0 4 3 3 1 2 2 2 2 1 1 4 4 4 4 3 3 4 4 0 0 0 0 1 1 3 3 4 4 3 3 0 0 1 1 0 0 0 0 0 0 3 3 4 4 4 3 2 4 4 2 1 3 1 2 0 0 2 2 3 1 1 1 0 0 4 4 2 4 0 0 0 0 1 1 2 2 1 1 3 3 3 3 3 3 3 3 1 1 4 4 4 1 2 2 1 1 1 1 2 2 3 3 2 2 4 4 2 2 2 2 1 1 4 4 0 0 1 1 2 2 2 3 4 3 3 4 1 3 4 3 4 2 2 2 3 3 3 3 1 1 1 1 2 1 1 4 1 1 3 3 4 4 1 1 1 1 2 2 3 3 2 2 3 3 3 3 3 3 3 3 1 1 3 3 1 1 0 0 3 3 1 3 4 4 4 2 3 3 1 1 3 1 4 2 2 2 3 3 1 1 2 2 2 2 4 4 4 4 3 3 2 3 3 1 1 1 2 2 4 4 3 3 2 2 1 1 4 4 2 2 3 3
ROC_FRZ_2017_052 3 1 2 2 4 4 1 1 4 4 3 3 1 1 4 4 3 1 2 2 2 2 1 1 4 3 4 1 3 2 4 4 2 2 1 1 0 0 3 1 4 4 3 3 1 1 1 1 2 4 2 1 3 1 3 3 4 4 4 4 2 2 4 2 1 3 1 1 3 3 4 4 3 3 1 3 3 3 4 4 2 2 2 2 4 4 1 3 2 4 1 2 3 1 3 4 3 4 3 2 1 4 4 4 4 1 2 1 1 4 1 1 2 2 3 3 2 2 4 4 2 2 3 3 1 1 4 4 2 4 1 1 2 2 2 3 4 3 3 4 1 3 4 3 4 2 2 2 3 2 3 4 1 1 3 1 2 1 1 1 1 1 3 3 4 4 1 1 1 1 2 2 3 3 0 0 3 3 1 3 3 3 3 3 1 1 3 3 1 1 3 1 3 3 1 3 1 4 4 4 3 3 4 4 3 3 4 4 2 2 3 3 3 1 2 2 2 4 4 4 4 4 3 3 2 2 3 1 1 2 2 2 4 4 3 3 2 2 4 1 2 4 2 2 3 3
ROC_FRZ_2017_062 3 3 2 1 4 4 1 1 4 4 3 3 1 1 4 3 3 1 2 2 2 2 1 1 4 3 4 1 3 2 4 4 2 4 1 3 1 1 3 3 4 4 3 3 1 3 1 1 2 2 2 2 3 3 3 3 4 4 4 4 2 2 2 2 3 3 1 1 3 3 4 2 3 1 1 1 3 3 4 3 2 2 2 4 4 2 1 1 2 4 1 2 3 1 3 4 3 4 3 2 1 1 4 4 4 1 2 2 1 1 1 3 2 2 3 1 2 4 4 2 0 0 2 2 1 1 4 4 2 2 2 1 2 2 2 3 4 3 3 4 1 3 4 3 4 2 2 2 3 3 4 4 1 1 3 1 2 1 1 4 1 1 3 3 4 4 1 1 1 1 2 2 3 3 2 2 3 3 3 3 3 3 3 3 1 1 3 3 1 1 3 1 3 3 1 3 1 1 4 2 3 3 4 4 3 1 0 0 2 1 3 3 3 1 2 2 2 4 4 4 4 4 0 0 2 2 3 3 1 1 2 2 4 4 3 3 2 2 1 1 4 4 4 4 0 0
ROC_FRZ_2017_063 3 3 2 2 4 4 1 1 0 0 3 3 1 1 4 3 3 1 2 2 4 2 0 0 4 4 4 4 3 3 4 4 4 4 3 3 1 1 3 3 4 4 3 3 1 1 1 1 2 2 2 2 3 3 3 3 4 4 4 4 2 2 2 2 3 3 1 1 3 3 2 2 3 3 1 1 3 3 4 4 2 2 2 2 2 2 1 1 2 4 1 2 3 1 3 4 3 4 3 2 1 1 4 4 1 1 2 2 1 1 1 3 2 4 3 1 2 4 4 2 0 0 2 2 1 1 0 0 2 2 0 0 2 2 2 3 4 3 3 4 1 3 4 3 4 2 2 2 3 2 3 3 1 1 3 1 2 2 1 1 1 1 3 3 4 4 1 1 1 1 2 2 3 3 2 2 3 1 3 3 3 3 3 3 1 1 3 3 1 1 3 1 0 0 1 1 1 1 4 4 3 3 4 4 3 3 4 2 2 2 3 4 1 1 2 2 0 0 4 4 4 4 3 3 2 2 3 1 1 1 2 2 4 4 3 3 2 2 4 4 2 2 2 4 0 0
ROC_FRZ_2017_069 3 1 0 0 4 4 0 0 0 0 3 3 0 0 0 0 3 1 0 0 0 0 1 4 0 0 0 0 0 0 4 1 0 0 0 0 1 1 3 1 0 0 0 0 0 0 3 3 2 4 2 1 3 1 3 3 4 4 0 0 0 0 0 0 0 0 0 0 3 1 0 0 3 3 0 0 0 0 0 0 2 4 0 0 0 0 1 1 2 4 1 2 3 1 3 4 3 4 3 2 0 0 4 4 0 0 0 0 0 0 0 0 2 2 0 0 0 0 0 0 0 0 0 0 0 0 0 0 0 0 2 1 2 2 2 3 4 3 3 4 1 3 4 3 4 2 0 0 0 0 0 0 0 0 1 1 0 0 1 1 0 0 3 3 4 4 1 1 1 1 2 2 3 3 2 2 3 3 3 3 3 3 3 3 0 0 3 3 0 0 0 0 0 0 1 1 0 0 0 0 0 0 0 0 3 3 4 4 2 2 3 3 3 1 0 0 0 0 0 0 0 0 0 0 2 3 0 0 1 2 2 4 0 0 0 0 0 0 4 1 2 4 0 0 0 0
ROC_FRZ_2017_070 3 3 2 2 4 4 1 1 4 4 4 4 1 1 4 4 3 1 2 4 2 2 1 1 4 4 4 4 3 3 4 4 2 2 1 1 1 1 1 1 4 4 3 3 1 3 1 1 2 4 2 1 3 1 3 3 4 4 4 4 2 2 4 4 1 1 1 2 3 3 4 4 3 1 1 1 3 1 4 4 2 2 2 2 4 2 1 1 2 4 1 2 3 1 3 4 3 4 3 2 4 4 4 4 4 1 2 2 1 1 1 1 2 2 3 3 2 2 4 4 0 0 3 3 1 1 4 4 2 2 1 1 2 2 2 3 4 3 3 4 1 3 4 3 4 2 2 4 3 3 3 4 1 1 3 3 2 1 1 1 1 1 3 3 4 4 1 1 1 1 2 2 3 3 2 2 3 3 3 3 3 3 3 3 1 1 3 3 1 1 3 1 3 3 1 1 1 4 4 4 3 3 4 1 3 1 4 4 2 2 3 3 1 1 2 4 2 4 4 4 4 4 3 3 2 3 3 3 1 2 2 2 4 4 3 1 2 2 4 4 2 2 2 2 3 3
ROC_FRZ_2017_075 3 3 2 1 4 3 1 1 0 0 0 0 1 1 3 3 3 1 0 0 2 2 0 0 0 0 0 0 0 0 0 0 2 2 1 1 1 3 3 3 4 4 0 0 1 3 0 0 2 2 2 2 3 3 3 2 4 3 0 0 2 2 4 4 1 1 1 1 3 3 0 0 3 3 0 0 3 3 0 0 2 2 2 2 4 4 0 0 2 4 1 2 0 0 3 4 3 4 0 0 1 4 4 4 0 0 2 1 1 4 1 1 2 4 3 3 2 2 4 4 0 0 3 2 1 3 4 2 0 0 2 1 0 0 0 0 4 3 3 4 1 3 4 3 4 2 0 0 3 3 0 0 1 4 3 1 2 1 1 1 0 0 0 0 0 0 0 0 0 0 2 2 3 3 2 2 3 3 3 3 3 3 3 1 0 0 3 3 0 0 0 0 3 3 1 3 0 0 0 0 3 3 4 4 3 3 0 0 2 2 0 0 1 1 2 2 0 0 4 4 4 4 3 1 0 0 0 0 2 2 0 0 4 4 3 1 2 2 0 0 0 0 2 2 0 0
ROC_FRZ_2017_076 3 3 2 2 4 4 0 0 4 4 3 3 1 4 4 4 3 1 2 2 0 0 1 1 4 4 4 4 3 3 4 4 2 2 1 1 1 1 3 3 4 4 3 3 0 0 1 3 4 4 1 1 1 1 3 3 4 4 4 4 2 2 4 2 1 3 1 1 0 0 4 4 3 3 0 0 0 0 4 4 2 2 2 2 4 4 0 0 2 4 1 2 3 1 3 4 3 4 3 2 4 4 4 4 4 1 2 1 1 4 3 3 2 4 3 3 0 0 0 0 0 0 2 2 1 1 4 4 2 2 2 1 2 2 2 3 4 3 3 4 1 3 4 3 4 2 2 4 0 0 3 4 1 1 3 1 1 1 1 1 1 1 3 3 4 4 1 1 1 1 2 2 3 3 2 2 3 3 3 3 3 3 3 1 1 1 3 3 0 0 0 0 3 3 1 1 0 0 4 4 3 3 4 1 3 3 4 4 2 2 3 3 3 1 2 2 2 2 4 4 4 4 0 0 2 2 3 1 1 2 2 2 4 4 3 3 2 2 0 0 0 0 2 2 3 3


0 0
0 0




0 0
0 0
0
0
0
0
0
0
