colony_input
colony_input
19
115
904549
1
2
1
0
0 0
0
1
0
0
1
2
0
10000
0
2
2
MK@
0@
0.01 0.01 0.01 0.01 0.01 0.01 0.01 0.01 0.01 0.01 0.01 0.01 0.01 0.01 0.01 0.01 0.01 0.01 0.01 0.01 0.01 0.01 0.01 0.01 0.01 0.01 0.01 0.01 0.01 0.01 0.01 0.01 0.01 0.01 0.01 0.01 0.01 0.01 0.01 0.01 0.01 0.01 0.01 0.01 0.01 0.01 0.01 0.01 0.01 0.01 0.01 0.01 0.01 0.01 0.01 0.01 0.01 0.01 0.01 0.01 0.01 0.01 0.01 0.01 0.01 0.01 0.01 0.01 0.01 0.01 0.01 0.01 0.01 0.01 0.01 0.01 0.01 0.01 0.01 0.01 0.01 0.01 0.01 0.01 0.01 0.01 0.01 0.01 0.01 0.01 0.01 0.01 0.01 0.01 0.01 0.01 0.01 0.01 0.01 0.01 0.01 0.01 0.01 0.01 0.01 0.01 0.01 0.01 0.01 0.01 0.01 0.01 0.01 0.01 0.01
0.01 0.01 0.01 0.01 0.01 0.01 0.01 0.01 0.01 0.01 0.01 0.01 0.01 0.01 0.01 0.01 0.01 0.01 0.01 0.01 0.01 0.01 0.01 0.01 0.01 0.01 0.01 0.01 0.01 0.01 0.01 0.01 0.01 0.01 0.01 0.01 0.01 0.01 0.01 0.01 0.01 0.01 0.01 0.01 0.01 0.01 0.01 0.01 0.01 0.01 0.01 0.01 0.01 0.01 0.01 0.01 0.01 0.01 0.01 0.01 0.01 0.01 0.01 0.01 0.01 0.01 0.01 0.01 0.01 0.01 0.01 0.01 0.01 0.01 0.01 0.01 0.01 0.01 0.01 0.01 0.01 0.01 0.01 0.01 0.01 0.01 0.01 0.01 0.01 0.01 0.01 0.01 0.01 0.01 0.01 0.01 0.01 0.01 0.01 0.01 0.01 0.01 0.01 0.01 0.01 0.01 0.01 0.01 0.01 0.01 0.01 0.01 0.01 0.01 0.01
MAR_WIC_2000_082 2 1 3 3 0 0 1 1 4 4 1 1 4 4 0 0 1 1 3 3 3 1 2 2 2 2 4 4 4 4 3 3 0 0 0 0 4 4 2 2 3 3 1 1 4 4 4 4 2 2 2 2 2 2 1 1 2 4 2 1 3 1 2 2 4 4 1 1 4 4 3 1 3 3 3 3 1 1 3 4 4 4 2 4 1 2 3 1 3 4 3 4 3 2 3 3 4 4 2 4 4 4 1 1 2 4 4 4 1 1 3 3 2 2 4 4 2 2 3 2 2 1 2 3 4 3 3 4 1 3 4 3 4 2 1 3 1 4 2 2 3 3 0 0 1 1 4 4 3 3 2 1 3 4 1 1 2 4 2 2 2 2 2 2 2 2 2 2 3 3 1 3 3 3 3 3 1 1 1 1 4 4 1 4 1 1 4 2 1 1 3 3 3 3 1 1 1 1 3 3 4 4 3 4 3 1 2 2 1 1 2 2 3 3 2 2 3 1 1 2 2 4 3 3 3 3 4 4 2 2
MAR_WIC_2000_083 2 2 3 1 2 2 1 1 4 4 1 1 4 1 3 3 0 0 3 3 3 1 2 2 4 4 4 4 4 4 3 3 2 4 1 3 4 4 2 4 3 3 1 1 4 4 4 4 2 2 2 4 2 4 1 1 2 2 2 2 3 3 2 2 4 4 1 1 4 4 1 1 1 1 3 3 1 1 3 4 4 2 2 4 1 2 3 1 3 4 3 4 3 2 3 3 1 1 2 4 4 4 1 1 2 4 4 4 3 3 3 3 2 2 4 4 2 3 3 2 1 1 2 3 4 3 3 4 1 3 4 3 4 2 1 1 1 1 2 2 3 3 3 3 0 0 4 4 0 0 2 2 3 3 1 4 2 2 2 2 2 2 4 2 2 2 2 2 3 3 1 1 3 3 3 3 1 1 1 1 4 4 4 4 1 1 4 4 4 1 3 1 3 3 1 1 1 4 3 3 4 2 3 3 3 1 2 2 1 1 2 2 3 3 2 2 3 1 1 2 2 2 3 3 3 3 0 0 0 0
MAR_WIC_2000_085 2 1 3 3 2 1 0 0 4 4 1 1 4 4 4 3 0 0 0 0 3 1 2 4 0 0 4 4 4 4 3 3 0 0 0 0 4 4 2 2 3 3 1 1 4 4 4 4 2 2 4 4 2 2 0 0 2 4 2 1 3 1 4 2 4 4 1 2 4 4 3 1 1 3 3 3 0 0 3 4 0 0 2 4 1 2 3 1 3 4 3 4 3 2 3 3 1 1 2 2 4 4 1 1 2 4 4 3 1 3 3 3 2 2 4 4 2 2 3 3 2 1 2 2 4 4 3 3 1 1 4 4 4 4 1 1 1 1 2 2 3 3 0 0 1 1 4 4 3 3 2 2 3 3 1 1 0 0 0 0 2 2 4 2 0 0 2 2 3 1 1 1 3 3 0 0 0 0 1 1 4 4 4 4 1 1 0 0 4 1 3 1 3 3 1 1 4 4 3 3 0 0 3 3 3 3 2 2 1 1 2 2 0 0 2 3 3 1 1 1 2 2 3 1 3 1 4 1 2 4
MAR_WIC_2000_087 2 2 0 0 2 2 1 1 4 4 1 1 4 4 4 3 1 1 3 3 3 1 2 2 4 2 4 4 4 4 3 3 2 4 3 3 4 1 2 2 3 3 1 1 4 4 4 4 2 2 2 2 2 2 1 1 2 2 2 2 3 3 2 2 4 2 1 2 4 4 1 1 1 3 3 3 1 1 3 3 4 4 2 4 1 2 3 1 3 4 3 4 3 2 3 3 1 4 2 2 4 4 1 1 2 2 4 3 1 3 3 1 2 4 4 2 2 2 3 3 1 1 2 2 4 4 3 3 1 1 4 4 4 4 1 1 1 1 2 2 3 3 3 3 1 1 4 4 1 1 2 1 3 3 1 1 2 2 2 2 2 2 4 4 2 2 2 2 3 3 1 1 3 3 3 1 1 1 1 1 4 4 1 4 1 1 4 2 4 1 3 3 3 3 1 1 1 4 3 3 4 2 3 3 1 1 2 4 1 1 2 4 3 3 2 2 3 1 1 1 2 4 1 1 3 1 4 1 2 4
MAR_WIC_2000_089 2 2 3 3 0 0 1 1 4 4 1 1 4 4 4 3 1 1 3 3 3 1 2 2 2 2 4 4 4 4 3 3 2 2 1 1 4 4 2 2 3 3 1 1 4 4 4 4 2 2 2 2 2 2 1 1 2 4 2 1 3 1 2 2 4 4 1 2 4 4 3 3 1 1 3 3 1 1 3 3 4 4 2 4 1 2 3 1 3 4 3 4 3 2 3 3 1 1 0 0 4 4 1 1 2 2 4 4 1 1 3 3 2 2 4 4 2 2 3 3 1 1 2 3 4 3 3 4 1 3 4 3 4 2 1 1 1 1 2 2 0 0 3 3 1 1 0 0 0 0 2 2 3 3 1 1 2 2 2 2 2 2 4 4 2 2 2 2 3 3 1 1 3 3 3 3 0 0 1 1 4 4 1 4 1 1 4 4 4 1 1 1 3 3 1 1 1 1 3 1 4 4 4 4 3 3 2 2 1 1 2 2 3 3 2 2 3 1 1 1 2 2 3 3 3 1 4 4 2 2
MAR_WIC_2000_091 2 2 0 0 0 0 0 0 0 0 0 0 4 4 0 0 0 0 0 0 3 1 0 0 4 2 0 0 0 0 0 0 0 0 0 0 0 0 0 0 3 3 1 1 4 4 4 4 2 2 2 4 2 2 0 0 0 0 0 0 0 0 2 2 0 0 1 2 0 0 0 0 1 1 3 3 1 3 0 0 4 4 2 4 1 2 3 1 4 4 0 0 0 0 3 3 1 1 2 4 4 4 1 1 0 0 4 4 1 1 0 0 0 0 0 0 2 2 0 0 0 0 0 0 4 4 0 0 1 1 4 4 0 0 0 0 0 0 0 0 3 3 3 4 0 0 4 1 0 0 2 1 0 0 1 4 0 0 2 2 0 0 0 0 2 1 2 2 3 3 1 3 3 3 3 3 1 1 0 0 4 4 4 4 1 1 4 4 0 0 3 1 3 3 1 1 0 0 0 0 4 2 0 0 0 0 2 2 1 1 0 0 0 0 2 3 3 1 1 2 2 4 3 3 3 3 0 0 0 0
MAR_WIC_2000_092 2 2 3 3 2 1 1 2 4 4 1 1 4 4 3 3 0 0 0 0 3 1 2 4 2 2 0 0 0 0 0 0 0 0 0 0 4 1 2 2 3 3 1 1 4 4 4 4 2 2 2 2 2 4 0 0 0 0 2 2 3 3 2 2 4 4 1 1 4 2 3 1 1 3 3 3 1 1 3 3 4 4 2 4 1 2 3 1 3 4 3 4 3 2 3 3 1 4 0 0 4 4 1 1 2 2 4 3 1 1 3 1 2 4 4 2 2 2 3 3 0 0 2 3 4 3 3 4 1 3 4 3 4 2 1 1 1 1 2 2 3 3 3 4 1 1 4 4 0 0 2 2 3 3 1 1 2 2 2 2 2 2 2 2 2 1 0 0 3 3 0 0 3 1 3 3 1 1 1 1 4 2 1 1 1 1 4 2 4 4 3 1 3 3 1 1 1 4 3 3 4 4 3 3 3 3 2 2 1 1 2 2 0 0 2 3 0 0 1 2 2 4 3 3 0 0 4 4 2 2
MAR_WIC_2000_093 2 2 3 3 2 1 1 2 4 4 1 1 4 4 3 3 1 1 3 3 3 1 2 2 2 2 4 4 4 4 3 3 2 4 3 3 4 1 2 2 3 3 1 1 4 4 4 4 2 2 2 2 2 2 1 1 2 4 2 1 3 1 2 2 4 4 1 1 4 2 3 1 1 1 3 4 1 1 3 3 4 4 2 4 1 2 3 1 3 4 3 4 3 2 3 4 1 4 2 4 4 1 1 1 2 4 4 4 1 3 3 1 2 4 4 2 2 2 3 2 0 0 2 2 4 4 3 3 1 1 4 4 4 4 1 1 1 1 2 2 3 3 3 4 1 1 0 0 3 1 2 1 3 3 1 4 2 2 2 2 2 2 4 2 2 1 2 2 3 3 1 1 3 3 3 3 1 1 1 3 4 4 0 0 1 1 4 4 4 1 3 3 3 3 1 1 1 4 3 3 4 4 0 0 3 1 2 2 1 1 2 2 0 0 2 2 3 1 1 2 2 4 3 3 0 0 4 4 2 2
MAR_WIC_2000_094 2 1 3 1 2 1 0 0 0 0 1 1 0 0 0 0 1 1 3 1 3 1 2 4 0 0 0 0 0 0 0 0 0 0 0 0 0 0 2 2 0 0 1 1 4 4 4 4 2 2 0 0 0 0 0 0 0 0 0 0 0 0 0 0 0 0 1 1 0 0 1 1 1 3 3 4 0 0 0 0 0 0 2 2 1 1 3 3 0 0 0 0 0 0 0 0 0 0 2 4 4 4 0 0 0 0 0 0 1 3 0 0 0 0 0 0 0 0 0 0 0 0 0 0 0 0 0 0 0 0 0 0 0 0 0 0 0 0 2 2 0 0 0 0 0 0 0 0 0 0 2 2 0 0 0 0 0 0 0 0 0 0 4 4 0 0 2 2 3 3 0 0 0 0 0 0 0 0 0 0 0 0 0 0 0 0 0 0 4 1 3 1 3 3 0 0 1 4 0 0 0 0 0 0 0 0 2 2 1 1 0 0 0 0 2 2 0 0 0 0 0 0 0 0 0 0 0 0 0 0
MAR_WIC_2000_095 0 0 0 0 0 0 0 0 0 0 1 1 0 0 0 0 0 0 0 0 3 1 2 2 2 2 0 0 0 0 0 0 4 4 3 3 0 0 2 2 3 3 1 1 4 4 0 0 0 0 0 0 2 2 0 0 0 0 0 0 0 0 2 2 4 4 1 1 4 2 0 0 0 0 0 0 1 1 3 4 0 0 2 4 1 2 3 1 3 4 3 4 3 2 0 0 1 4 0 0 4 4 1 1 2 4 0 0 1 1 0 0 0 0 0 0 0 0 0 0 0 0 0 0 4 4 3 3 1 1 4 4 4 4 0 0 0 0 2 2 3 2 0 0 1 1 4 4 3 1 2 2 0 0 0 0 0 0 2 2 0 0 0 0 2 2 2 1 3 3 0 0 3 3 3 3 1 1 1 3 0 0 1 4 1 1 0 0 4 1 3 3 3 3 1 1 1 4 3 3 0 0 3 4 3 1 2 4 1 1 0 0 0 0 2 3 0 0 1 2 0 0 3 1 3 3 0 0 0 0
MAR_WIC_2000_096 2 2 0 0 0 0 0 0 0 0 1 3 0 0 0 0 0 0 0 0 3 1 0 0 0 0 0 0 0 0 0 0 0 0 0 0 0 0 0 0 3 3 1 1 4 4 0 0 0 0 0 0 2 4 0 0 0 0 0 0 0 0 0 0 0 0 0 0 0 0 0 0 0 0 0 0 1 1 3 4 0 0 0 0 0 0 0 0 3 4 0 0 0 0 0 0 0 0 0 0 0 0 0 0 2 4 4 3 0 0 0 0 0 0 0 0 0 0 0 0 0 0 0 0 4 4 3 3 1 1 0 0 0 0 0 0 0 0 0 0 3 3 3 4 1 1 4 4 0 0 0 0 3 3 1 1 0 0 0 0 0 0 0 0 2 2 2 2 3 3 0 0 3 3 0 0 0 0 1 1 0 0 0 0 0 0 0 0 4 4 0 0 0 0 0 0 0 0 0 0 0 0 0 0 1 1 2 4 0 0 0 0 0 0 2 2 3 1 0 0 0 0 0 0 1 1 0 0 0 0
MAR_WIC_2000_097 2 1 3 1 0 0 1 1 0 0 1 1 0 0 4 3 1 4 0 0 3 1 0 0 2 2 4 4 4 4 0 0 2 2 1 1 0 0 2 2 3 3 1 1 4 4 0 0 0 0 2 4 0 0 0 0 0 0 0 0 0 0 0 0 0 0 1 2 0 0 3 1 1 1 0 0 0 0 0 0 0 0 2 2 1 1 3 3 0 0 0 0 0 0 3 3 1 1 0 0 4 4 1 1 2 2 4 4 1 1 3 1 2 4 4 2 0 0 2 2 2 1 2 3 4 3 3 4 1 3 4 3 4 2 0 0 0 0 2 2 0 0 3 4 1 1 4 4 3 3 2 2 3 4 1 4 2 2 0 0 2 2 0 0 2 2 2 2 0 0 3 3 3 1 0 0 0 0 1 3 0 0 0 0 0 0 4 4 4 4 3 1 3 3 1 1 1 4 3 3 0 0 3 4 3 1 0 0 1 4 2 2 0 0 2 3 3 1 1 2 2 4 3 3 3 3 0 0 0 0
MAR_WIC_2000_098 2 2 0 0 0 0 0 0 0 0 1 1 0 0 4 3 0 0 0 0 3 1 0 0 0 0 0 0 0 0 0 0 0 0 0 0 0 0 0 0 0 0 0 0 0 0 4 4 2 2 0 0 0 0 0 0 2 4 2 1 3 1 0 0 0 0 0 0 0 0 3 1 0 0 3 4 0 0 0 0 0 0 2 4 1 2 3 1 3 4 3 4 3 2 0 0 0 0 0 0 4 4 1 1 0 0 0 0 0 0 0 0 0 0 0 0 0 0 0 0 0 0 0 0 4 4 3 3 1 1 4 4 4 4 0 0 0 0 2 2 0 0 0 0 0 0 0 0 3 1 0 0 0 0 0 0 0 0 0 0 0 0 0 0 0 0 0 0 0 0 0 0 0 0 0 0 0 0 0 0 4 4 0 0 0 0 0 0 4 1 3 3 0 0 1 3 0 0 0 0 0 0 0 0 3 3 0 0 0 0 0 0 0 0 2 2 0 0 0 0 0 0 0 0 3 3 0 0 0 0
MAR_WIC_2000_099 2 2 0 0 0 0 0 0 0 0 1 1 0 0 4 3 0 0 0 0 3 1 0 0 2 2 4 4 4 4 3 3 0 0 0 0 0 0 2 2 3 2 1 4 4 3 0 0 0 0 2 4 2 2 1 1 0 0 0 0 0 0 0 0 0 0 0 0 4 2 1 1 1 1 0 0 1 1 0 0 4 4 0 0 0 0 0 0 0 0 0 0 0 0 0 0 1 4 2 4 4 4 1 1 2 2 4 4 1 1 0 0 0 0 0 0 2 3 3 2 2 1 2 3 4 3 3 4 1 3 4 3 4 2 0 0 0 0 2 1 3 3 0 0 1 4 4 4 3 1 2 1 0 0 4 4 0 0 0 0 2 4 4 2 2 2 2 2 3 3 1 3 3 3 3 3 0 0 0 0 0 0 0 0 0 0 0 0 4 1 3 3 0 0 1 1 1 1 0 0 4 4 0 0 0 0 2 2 0 0 2 2 3 1 0 0 0 0 1 2 2 4 0 0 3 3 4 4 2 2
MAR_WIC_2000_100 2 2 3 3 2 2 1 1 4 4 1 1 0 0 4 3 1 1 3 1 3 1 2 2 2 2 4 4 4 4 3 3 4 4 3 3 4 1 2 2 3 3 1 1 4 4 4 4 2 2 2 4 2 2 1 1 4 4 1 1 1 1 2 2 4 4 1 2 0 0 3 1 0 0 3 3 1 1 3 3 4 2 2 4 1 2 3 1 3 4 3 4 3 2 3 3 1 4 2 4 4 1 1 1 2 2 4 3 1 1 3 1 2 4 4 2 2 2 0 0 2 2 2 2 4 4 3 3 1 1 4 4 4 4 1 1 1 1 2 2 3 3 3 3 1 1 4 4 3 3 2 2 3 3 1 4 2 2 2 1 2 2 4 2 2 2 2 1 3 3 3 3 3 1 3 3 1 1 1 1 4 4 1 4 1 3 4 2 4 1 3 3 3 3 1 3 1 4 3 3 4 4 3 3 3 1 2 2 1 1 2 2 0 0 2 2 3 1 1 1 2 2 3 3 1 1 4 4 2 2
MAR_WIC_2000_102 2 2 0 0 0 0 1 1 4 4 1 1 4 4 3 3 1 1 3 1 3 1 2 4 4 4 4 4 4 4 3 3 0 0 0 0 4 4 2 2 3 3 1 1 4 4 4 4 2 2 4 4 2 4 1 1 2 2 2 2 3 3 2 2 4 4 1 2 4 4 1 1 1 1 3 3 1 1 0 0 4 4 2 4 1 2 3 1 3 4 0 0 0 0 3 3 1 1 0 0 4 4 1 1 2 2 0 0 1 3 3 3 2 2 4 4 2 2 0 0 2 1 2 3 4 3 3 4 1 3 4 3 4 2 1 1 1 1 0 0 3 3 3 4 1 1 4 4 3 1 0 0 3 3 1 1 2 2 2 2 2 2 4 2 2 1 2 2 3 3 3 3 3 3 3 3 1 1 1 1 0 0 1 4 1 1 4 2 4 1 3 1 3 3 0 0 1 1 3 3 4 4 4 4 0 0 2 2 1 1 2 4 3 3 2 2 3 1 1 1 2 2 3 3 3 1 1 1 4 4
MAR_WIC_2000_104 2 2 0 0 0 0 1 1 0 0 1 1 4 4 4 3 1 1 3 1 3 1 4 4 4 2 4 4 4 4 3 3 2 2 3 3 4 1 2 2 3 3 1 1 4 4 4 2 2 4 2 2 2 2 1 1 2 2 2 2 3 3 2 2 4 4 1 1 0 0 3 1 1 1 3 4 1 1 3 4 4 2 2 4 1 2 3 1 3 4 3 4 3 2 3 3 1 1 2 2 4 4 1 3 2 4 4 3 3 3 3 3 2 2 4 4 0 0 3 3 1 1 2 3 4 3 3 4 1 3 4 3 4 2 1 1 1 1 2 2 0 0 3 3 0 0 4 4 3 3 2 2 3 3 1 1 2 2 2 2 2 2 4 2 2 2 2 2 3 3 3 3 3 3 3 3 1 3 1 1 4 4 1 1 1 1 4 4 4 4 0 0 3 3 1 1 1 1 3 3 4 2 4 4 3 1 2 2 1 1 0 0 3 3 2 2 0 0 1 2 4 4 3 3 3 3 1 1 4 4
MAR_WIC_2000_113 2 2 0 0 0 0 0 0 4 2 0 0 0 0 0 0 0 0 0 0 3 1 2 4 0 0 4 3 4 1 3 2 0 0 0 0 0 0 0 0 3 3 0 0 0 0 0 0 0 0 0 0 0 0 0 0 0 0 0 0 0 0 2 2 0 0 1 2 0 0 0 0 0 0 0 0 1 1 0 0 0 0 2 4 1 2 3 1 3 4 3 4 3 2 0 0 0 0 0 0 0 0 1 1 4 4 0 0 1 1 3 1 2 4 4 2 2 2 0 0 0 0 0 0 0 0 0 0 0 0 0 0 0 0 0 0 0 0 2 2 3 3 0 0 0 0 4 1 0 0 0 0 0 0 1 4 0 0 0 0 0 0 0 0 2 2 2 2 3 3 0 0 0 0 3 1 0 0 0 0 0 0 0 0 1 1 0 0 4 1 3 3 3 1 1 1 1 1 0 0 4 4 0 0 3 1 0 0 1 1 0 0 0 0 2 2 0 0 0 0 0 0 0 0 0 0 4 4 2 2
MAR_WIC_2000_114 2 2 3 3 2 1 1 1 4 4 1 1 4 4 4 3 0 0 3 3 3 1 2 4 4 2 4 4 4 4 3 3 4 4 3 3 4 4 2 2 3 3 1 1 4 4 4 4 2 2 2 2 2 2 1 3 2 2 2 2 3 3 2 2 4 4 1 2 4 4 3 1 1 1 3 3 1 1 3 3 4 4 2 4 1 2 3 1 3 4 3 4 3 2 3 3 1 4 2 2 4 4 1 1 2 2 4 4 3 3 3 3 2 2 4 4 0 0 3 3 1 1 2 2 4 4 3 3 1 1 4 4 4 4 1 1 1 1 2 2 3 3 3 3 1 1 4 4 3 3 2 1 3 3 1 4 2 2 2 2 2 2 4 2 2 2 2 2 3 3 3 3 3 3 3 3 1 1 1 1 4 4 1 1 1 1 4 4 4 1 3 1 3 3 1 1 4 4 3 3 4 4 3 3 1 1 2 2 1 1 2 2 3 3 2 3 3 1 1 1 2 4 3 3 3 3 4 1 2 4


0 0
0 0




0 0
0 0
0
0
0
0
0
0
