colony_input
colony_input
9
105
894089
1
2
1
0
0 0
0
1
0
0
1
2
0
10000
0
2
2
MK@
0@
0.01 0.01 0.01 0.01 0.01 0.01 0.01 0.01 0.01 0.01 0.01 0.01 0.01 0.01 0.01 0.01 0.01 0.01 0.01 0.01 0.01 0.01 0.01 0.01 0.01 0.01 0.01 0.01 0.01 0.01 0.01 0.01 0.01 0.01 0.01 0.01 0.01 0.01 0.01 0.01 0.01 0.01 0.01 0.01 0.01 0.01 0.01 0.01 0.01 0.01 0.01 0.01 0.01 0.01 0.01 0.01 0.01 0.01 0.01 0.01 0.01 0.01 0.01 0.01 0.01 0.01 0.01 0.01 0.01 0.01 0.01 0.01 0.01 0.01 0.01 0.01 0.01 0.01 0.01 0.01 0.01 0.01 0.01 0.01 0.01 0.01 0.01 0.01 0.01 0.01 0.01 0.01 0.01 0.01 0.01 0.01 0.01 0.01 0.01 0.01 0.01 0.01 0.01 0.01 0.01
0.01 0.01 0.01 0.01 0.01 0.01 0.01 0.01 0.01 0.01 0.01 0.01 0.01 0.01 0.01 0.01 0.01 0.01 0.01 0.01 0.01 0.01 0.01 0.01 0.01 0.01 0.01 0.01 0.01 0.01 0.01 0.01 0.01 0.01 0.01 0.01 0.01 0.01 0.01 0.01 0.01 0.01 0.01 0.01 0.01 0.01 0.01 0.01 0.01 0.01 0.01 0.01 0.01 0.01 0.01 0.01 0.01 0.01 0.01 0.01 0.01 0.01 0.01 0.01 0.01 0.01 0.01 0.01 0.01 0.01 0.01 0.01 0.01 0.01 0.01 0.01 0.01 0.01 0.01 0.01 0.01 0.01 0.01 0.01 0.01 0.01 0.01 0.01 0.01 0.01 0.01 0.01 0.01 0.01 0.01 0.01 0.01 0.01 0.01 0.01 0.01 0.01 0.01 0.01 0.01
MAR_TCR_2002_001 2 2 2 2 4 4 2 2 4 3 2 2 3 1 2 2 4 4 4 4 0 0 0 0 0 0 1 1 3 3 1 3 1 3 0 0 0 0 0 0 2 2 4 2 1 3 0 0 4 4 3 3 1 1 1 3 3 4 1 1 0 0 2 4 1 2 3 1 3 4 3 4 3 2 1 4 2 4 4 4 2 2 3 3 4 4 3 4 2 2 2 2 2 4 2 2 2 1 2 3 4 3 3 4 1 3 4 3 4 2 2 4 3 3 4 4 2 2 3 1 3 3 2 1 3 3 3 3 1 4 4 1 4 4 2 2 3 3 2 2 0 0 3 1 3 1 4 4 1 1 3 3 2 2 4 2 1 1 2 2 2 2 0 0 3 3 3 1 3 3 4 4 3 3 0 0 0 0 3 3 2 4 0 0 4 3 4 3 0 0 1 1 3 3 2 2 1 1 0 0 4 4 2 2 1 1 4 4 2 2
MAR_TCR_2002_002 2 2 2 2 0 0 2 4 4 3 2 2 3 1 2 2 2 2 4 4 2 2 1 1 2 2 3 1 3 3 1 3 1 1 2 4 2 1 3 1 2 2 4 2 1 3 1 1 4 4 3 1 1 1 0 0 3 3 1 1 2 2 2 4 1 2 3 1 3 4 3 4 3 2 0 0 0 0 4 4 2 2 3 3 4 4 3 3 2 2 3 3 2 2 2 2 2 2 2 3 4 3 3 4 1 3 4 3 4 2 2 2 3 3 3 3 2 2 3 1 3 2 2 2 3 3 3 3 1 4 4 1 4 4 2 2 3 3 2 2 0 0 1 1 3 3 4 4 1 1 3 3 0 0 0 0 1 4 2 2 4 4 1 1 3 3 3 3 3 3 4 4 0 0 3 1 2 2 3 3 2 2 2 4 0 0 0 0 3 1 1 1 3 3 2 2 2 2 0 0 4 4 2 2 0 0 4 1 2 4
MAR_TCR_2002_009 2 2 0 0 0 0 0 0 4 3 2 2 3 1 2 2 4 2 4 4 2 2 1 1 2 2 0 0 3 1 1 1 0 0 2 2 2 2 3 3 2 4 2 2 3 3 1 1 4 2 3 1 1 1 1 3 0 0 0 0 4 4 2 4 1 2 3 1 3 4 3 4 3 2 1 4 0 0 4 4 2 2 3 4 0 0 0 0 2 2 3 3 0 0 2 1 2 1 2 2 4 4 3 3 1 1 4 4 4 4 0 0 3 3 4 4 2 2 3 3 3 2 2 1 3 3 3 3 1 1 0 0 0 0 0 0 3 3 2 2 1 3 3 1 0 0 4 4 1 1 3 3 2 1 0 0 1 1 2 2 4 2 4 1 3 1 3 3 3 3 0 0 3 4 3 3 0 0 3 3 2 2 0 0 4 3 4 3 0 0 1 1 3 3 2 2 2 2 2 2 4 4 2 2 0 0 4 1 2 4
MAR_TCR_2002_011 2 2 0 0 4 4 2 2 0 0 2 2 3 1 2 4 4 2 4 4 2 2 1 1 2 2 3 3 0 0 1 3 1 1 0 0 0 0 0 0 2 2 0 0 0 0 2 2 4 4 1 1 1 1 1 1 0 0 1 1 4 2 2 4 1 2 3 1 3 4 3 4 3 2 1 4 0 0 4 4 2 2 3 3 4 4 3 3 2 2 3 3 2 2 2 2 2 1 0 0 4 3 3 4 1 3 4 3 4 2 2 2 0 0 4 4 2 2 3 3 2 2 2 2 3 3 3 3 1 1 4 4 0 0 2 2 3 3 2 2 1 1 3 3 3 3 4 4 1 1 3 3 2 2 4 4 4 4 2 2 4 4 4 1 3 3 3 3 3 3 4 2 0 0 3 1 2 2 3 3 2 4 0 0 4 4 4 4 3 1 1 1 3 3 2 2 1 2 2 2 4 4 2 2 3 3 4 4 2 2
MAR_TCR_2002_017 0 0 0 0 0 0 0 0 0 0 0 0 0 0 0 0 0 0 4 4 0 0 0 0 0 0 0 0 0 0 0 0 0 0 0 0 0 0 0 0 0 0 0 0 0 0 0 0 0 0 3 1 0 0 0 0 0 0 1 3 0 0 2 4 1 2 3 1 3 4 3 4 3 2 0 0 0 0 4 2 2 4 0 0 0 0 0 0 0 0 0 0 0 0 0 0 0 0 0 0 4 4 3 3 1 1 4 4 4 4 0 0 3 2 3 4 0 0 0 0 3 2 0 0 3 4 0 0 0 0 0 0 4 3 0 0 0 0 0 0 0 0 0 0 0 0 4 3 1 2 0 0 0 0 4 4 0 0 2 2 0 0 0 0 0 0 0 0 0 0 0 0 0 0 3 1 0 0 0 0 0 0 0 0 0 0 0 0 0 0 1 4 3 4 2 4 1 2 0 0 0 0 0 0 0 0 0 0 0 0
MAR_TCR_2002_020 2 2 2 1 4 4 2 2 4 3 2 2 3 1 2 2 4 2 4 4 2 4 1 3 2 2 3 3 3 3 0 0 1 1 0 0 0 0 0 0 2 2 4 4 1 1 1 2 4 2 3 1 1 3 1 1 3 3 1 1 4 2 2 4 1 2 3 1 3 4 3 4 3 2 1 4 2 4 4 4 2 2 3 3 0 0 3 3 2 3 3 3 2 2 1 1 2 2 2 2 4 4 3 3 1 1 4 4 4 4 2 2 3 3 3 4 2 2 3 3 3 3 2 2 3 3 3 4 1 1 4 4 4 4 2 2 3 3 2 2 0 0 3 3 3 3 4 4 1 1 3 4 2 2 4 4 1 4 2 2 0 0 4 4 3 3 3 3 3 1 0 0 3 3 3 1 2 2 3 3 2 2 0 0 4 4 4 4 3 1 1 1 3 3 2 2 2 2 2 4 4 2 2 2 3 1 4 4 2 2
MAR_TCR_2002_022 2 2 0 0 0 0 2 2 4 3 2 2 3 1 2 4 4 4 4 4 2 2 1 1 2 4 0 0 0 0 1 3 1 1 0 0 2 2 3 3 2 2 4 2 1 3 1 2 4 4 0 0 1 1 1 1 3 4 0 0 2 2 2 4 1 2 3 1 3 4 3 4 3 2 1 4 2 4 4 4 2 2 3 3 0 0 3 3 0 0 3 3 2 2 0 0 2 2 2 3 4 3 3 4 1 3 4 3 4 2 2 2 0 0 3 4 0 0 0 0 3 2 2 2 3 3 3 3 1 1 4 4 0 0 2 2 3 3 2 4 1 3 1 1 3 3 4 4 1 1 3 3 2 2 4 4 1 1 2 1 0 0 4 4 3 1 3 3 3 3 4 2 3 3 0 0 0 0 3 4 2 2 2 4 4 4 4 4 0 0 1 1 3 3 2 2 1 2 0 0 4 4 2 2 3 3 0 0 0 0
MAR_TCR_2002_024 2 2 2 1 4 4 0 0 0 0 2 2 3 1 2 2 4 2 4 4 0 0 0 0 0 0 3 1 3 1 1 3 1 3 0 0 2 2 3 3 2 2 4 2 1 3 1 2 4 4 3 3 1 1 1 1 0 0 0 0 4 2 2 4 1 2 3 1 3 4 0 0 0 0 4 4 0 0 4 4 2 2 3 3 4 4 3 3 2 2 3 2 2 2 0 0 2 2 0 0 4 4 3 3 1 1 4 4 4 4 2 2 3 3 0 0 2 2 0 0 3 2 2 2 0 0 0 0 1 1 4 4 4 4 0 0 3 3 2 2 1 3 3 3 3 3 4 4 1 1 3 3 2 2 4 2 1 1 2 2 4 2 4 4 3 3 0 0 3 3 4 4 0 0 3 3 0 0 3 3 2 2 2 2 4 4 4 4 0 0 1 1 3 3 2 2 1 1 0 0 4 4 2 4 1 1 4 4 2 2
MAR_TCR_2002_025 2 1 0 0 4 1 0 0 0 0 2 4 3 1 2 2 0 0 4 1 0 0 0 0 0 0 1 1 3 3 0 0 1 1 2 2 2 2 3 3 0 0 2 2 3 3 0 0 4 4 3 3 0 0 1 1 0 0 1 1 4 2 2 4 1 2 3 1 3 4 3 4 0 0 1 4 2 4 4 4 2 2 3 3 3 3 3 3 0 0 2 2 2 2 0 0 0 0 0 0 4 4 3 3 1 1 4 4 4 4 2 2 3 3 3 3 2 1 0 0 0 0 2 2 0 0 0 0 0 0 4 1 0 0 2 1 3 1 0 0 0 0 3 3 3 3 4 4 1 1 0 0 0 0 4 4 0 0 0 0 4 2 4 1 3 3 3 3 3 3 0 0 0 0 0 0 2 4 3 3 2 2 2 2 4 4 4 4 0 0 1 1 3 3 2 2 1 2 0 0 0 0 0 0 0 0 4 4 2 2


0 0
0 0




0 0
0 0
0
0
0
0
0
0
