colony_input
colony_input
5
37
874368
1
2
1
0
0 0
0
1
0
0
1
2
0
10000
0
2
2
MK@
0@
0.01 0.01 0.01 0.01 0.01 0.01 0.01 0.01 0.01 0.01 0.01 0.01 0.01 0.01 0.01 0.01 0.01 0.01 0.01 0.01 0.01 0.01 0.01 0.01 0.01 0.01 0.01 0.01 0.01 0.01 0.01 0.01 0.01 0.01 0.01 0.01 0.01
0.01 0.01 0.01 0.01 0.01 0.01 0.01 0.01 0.01 0.01 0.01 0.01 0.01 0.01 0.01 0.01 0.01 0.01 0.01 0.01 0.01 0.01 0.01 0.01 0.01 0.01 0.01 0.01 0.01 0.01 0.01 0.01 0.01 0.01 0.01 0.01 0.01
REE_MHK_2016_001 0 0 0 0 0 0 0 0 3 1 3 3 0 0 0 0 0 0 4 4 4 4 2 2 2 4 1 2 3 1 3 4 3 4 3 2 0 0 0 0 0 0 3 1 2 4 4 2 0 0 0 0 2 1 2 1 4 4 3 3 3 4 0 0 0 0 0 0 0 0 0 0 0 0
REE_MHK_2016_002 3 3 2 2 2 2 4 4 3 1 3 3 4 3 4 1 3 2 4 1 4 4 2 2 2 4 1 2 3 1 3 4 3 4 3 2 2 2 1 1 2 2 1 1 4 4 2 2 2 2 1 1 2 2 2 2 4 4 3 3 3 3 4 4 3 3 3 3 3 1 1 1 1 1
REE_MHK_2016_003 3 3 2 2 2 4 0 0 3 1 3 3 3 3 1 1 2 2 4 4 4 4 2 4 2 4 1 2 3 1 3 4 3 4 3 2 2 1 1 4 2 2 1 1 4 4 2 2 0 0 1 2 2 2 2 2 4 4 3 3 3 4 4 4 4 3 4 3 3 1 2 1 1 1
REE_MHK_2016_004 3 1 2 2 2 2 4 4 3 1 3 3 4 3 4 1 3 2 4 4 4 4 2 2 2 4 1 2 3 1 3 4 3 4 3 2 2 1 1 4 2 1 1 1 4 4 2 2 2 2 1 1 0 0 2 1 4 4 3 3 4 4 4 4 4 3 4 3 3 1 2 1 1 1
REE_MHK_2016_005 3 3 2 1 2 2 4 3 3 1 3 1 4 3 4 1 3 2 4 4 3 4 2 2 2 4 1 2 3 1 3 4 3 4 3 2 2 1 1 4 2 2 1 1 4 4 2 2 2 1 1 1 2 2 2 2 4 1 3 4 4 4 2 4 4 3 4 3 3 1 2 1 1 2


0 0
0 0




0 0
0 0
0
0
0
0
0
0
