colony_input
colony_input
13
174
431454
1
2
1
0
0 0
0
1
0
0
1
2
0
10000
0
2
2
MK@
0@
0.01 0.01 0.01 0.01 0.01 0.01 0.01 0.01 0.01 0.01 0.01 0.01 0.01 0.01 0.01 0.01 0.01 0.01 0.01 0.01 0.01 0.01 0.01 0.01 0.01 0.01 0.01 0.01 0.01 0.01 0.01 0.01 0.01 0.01 0.01 0.01 0.01 0.01 0.01 0.01 0.01 0.01 0.01 0.01 0.01 0.01 0.01 0.01 0.01 0.01 0.01 0.01 0.01 0.01 0.01 0.01 0.01 0.01 0.01 0.01 0.01 0.01 0.01 0.01 0.01 0.01 0.01 0.01 0.01 0.01 0.01 0.01 0.01 0.01 0.01 0.01 0.01 0.01 0.01 0.01 0.01 0.01 0.01 0.01 0.01 0.01 0.01 0.01 0.01 0.01 0.01 0.01 0.01 0.01 0.01 0.01 0.01 0.01 0.01 0.01 0.01 0.01 0.01 0.01 0.01 0.01 0.01 0.01 0.01 0.01 0.01 0.01 0.01 0.01 0.01 0.01 0.01 0.01 0.01 0.01 0.01 0.01 0.01 0.01 0.01 0.01 0.01 0.01 0.01 0.01 0.01 0.01 0.01 0.01 0.01 0.01 0.01 0.01 0.01 0.01 0.01 0.01 0.01 0.01 0.01 0.01 0.01 0.01 0.01 0.01 0.01 0.01 0.01 0.01 0.01 0.01 0.01 0.01 0.01 0.01 0.01 0.01 0.01 0.01 0.01 0.01 0.01 0.01 0.01 0.01 0.01 0.01 0.01 0.01
0.01 0.01 0.01 0.01 0.01 0.01 0.01 0.01 0.01 0.01 0.01 0.01 0.01 0.01 0.01 0.01 0.01 0.01 0.01 0.01 0.01 0.01 0.01 0.01 0.01 0.01 0.01 0.01 0.01 0.01 0.01 0.01 0.01 0.01 0.01 0.01 0.01 0.01 0.01 0.01 0.01 0.01 0.01 0.01 0.01 0.01 0.01 0.01 0.01 0.01 0.01 0.01 0.01 0.01 0.01 0.01 0.01 0.01 0.01 0.01 0.01 0.01 0.01 0.01 0.01 0.01 0.01 0.01 0.01 0.01 0.01 0.01 0.01 0.01 0.01 0.01 0.01 0.01 0.01 0.01 0.01 0.01 0.01 0.01 0.01 0.01 0.01 0.01 0.01 0.01 0.01 0.01 0.01 0.01 0.01 0.01 0.01 0.01 0.01 0.01 0.01 0.01 0.01 0.01 0.01 0.01 0.01 0.01 0.01 0.01 0.01 0.01 0.01 0.01 0.01 0.01 0.01 0.01 0.01 0.01 0.01 0.01 0.01 0.01 0.01 0.01 0.01 0.01 0.01 0.01 0.01 0.01 0.01 0.01 0.01 0.01 0.01 0.01 0.01 0.01 0.01 0.01 0.01 0.01 0.01 0.01 0.01 0.01 0.01 0.01 0.01 0.01 0.01 0.01 0.01 0.01 0.01 0.01 0.01 0.01 0.01 0.01 0.01 0.01 0.01 0.01 0.01 0.01 0.01 0.01 0.01 0.01 0.01 0.01
MAG_LJK_2009_017 0 0 0 0 3 3 1 1 0 0 0 0 0 0 0 0 3 3 0 0 4 4 0 0 2 4 0 0 4 3 3 1 0 0 0 0 0 0 0 0 0 0 4 4 0 0 2 2 1 1 0 0 0 0 0 0 0 0 0 0 3 3 1 1 0 0 1 3 3 1 0 0 0 0 0 0 0 0 0 0 0 0 4 4 0 0 0 0 0 0 0 0 0 0 0 0 0 0 0 0 1 3 0 0 0 0 0 0 0 0 0 0 0 0 0 0 0 0 0 0 1 3 3 1 2 3 0 0 0 0 0 0 0 0 0 0 0 0 0 0 0 0 0 0 0 0 0 0 0 0 0 0 0 0 0 0 0 0 0 0 0 0 2 2 0 0 0 0 0 0 0 0 0 0 1 1 1 1 0 0 4 2 2 2 0 0 4 4 2 1 0 0 0 0 0 0 0 0 0 0 0 0 0 0 3 3 1 1 0 0 2 2 0 0 0 0 2 2 0 0 3 3 4 4 1 1 1 1 0 0 0 0 0 0 0 0 4 1 3 1 1 4 2 4 0 0 0 0 0 0 0 0 0 0 0 0 0 0 0 0 0 0 0 0 2 2 1 1 1 1 2 2 0 0 0 0 0 0 0 0 0 0 0 0 0 0 0 0 0 0 1 1 2 1 4 1 0 0 1 1 0 0 0 0 0 0 0 0 2 4 0 0 0 0 0 0 0 0 4 4 4 4 4 2 0 0 0 0 0 0 0 0 0 0 0 0 0 0 0 0 0 0 0 0 0 0 0 0
MAG_LJK_2009_018 2 1 3 3 3 3 1 1 0 0 0 0 0 0 1 1 3 3 0 0 0 0 3 3 2 2 0 0 0 0 3 1 0 0 4 4 1 1 4 4 0 0 0 0 0 0 0 0 0 0 1 1 1 1 2 2 1 1 4 4 3 3 1 1 0 0 0 0 0 0 0 0 0 0 0 0 0 0 3 3 0 0 4 4 2 2 0 0 0 0 0 0 0 0 2 2 0 0 0 0 0 0 0 0 0 0 0 0 0 0 0 0 0 0 4 4 1 1 1 2 0 0 0 0 0 0 0 0 0 0 0 0 4 4 0 0 4 2 1 1 0 0 0 0 0 0 0 0 0 0 0 0 0 0 0 0 0 0 0 0 0 0 2 2 2 1 1 4 4 3 4 1 0 0 0 0 0 0 1 2 4 2 0 0 0 0 0 0 0 0 0 0 0 0 4 4 3 3 1 1 4 4 4 4 3 3 0 0 0 0 2 1 0 0 0 0 2 3 0 0 3 3 4 4 1 1 1 1 3 3 1 3 0 0 0 0 4 4 3 3 1 1 2 2 0 0 1 1 1 2 1 2 3 4 3 4 1 1 0 0 0 0 0 0 0 0 0 0 0 0 0 0 0 0 0 0 0 0 0 0 0 0 0 0 0 0 0 0 0 0 1 1 0 0 0 0 2 2 1 3 0 0 0 0 0 0 3 3 2 2 2 2 0 0 0 0 2 2 0 0 0 0 0 0 0 0 0 0 0 0 0 0 2 4 4 4 2 2 0 0 3 3 0 0 0 0 4 3
MAG_LJK_2009_019 2 1 3 2 3 1 1 4 0 0 0 0 0 0 0 0 3 3 4 4 4 1 4 3 2 2 1 1 0 0 3 1 0 0 4 4 1 1 4 4 2 2 4 2 0 0 0 0 0 0 1 1 1 1 2 2 1 1 4 4 0 0 0 0 0 0 1 1 3 3 0 0 0 0 4 4 0 0 0 0 0 0 4 2 2 4 0 0 0 0 0 0 0 0 0 0 3 3 1 1 0 0 0 0 4 4 2 4 2 1 3 1 0 0 4 2 1 3 2 2 1 1 3 3 2 2 2 2 3 1 0 0 0 0 4 4 4 2 1 3 0 0 0 0 0 0 0 0 0 0 0 0 3 3 2 3 1 1 0 0 4 1 0 0 0 0 0 0 4 3 4 1 1 3 1 2 1 3 0 0 4 4 2 2 0 0 0 0 0 0 0 0 0 0 0 0 0 0 0 0 0 0 0 0 0 0 1 1 0 0 2 1 3 3 1 1 2 2 1 3 3 1 4 2 1 3 0 0 0 0 0 0 3 3 0 0 0 0 3 3 1 1 2 2 1 3 0 0 0 0 0 0 0 0 0 0 1 1 2 2 4 4 3 3 2 2 1 1 1 1 2 2 1 1 4 4 3 3 4 4 3 3 2 2 3 3 3 3 4 2 4 1 0 0 0 0 0 0 1 1 0 0 0 0 0 0 0 0 2 2 0 0 0 0 0 0 0 0 4 3 4 3 0 0 0 0 2 2 3 3 0 0 0 0 4 4 2 2 3 1 3 3 4 4 2 2 4 4
MAG_LJK_2009_021 0 0 3 3 3 3 1 1 2 2 1 1 4 4 0 0 0 0 4 2 4 1 4 4 2 4 0 0 0 0 3 1 2 2 0 0 0 0 0 0 0 0 4 4 2 2 2 2 1 1 1 1 1 1 2 2 1 1 4 4 3 3 1 1 1 1 1 1 3 3 2 2 1 1 4 4 4 4 0 0 0 0 4 4 2 2 0 0 0 0 0 0 0 0 2 2 3 3 0 0 1 3 2 3 4 2 0 0 0 0 0 0 0 0 4 2 1 3 2 2 1 1 3 3 2 2 2 2 3 3 0 0 0 0 4 3 4 2 0 0 2 2 1 1 3 3 0 0 0 0 0 0 3 4 2 2 1 1 0 0 0 0 2 4 2 2 1 1 4 4 4 4 1 1 1 1 1 1 1 1 0 0 2 2 0 0 0 0 2 1 0 0 2 3 4 3 3 4 1 3 4 3 4 2 0 0 1 1 0 0 2 2 0 0 0 0 2 2 0 0 3 3 4 4 1 1 1 1 0 0 0 0 3 3 0 0 0 0 0 0 0 0 0 0 1 1 0 0 0 0 0 0 0 0 0 0 0 0 2 2 4 1 3 4 2 4 1 3 0 0 0 0 0 0 0 0 3 1 4 3 3 3 2 2 3 4 3 1 4 4 1 1 0 0 0 0 0 0 1 1 3 2 3 2 0 0 3 3 2 2 2 2 4 4 2 2 0 0 4 4 4 4 4 4 3 1 2 4 3 3 0 0 2 2 4 4 2 2 3 1 3 3 0 0 0 0 4 4
MAG_LJK_2009_022 2 2 3 3 3 3 1 1 2 2 1 1 4 4 0 0 3 3 4 4 4 4 4 3 2 2 1 1 4 3 3 3 0 0 0 0 1 1 4 4 2 4 0 0 2 4 2 1 1 4 1 2 1 2 2 4 1 3 4 3 3 4 1 4 1 3 1 1 3 3 0 0 0 0 4 4 0 0 0 0 3 3 4 4 2 2 0 0 0 0 0 0 0 0 2 2 0 0 1 3 1 3 0 0 0 0 2 2 2 2 3 3 0 0 4 4 1 1 1 2 0 0 0 0 0 0 4 2 0 0 0 0 4 4 0 0 2 2 1 1 2 4 1 2 3 1 3 4 3 4 3 2 3 3 2 2 1 1 0 0 1 1 2 2 2 2 1 1 0 0 0 0 1 1 1 1 1 3 0 0 4 4 2 3 0 0 0 0 2 1 2 2 0 0 4 3 3 4 1 3 4 3 4 2 3 4 1 1 3 3 2 2 0 0 0 0 2 3 1 1 3 3 4 4 1 1 1 1 3 3 1 3 3 3 0 0 0 0 3 3 1 1 2 2 1 1 1 1 1 1 1 1 3 3 3 3 1 1 2 2 0 0 0 0 2 4 1 3 1 2 2 4 1 4 4 3 3 1 4 3 3 4 2 4 3 4 3 1 4 4 4 1 0 0 0 0 0 0 1 1 0 0 0 0 4 4 3 3 2 4 0 0 0 0 0 0 0 0 4 3 4 3 4 4 0 0 2 4 3 4 1 2 2 4 4 4 2 2 0 0 3 3 0 0 0 0 4 4
MAG_LJK_2009_031 2 2 3 3 0 0 0 0 2 1 1 2 0 0 0 0 3 3 4 4 4 1 0 0 0 0 0 0 0 0 3 1 2 2 4 4 1 1 4 4 2 2 0 0 2 2 2 2 1 1 0 0 0 0 0 0 0 0 0 0 3 3 1 1 0 0 0 0 0 0 2 4 1 3 0 0 0 0 0 0 0 0 4 4 0 0 0 0 0 0 0 0 4 2 2 2 0 0 0 0 1 1 0 0 0 0 0 0 0 0 0 0 0 0 4 4 1 1 0 0 0 0 0 0 0 0 0 0 3 3 3 3 0 0 0 0 0 0 0 0 2 4 1 2 3 1 3 4 3 4 3 2 3 4 2 2 1 1 2 4 4 4 0 0 0 0 0 0 0 0 0 0 0 0 0 0 0 0 0 0 0 0 0 0 0 0 0 0 0 0 0 0 2 3 4 3 3 4 1 3 4 3 4 2 3 3 1 4 0 0 0 0 0 0 0 0 2 3 0 0 0 0 0 0 0 0 0 0 3 1 3 3 3 3 3 3 0 0 3 3 1 1 2 2 1 1 1 1 0 0 0 0 0 0 0 0 0 0 2 1 0 0 0 0 2 2 1 1 1 1 2 2 1 1 4 4 3 3 4 4 3 3 2 2 3 3 3 3 4 4 1 1 0 0 0 0 0 0 0 0 0 0 0 0 0 0 0 0 2 2 2 2 4 4 2 2 0 0 4 4 4 4 0 0 0 0 2 2 3 4 2 2 0 0 0 0 0 0 3 3 3 1 0 0 0 0 0 0
MAG_LJK_2009_032 2 2 3 3 3 3 1 1 2 2 1 1 4 4 1 1 3 3 0 0 4 4 4 3 0 0 0 0 4 4 3 1 2 4 4 4 1 1 4 4 0 0 0 0 2 2 2 2 1 1 1 1 1 1 2 2 1 1 4 4 3 3 1 1 1 1 1 1 3 3 2 2 1 1 4 4 4 4 3 3 3 1 4 4 2 2 4 4 0 0 4 4 4 4 2 4 0 0 0 0 0 0 2 2 4 4 2 2 2 2 3 3 4 2 2 2 3 3 1 1 1 1 3 3 2 2 2 2 3 3 3 3 4 4 4 4 4 2 1 1 2 4 1 2 3 1 3 4 3 4 3 2 3 4 2 2 1 1 2 2 4 1 2 2 0 0 0 0 0 0 0 0 0 0 1 1 1 3 0 0 4 4 2 2 3 3 4 1 2 1 2 2 2 3 4 3 3 4 1 3 4 3 4 2 3 3 1 1 2 2 2 1 3 3 1 1 2 2 1 1 3 3 4 4 1 1 1 1 3 3 3 3 3 1 3 3 4 4 3 3 1 1 2 2 1 1 1 1 1 1 1 1 3 3 3 3 1 4 2 2 4 4 3 3 2 2 1 1 1 1 2 2 1 1 4 4 3 3 4 4 3 3 2 2 3 3 3 3 2 2 0 0 0 0 0 0 2 2 1 1 3 3 3 3 0 0 3 3 2 2 2 2 4 4 2 2 2 2 4 4 4 4 4 4 3 1 2 2 3 3 1 2 2 4 4 4 2 2 1 1 3 3 0 0 0 0 4 4
MAG_LJK_2009_033 0 0 3 3 3 3 1 1 2 2 1 1 4 4 1 4 3 2 4 4 4 4 3 3 2 2 1 1 4 4 3 1 2 2 4 4 1 1 4 4 2 2 4 4 2 2 2 2 1 1 1 1 1 1 2 2 1 1 4 4 3 3 1 1 1 1 1 1 3 3 2 4 1 3 4 4 4 4 3 3 1 1 4 4 2 2 4 4 1 1 4 4 4 4 2 2 3 3 1 1 1 1 2 2 4 4 2 2 2 2 3 3 4 4 0 0 1 3 1 2 1 1 3 3 2 2 2 2 3 3 3 3 4 4 4 4 4 2 1 1 2 4 1 2 3 1 3 4 3 4 3 2 4 4 2 2 1 1 0 0 4 4 2 2 2 2 1 1 4 4 4 4 1 1 1 1 3 3 1 1 4 4 2 2 3 3 4 4 1 1 2 2 2 3 4 3 3 4 1 3 4 3 4 2 3 4 1 1 2 2 2 2 3 3 1 1 2 3 0 0 0 0 0 0 1 1 1 1 3 3 0 0 3 1 3 3 4 4 3 3 1 1 2 2 1 1 1 1 1 1 1 1 3 3 3 3 1 1 2 2 4 4 3 3 2 2 1 1 1 1 2 2 1 1 4 4 3 3 4 4 3 3 2 2 3 3 3 3 2 2 1 1 2 2 4 4 2 2 1 1 3 3 3 3 0 0 3 1 2 2 2 2 4 4 2 2 2 4 4 3 4 3 4 4 3 1 2 2 3 3 1 2 2 2 4 4 2 2 3 1 3 3 4 1 2 4 4 4
MAG_LJK_2009_034 2 2 3 3 3 3 1 1 2 1 1 2 4 4 1 1 3 3 4 4 1 1 4 3 2 2 1 1 3 3 3 1 2 4 4 4 1 1 4 4 2 4 4 2 2 2 2 2 1 1 1 1 1 1 2 2 1 1 4 4 3 3 1 1 1 1 1 1 3 3 2 4 1 3 4 3 4 4 3 3 3 1 4 4 2 2 4 1 1 4 4 3 4 4 2 2 3 3 1 3 1 1 2 2 4 4 2 2 2 2 3 3 4 4 4 4 1 1 1 2 1 1 3 3 2 2 4 2 3 3 3 3 4 4 4 4 4 4 1 3 2 4 1 2 3 1 3 4 3 4 3 2 3 3 2 2 0 0 2 2 4 1 2 2 2 2 1 1 4 4 4 4 1 1 1 1 1 1 1 1 4 4 2 2 3 3 4 4 2 1 2 4 0 0 4 4 3 3 1 1 4 4 4 4 3 3 1 1 3 2 2 2 3 4 1 4 2 2 1 1 3 3 4 4 1 1 1 1 3 3 3 3 3 3 3 3 4 4 3 3 1 1 2 2 1 1 1 1 1 1 1 1 3 3 3 3 1 1 2 2 4 4 3 3 2 2 1 1 1 1 2 2 1 1 4 4 3 3 4 4 3 3 2 2 3 3 3 3 2 2 1 1 2 2 4 4 2 2 1 1 3 3 3 3 4 2 3 1 2 2 2 2 4 4 2 2 2 4 4 3 4 3 4 4 0 0 2 4 3 3 1 1 4 4 4 4 2 2 3 1 3 3 4 1 2 4 4 4
MAG_LJK_2009_035 2 2 3 3 3 3 1 1 2 2 1 1 4 4 0 0 3 3 4 4 4 1 4 3 2 2 1 4 4 4 3 1 2 2 4 4 1 1 4 4 2 2 4 2 2 2 2 2 1 1 1 1 1 1 2 2 1 1 4 4 3 3 1 1 0 0 1 1 3 3 2 2 1 1 4 4 4 4 3 3 1 1 4 4 2 2 4 4 1 1 4 4 4 4 2 2 0 0 0 0 1 3 2 2 4 4 2 4 2 1 3 1 4 4 4 2 1 3 1 2 1 1 3 3 2 2 2 2 3 3 3 1 4 4 4 4 4 4 1 1 2 4 1 2 3 1 3 4 3 4 3 2 3 3 2 2 1 4 2 2 4 4 2 2 2 2 1 1 4 4 4 4 1 1 1 1 1 1 0 0 4 4 0 0 3 3 4 4 2 1 2 2 2 2 4 4 3 3 1 1 4 4 4 4 4 4 0 0 2 2 2 1 3 3 1 1 2 2 0 0 3 3 4 4 1 1 1 1 3 3 1 1 3 1 3 1 4 4 3 3 1 1 2 2 0 0 1 1 1 1 1 1 3 3 3 3 0 0 2 2 0 0 0 0 2 2 1 1 1 1 2 2 1 1 4 4 3 3 4 4 3 3 2 2 3 3 3 3 2 2 4 4 2 2 4 4 2 4 1 1 3 3 3 3 4 4 3 3 2 2 2 2 4 4 2 2 0 0 4 3 4 3 4 4 3 1 0 0 3 3 1 1 2 2 4 2 2 2 3 3 3 3 4 4 2 2 4 4
MAG_LJK_2009_036 2 2 3 3 3 3 1 1 2 1 1 2 0 0 1 1 3 3 4 4 1 1 0 0 2 2 1 1 3 3 3 1 2 2 4 4 1 1 4 4 0 0 4 2 2 2 2 2 1 4 1 1 1 1 2 2 1 1 4 4 3 3 1 1 1 1 1 1 3 3 2 2 1 1 4 4 4 3 3 3 3 3 4 4 2 2 0 0 0 0 0 0 4 4 2 2 3 1 0 0 1 1 2 2 4 4 2 2 2 2 3 3 4 4 4 2 1 3 1 1 1 1 3 3 2 2 2 2 3 3 3 3 4 2 4 4 4 2 1 1 2 4 1 2 3 1 3 4 3 4 3 2 3 3 2 2 1 1 0 0 1 1 2 2 0 0 1 1 4 4 4 4 1 1 1 1 1 3 0 0 4 4 2 3 0 0 4 4 2 1 2 2 2 2 4 4 3 3 1 1 4 4 4 4 3 4 1 1 2 2 2 1 3 3 1 1 2 2 0 0 3 3 4 4 1 1 1 1 3 3 1 3 3 1 3 3 4 4 3 3 1 1 2 2 1 1 1 1 1 1 1 1 3 3 3 3 1 1 2 2 4 4 3 3 2 4 1 3 1 2 0 0 0 0 0 0 3 1 4 3 3 3 2 2 3 4 3 1 4 2 1 1 2 2 4 4 2 2 1 1 0 0 0 0 4 4 3 1 2 2 0 0 0 0 0 0 2 2 4 4 4 4 0 0 3 1 2 2 3 3 1 2 2 2 4 4 2 2 3 3 3 3 4 4 2 2 4 4
MAG_LJK_2009_037 2 2 3 3 3 3 1 1 0 0 0 0 0 0 0 0 0 0 4 4 0 0 0 0 0 0 0 0 0 0 3 1 0 0 4 4 1 1 4 4 0 0 4 2 0 0 0 0 0 0 0 0 0 0 0 0 0 0 0 0 3 3 1 1 0 0 0 0 0 0 0 0 0 0 0 0 0 0 3 2 0 0 4 4 2 2 0 0 0 0 0 0 0 0 2 2 0 0 0 0 0 0 0 0 0 0 4 4 1 1 1 1 0 0 0 0 0 0 1 1 0 0 0 0 2 2 2 2 3 3 0 0 4 4 0 0 4 4 0 0 2 2 1 1 3 3 0 0 0 0 0 0 3 3 2 2 1 1 0 0 4 1 0 0 0 0 0 0 0 0 0 0 0 0 0 0 0 0 0 0 0 0 0 0 0 0 0 0 0 0 0 0 0 0 4 4 3 3 1 1 4 4 4 4 3 4 0 0 3 2 0 0 0 0 0 0 2 2 1 3 3 1 4 2 1 3 1 2 3 3 0 0 0 0 0 0 0 0 3 3 1 1 2 2 0 0 1 2 0 0 0 0 0 0 0 0 1 4 0 0 0 0 0 0 0 0 0 0 0 0 0 0 0 0 0 0 0 0 0 0 0 0 0 0 0 0 0 0 2 2 0 0 0 0 0 0 2 2 0 0 0 0 0 0 0 0 3 3 0 0 2 3 4 1 2 4 0 0 0 0 0 0 4 4 0 0 0 0 3 3 0 0 0 0 4 2 2 4 0 0 0 0 0 0 0 0 4 4
MAG_LJK_2009_038 2 2 3 3 3 3 1 1 0 0 0 0 4 3 0 0 3 3 4 4 0 0 0 0 2 2 1 1 3 3 3 1 0 0 4 2 1 4 4 2 0 0 0 0 2 2 2 2 1 1 1 1 1 1 2 2 1 1 4 4 3 3 1 1 0 0 0 0 0 0 2 4 1 3 4 4 0 0 3 3 3 1 4 4 0 0 0 0 0 0 0 0 4 4 0 0 0 0 0 0 1 3 0 0 0 0 2 4 2 1 3 1 0 0 4 4 1 1 2 2 1 1 3 3 2 2 4 2 3 3 3 3 0 0 0 0 0 0 1 1 2 4 1 2 3 1 3 4 3 4 3 3 3 3 2 2 1 1 0 0 4 1 2 2 2 1 1 4 0 0 0 0 0 0 0 0 0 0 0 0 4 4 0 0 3 2 4 4 2 2 2 2 2 3 4 3 3 4 1 3 4 3 4 2 3 4 1 1 0 0 2 2 3 3 1 1 2 2 0 0 3 3 4 4 1 1 1 1 3 3 1 3 3 3 3 3 0 0 3 3 1 1 0 0 0 0 1 1 0 0 0 0 0 0 0 0 0 0 2 2 4 4 3 3 0 0 0 0 0 0 0 0 0 0 0 0 0 0 0 0 0 0 0 0 0 0 0 0 0 0 4 1 0 0 0 0 2 2 1 1 3 3 3 3 0 0 0 0 2 2 2 2 4 4 2 2 0 0 3 3 3 3 4 4 0 0 2 2 3 3 1 2 2 4 4 2 2 4 3 1 3 3 0 0 0 0 0 0


0 0
0 0




0 0
0 0
0
0
0
0
0
0
