colony_input
colony_input
10
96
163642
1
2
1
0
0 0
0
1
0
0
1
2
0
10000
0
2
2
MK@
0@
0.01 0.01 0.01 0.01 0.01 0.01 0.01 0.01 0.01 0.01 0.01 0.01 0.01 0.01 0.01 0.01 0.01 0.01 0.01 0.01 0.01 0.01 0.01 0.01 0.01 0.01 0.01 0.01 0.01 0.01 0.01 0.01 0.01 0.01 0.01 0.01 0.01 0.01 0.01 0.01 0.01 0.01 0.01 0.01 0.01 0.01 0.01 0.01 0.01 0.01 0.01 0.01 0.01 0.01 0.01 0.01 0.01 0.01 0.01 0.01 0.01 0.01 0.01 0.01 0.01 0.01 0.01 0.01 0.01 0.01 0.01 0.01 0.01 0.01 0.01 0.01 0.01 0.01 0.01 0.01 0.01 0.01 0.01 0.01 0.01 0.01 0.01 0.01 0.01 0.01 0.01 0.01 0.01 0.01 0.01 0.01
0.01 0.01 0.01 0.01 0.01 0.01 0.01 0.01 0.01 0.01 0.01 0.01 0.01 0.01 0.01 0.01 0.01 0.01 0.01 0.01 0.01 0.01 0.01 0.01 0.01 0.01 0.01 0.01 0.01 0.01 0.01 0.01 0.01 0.01 0.01 0.01 0.01 0.01 0.01 0.01 0.01 0.01 0.01 0.01 0.01 0.01 0.01 0.01 0.01 0.01 0.01 0.01 0.01 0.01 0.01 0.01 0.01 0.01 0.01 0.01 0.01 0.01 0.01 0.01 0.01 0.01 0.01 0.01 0.01 0.01 0.01 0.01 0.01 0.01 0.01 0.01 0.01 0.01 0.01 0.01 0.01 0.01 0.01 0.01 0.01 0.01 0.01 0.01 0.01 0.01 0.01 0.01 0.01 0.01 0.01 0.01
MCD_CCC_2017_001 3 3 3 1 1 1 3 1 4 4 1 1 4 4 1 1 2 2 2 2 2 2 1 1 1 1 4 4 1 4 4 4 4 4 1 1 2 2 3 3 2 4 2 1 3 1 3 3 4 4 3 3 4 4 4 3 4 4 1 1 2 2 2 2 2 2 4 2 3 3 3 3 1 1 1 1 3 3 4 2 2 4 1 2 3 1 3 4 3 4 3 2 1 4 1 4 2 2 1 1 3 3 0 0 4 4 4 4 1 1 4 4 2 2 1 1 2 2 1 1 3 3 1 1 1 1 1 4 1 1 4 4 3 3 1 1 3 3 2 2 0 0 1 3 3 3 3 3 1 1 3 1 4 4 1 4 4 4 3 3 4 2 4 4 1 1 4 4 3 3 4 4 2 2 2 2 0 0 3 1 0 0 4 4 2 2 4 4 2 4 3 4
MCD_CCC_2017_002 3 3 3 3 0 0 3 1 4 3 1 1 4 4 1 1 2 2 2 2 2 2 1 1 1 1 0 0 1 4 4 4 4 4 1 1 4 2 3 3 2 4 2 1 3 1 0 0 4 4 3 3 4 4 4 3 4 4 1 1 2 2 2 2 1 2 4 4 3 1 0 0 1 1 1 1 3 3 2 2 2 4 1 2 3 1 3 4 3 4 3 2 1 4 1 4 2 4 1 1 3 3 4 4 0 0 4 4 1 1 4 4 2 2 2 1 2 2 1 4 3 3 1 1 1 1 1 1 1 1 4 4 3 3 1 1 3 3 2 2 2 2 1 1 3 3 3 3 1 1 3 1 4 2 1 4 4 4 3 3 2 2 4 4 1 1 4 4 3 3 4 4 2 2 0 0 3 3 3 1 1 4 4 4 2 2 4 4 2 4 3 4
MCD_CCC_2017_003 3 3 0 0 0 0 3 1 0 0 1 1 4 4 1 1 2 2 2 2 2 2 1 1 1 1 4 4 1 1 4 4 4 4 1 1 2 2 3 3 2 4 2 1 3 1 0 0 0 0 3 3 4 4 4 4 0 0 0 0 0 0 0 0 0 0 0 0 3 3 0 0 1 3 1 3 3 3 2 2 2 4 1 2 3 1 3 4 3 4 3 2 0 0 0 0 0 0 1 2 3 3 2 2 0 0 0 0 1 1 4 4 2 2 2 2 2 2 0 0 3 3 1 1 0 0 0 0 0 0 4 1 3 3 1 1 3 3 2 2 2 2 0 0 3 3 3 3 1 1 3 1 0 0 0 0 0 0 0 0 4 2 2 2 3 1 4 3 3 3 4 2 2 4 0 0 0 0 0 0 0 0 4 1 2 4 4 4 4 4 0 0
MCD_CCC_2017_005 3 4 0 0 0 0 3 1 0 0 1 1 4 4 1 3 2 4 0 0 0 0 0 0 0 0 0 0 0 0 4 4 0 0 0 0 0 0 0 0 0 0 0 0 0 0 2 3 0 0 0 0 0 0 0 0 0 0 0 0 0 0 0 0 0 0 0 0 0 0 0 0 0 0 1 1 0 0 0 0 2 4 1 2 3 1 3 4 0 0 0 0 0 0 0 0 0 0 0 0 0 0 0 0 0 0 0 0 0 0 0 0 0 0 0 0 0 0 0 0 0 0 0 0 0 0 0 0 0 0 0 0 0 0 0 0 0 0 0 0 0 0 1 1 0 0 0 0 0 0 0 0 0 0 0 0 0 0 0 0 0 0 0 0 0 0 4 4 3 3 4 4 2 2 0 0 0 0 0 0 0 0 0 0 0 0 4 4 4 4 4 4
MCD_CCC_2017_006 3 3 0 0 0 0 3 1 0 0 1 4 4 2 0 0 0 0 2 2 2 2 1 1 0 0 4 1 1 1 4 4 4 4 0 0 0 0 3 1 2 4 2 1 3 1 2 2 0 0 3 3 4 4 4 4 4 2 1 4 2 4 2 1 0 0 4 2 0 0 0 0 0 0 0 0 1 3 0 0 2 4 1 2 3 1 3 4 3 4 3 2 0 0 0 0 0 0 1 1 3 3 0 0 0 0 4 2 3 1 2 4 4 2 0 0 2 2 4 4 0 0 0 0 1 1 1 4 1 1 4 4 3 4 1 4 3 1 2 4 0 0 0 0 3 1 3 4 0 0 3 1 0 0 0 0 0 0 0 0 0 0 4 2 1 1 0 0 0 0 0 0 0 0 0 0 0 0 3 1 0 0 0 0 0 0 4 2 4 4 0 0
MCD_CCC_2017_007 3 3 3 3 1 1 3 1 4 4 1 1 4 4 1 1 2 2 2 2 2 2 1 1 1 4 4 4 4 4 4 2 4 4 1 1 2 2 3 3 2 2 2 2 3 3 2 3 4 4 3 3 4 4 4 4 4 4 1 1 2 2 2 2 1 2 4 4 3 3 1 3 1 1 1 1 3 3 2 2 2 4 1 2 3 1 3 4 3 4 3 2 4 4 1 1 2 4 1 1 3 3 2 4 4 3 4 4 1 1 4 4 2 2 1 1 2 2 1 1 3 3 1 1 1 1 1 1 1 1 4 4 3 3 1 1 3 3 2 2 2 1 1 1 3 3 3 3 1 1 1 1 0 0 1 1 4 4 3 3 2 2 4 2 1 1 4 4 3 3 4 4 2 2 2 4 3 3 3 1 1 4 1 1 4 4 4 4 4 4 4 4
MCD_CCC_2017_008 3 3 3 3 1 3 3 1 0 0 1 1 4 4 1 1 2 2 2 2 2 2 1 1 1 1 4 4 1 1 4 4 4 4 1 1 2 2 3 3 2 4 2 1 3 1 2 3 4 4 3 3 4 4 4 4 4 4 1 1 2 2 2 2 2 2 4 4 3 3 3 3 1 1 1 1 3 3 2 2 2 4 1 2 3 1 3 4 3 4 3 2 4 4 1 1 4 4 1 1 3 3 0 0 4 4 4 4 1 1 4 4 2 2 2 1 2 2 1 4 3 3 1 1 1 1 1 1 3 1 4 4 3 3 1 1 3 3 2 2 0 0 1 1 3 3 3 3 1 1 3 3 4 4 1 1 4 4 3 3 4 4 4 2 1 1 4 4 3 3 4 4 2 2 2 2 3 4 3 1 1 1 0 0 0 0 4 4 4 4 4 4
MCD_CCC_2017_009 3 3 3 3 1 1 3 1 4 4 1 1 4 4 1 1 2 2 2 2 2 2 1 1 1 1 4 4 4 4 4 4 4 4 1 1 4 2 3 3 4 4 1 1 1 1 2 3 4 2 3 4 4 1 4 4 4 4 1 1 2 2 2 2 2 2 0 0 3 3 3 3 0 0 1 1 3 3 2 2 2 4 1 2 3 1 3 4 3 4 3 2 1 4 1 4 2 4 1 1 3 3 4 4 4 4 4 4 0 0 0 0 0 0 1 1 2 2 1 1 3 3 1 1 1 1 1 4 1 1 4 4 3 3 1 1 3 3 2 2 2 2 1 3 3 3 3 3 1 1 3 1 0 0 4 4 4 4 3 3 2 2 4 4 1 1 4 4 3 3 4 4 2 2 2 2 3 4 3 1 0 0 1 1 4 4 4 4 2 4 3 4
MCD_CCC_2017_010 0 0 0 0 0 0 3 1 0 0 0 0 0 0 0 0 0 0 2 4 2 1 1 4 0 0 4 4 0 0 4 4 4 3 0 0 4 2 0 0 2 4 2 1 3 1 2 3 0 0 0 0 0 0 0 0 4 4 1 1 2 2 2 2 0 0 0 0 1 1 0 0 0 0 0 0 0 0 2 2 0 0 0 0 0 0 0 0 0 0 0 0 0 0 0 0 2 4 0 0 3 3 0 0 0 0 4 4 0 0 0 0 0 0 0 0 2 2 1 4 3 1 1 3 1 4 1 4 3 1 0 0 0 0 0 0 3 3 2 2 0 0 0 0 0 0 3 4 1 3 3 1 0 0 0 0 4 1 3 4 0 0 4 4 1 1 0 0 0 0 0 0 0 0 0 0 3 3 0 0 0 0 0 0 0 0 0 0 0 0 0 0
MCD_CCC_2017_011 3 3 0 0 0 0 3 1 0 0 0 0 0 0 0 0 0 0 0 0 0 0 0 0 0 0 0 0 1 4 0 0 0 0 1 4 0 0 0 0 2 4 2 1 3 1 0 0 0 0 0 0 0 0 0 0 0 0 0 0 0 0 0 0 1 2 0 0 0 0 3 3 0 0 0 0 0 0 0 0 2 4 1 2 3 1 3 4 3 4 3 2 1 4 1 4 0 0 1 1 3 4 0 0 0 0 4 4 0 0 0 0 0 0 2 1 2 3 0 0 3 3 1 1 0 0 0 0 0 0 0 0 0 0 0 0 0 0 0 0 0 0 0 0 0 0 0 0 0 0 0 0 0 0 4 4 0 0 0 0 0 0 0 0 1 1 0 0 3 4 0 0 0 0 0 0 3 4 0 0 0 0 0 0 0 0 4 4 0 0 0 0


0 0
0 0




0 0
0 0
0
0
0
0
0
0
