colony_input
colony_input
4
35
647603
1
2
1
0
0 0
0
1
0
0
1
2
0
10000
0
2
2
MK@
0@
0.01 0.01 0.01 0.01 0.01 0.01 0.01 0.01 0.01 0.01 0.01 0.01 0.01 0.01 0.01 0.01 0.01 0.01 0.01 0.01 0.01 0.01 0.01 0.01 0.01 0.01 0.01 0.01 0.01 0.01 0.01 0.01 0.01 0.01 0.01
0.01 0.01 0.01 0.01 0.01 0.01 0.01 0.01 0.01 0.01 0.01 0.01 0.01 0.01 0.01 0.01 0.01 0.01 0.01 0.01 0.01 0.01 0.01 0.01 0.01 0.01 0.01 0.01 0.01 0.01 0.01 0.01 0.01 0.01 0.01
STE_MSQ_2000_008 2 2 4 2 2 2 1 1 3 1 2 2 2 2 2 2 2 4 1 2 3 1 3 4 3 4 3 2 2 2 3 3 2 1 3 3 3 3 2 2 3 3 3 3 2 2 3 3 2 2 1 1 4 2 2 2 1 1 1 1 1 1 1 3 3 3 1 4 3 1
STE_MSQ_2000_009 2 1 4 4 2 2 1 1 3 1 2 2 2 2 2 2 2 4 1 2 3 1 3 4 3 4 3 2 2 4 1 3 2 1 3 3 1 3 2 3 3 3 3 4 2 1 3 4 2 4 1 3 0 0 2 4 1 1 3 1 1 1 1 3 3 1 1 1 3 1
STE_MSQ_2000_010 2 2 2 2 2 2 1 1 3 1 2 2 2 2 2 2 2 4 1 2 3 1 3 4 3 4 3 2 2 2 1 3 2 1 3 3 3 3 2 2 3 3 3 3 2 2 3 3 2 2 1 1 0 0 2 2 1 1 1 1 1 1 1 3 3 3 1 1 3 1
STE_MSQ_2000_013 2 2 2 2 2 1 1 2 3 1 2 4 2 4 4 2 2 4 1 2 3 1 3 4 3 4 3 2 2 2 1 3 1 1 3 1 3 3 2 2 3 2 3 3 2 2 3 3 2 2 1 1 0 0 2 2 4 1 1 1 1 3 1 3 3 3 1 4 3 1


0 0
0 0




0 0
0 0
0
0
0
0
0
0
