colony_input
colony_input
11
180
508223
1
2
1
0
0 0
0
1
0
0
1
2
0
10000
0
2
2
MK@
0@
0.01 0.01 0.01 0.01 0.01 0.01 0.01 0.01 0.01 0.01 0.01 0.01 0.01 0.01 0.01 0.01 0.01 0.01 0.01 0.01 0.01 0.01 0.01 0.01 0.01 0.01 0.01 0.01 0.01 0.01 0.01 0.01 0.01 0.01 0.01 0.01 0.01 0.01 0.01 0.01 0.01 0.01 0.01 0.01 0.01 0.01 0.01 0.01 0.01 0.01 0.01 0.01 0.01 0.01 0.01 0.01 0.01 0.01 0.01 0.01 0.01 0.01 0.01 0.01 0.01 0.01 0.01 0.01 0.01 0.01 0.01 0.01 0.01 0.01 0.01 0.01 0.01 0.01 0.01 0.01 0.01 0.01 0.01 0.01 0.01 0.01 0.01 0.01 0.01 0.01 0.01 0.01 0.01 0.01 0.01 0.01 0.01 0.01 0.01 0.01 0.01 0.01 0.01 0.01 0.01 0.01 0.01 0.01 0.01 0.01 0.01 0.01 0.01 0.01 0.01 0.01 0.01 0.01 0.01 0.01 0.01 0.01 0.01 0.01 0.01 0.01 0.01 0.01 0.01 0.01 0.01 0.01 0.01 0.01 0.01 0.01 0.01 0.01 0.01 0.01 0.01 0.01 0.01 0.01 0.01 0.01 0.01 0.01 0.01 0.01 0.01 0.01 0.01 0.01 0.01 0.01 0.01 0.01 0.01 0.01 0.01 0.01 0.01 0.01 0.01 0.01 0.01 0.01 0.01 0.01 0.01 0.01 0.01 0.01 0.01 0.01 0.01 0.01 0.01 0.01
0.01 0.01 0.01 0.01 0.01 0.01 0.01 0.01 0.01 0.01 0.01 0.01 0.01 0.01 0.01 0.01 0.01 0.01 0.01 0.01 0.01 0.01 0.01 0.01 0.01 0.01 0.01 0.01 0.01 0.01 0.01 0.01 0.01 0.01 0.01 0.01 0.01 0.01 0.01 0.01 0.01 0.01 0.01 0.01 0.01 0.01 0.01 0.01 0.01 0.01 0.01 0.01 0.01 0.01 0.01 0.01 0.01 0.01 0.01 0.01 0.01 0.01 0.01 0.01 0.01 0.01 0.01 0.01 0.01 0.01 0.01 0.01 0.01 0.01 0.01 0.01 0.01 0.01 0.01 0.01 0.01 0.01 0.01 0.01 0.01 0.01 0.01 0.01 0.01 0.01 0.01 0.01 0.01 0.01 0.01 0.01 0.01 0.01 0.01 0.01 0.01 0.01 0.01 0.01 0.01 0.01 0.01 0.01 0.01 0.01 0.01 0.01 0.01 0.01 0.01 0.01 0.01 0.01 0.01 0.01 0.01 0.01 0.01 0.01 0.01 0.01 0.01 0.01 0.01 0.01 0.01 0.01 0.01 0.01 0.01 0.01 0.01 0.01 0.01 0.01 0.01 0.01 0.01 0.01 0.01 0.01 0.01 0.01 0.01 0.01 0.01 0.01 0.01 0.01 0.01 0.01 0.01 0.01 0.01 0.01 0.01 0.01 0.01 0.01 0.01 0.01 0.01 0.01 0.01 0.01 0.01 0.01 0.01 0.01 0.01 0.01 0.01 0.01 0.01 0.01
WAL_UWF_2015_002 4 4 3 4 4 3 0 0 0 0 0 0 0 0 0 0 0 0 2 2 0 0 0 0 0 0 0 0 0 0 0 0 0 0 0 0 0 0 0 0 0 0 0 0 0 0 0 0 0 0 0 0 0 0 0 0 3 2 0 0 0 0 0 0 0 0 0 0 0 0 0 0 0 0 0 0 0 0 0 0 0 0 0 0 0 0 0 0 0 0 0 0 2 2 2 2 0 0 0 0 0 0 0 0 3 1 0 0 0 0 0 0 0 0 0 0 0 0 0 0 0 0 0 0 0 0 0 0 0 0 0 0 0 0 0 0 4 4 4 4 2 2 2 4 3 4 0 0 0 0 0 0 0 0 0 0 0 0 0 0 0 0 0 0 0 0 0 0 0 0 3 3 0 0 0 0 0 0 0 0 4 2 0 0 0 0 0 0 0 0 0 0 0 0 0 0 0 0 0 0 0 0 0 0 0 0 2 2 4 4 0 0 1 1 3 3 3 3 0 0 0 0 0 0 0 0 0 0 0 0 0 0 0 0 0 0 0 0 0 0 3 1 0 0 0 0 0 0 0 0 0 0 3 1 3 4 1 3 3 3 0 0 0 0 0 0 0 0 0 0 3 3 0 0 0 0 0 0 0 0 3 1 2 1 2 4 0 0 0 0 0 0 0 0 0 0 0 0 0 0 0 0 0 0 0 0 0 0 0 0 0 0 0 0 0 0 0 0 3 3 0 0 0 0 0 0 0 0 0 0 0 0 0 0 0 0 0 0 2 4 2 2 0 0 0 0 0 0 3 1 0 0 0 0 0 0 0 0 0 0
WAL_UWF_2015_003 0 0 0 0 0 0 4 4 4 4 2 2 4 4 2 2 4 4 0 0 0 0 0 0 0 0 3 1 4 4 0 0 0 0 0 0 0 0 0 0 0 0 0 0 0 0 0 0 0 0 0 0 0 0 0 0 0 0 2 2 1 1 3 3 3 3 0 0 0 0 2 1 0 0 0 0 0 0 0 0 0 0 2 2 1 1 0 0 0 0 0 0 0 0 0 0 0 0 0 0 2 2 0 0 0 0 0 0 0 0 0 0 2 2 1 3 2 2 0 0 1 3 2 4 1 2 3 1 3 4 3 4 3 2 0 0 2 4 4 4 2 2 0 0 0 0 0 0 0 0 2 2 1 1 4 4 4 4 1 1 1 1 0 0 3 3 2 2 4 4 0 0 2 3 3 3 4 3 4 4 0 0 2 2 2 1 0 0 0 0 0 0 0 0 3 2 0 0 3 2 0 0 0 0 0 0 0 0 0 0 3 4 0 0 0 0 0 0 2 2 4 4 0 0 0 0 0 0 0 0 1 1 3 3 2 2 2 1 3 3 0 0 1 1 0 0 4 4 0 0 0 0 0 0 0 0 0 0 0 0 0 0 0 0 0 0 0 0 1 1 0 0 1 1 3 3 1 4 2 2 0 0 0 0 0 0 0 0 0 0 0 0 2 4 1 4 4 3 0 0 4 3 0 0 0 0 0 0 0 0 0 0 0 0 1 1 1 1 3 1 0 0 3 3 3 3 4 4 0 0 0 0 0 0 0 0 3 3 4 4 2 4 0 0 0 0 0 0 0 0 2 2 0 0 0 0 0 0 0 0
WAL_UWF_2015_004 4 2 0 0 0 0 4 4 4 4 2 2 4 4 2 1 4 2 0 0 0 0 0 0 0 0 3 1 4 4 1 1 1 1 0 0 0 0 0 0 1 1 0 0 0 0 0 0 0 0 0 0 0 0 0 0 0 0 2 1 0 0 1 3 3 3 1 1 0 0 2 2 4 4 0 0 4 4 2 2 0 0 2 4 0 0 0 0 0 0 0 0 0 0 0 0 2 2 4 4 2 2 3 3 3 3 3 4 0 0 0 0 2 2 1 3 2 2 0 0 0 0 2 4 0 0 3 3 3 4 3 3 3 3 0 0 0 0 4 4 2 2 0 0 0 0 0 0 0 0 2 1 1 4 4 3 4 1 0 0 1 2 0 0 3 3 2 2 4 4 3 1 2 3 3 3 0 0 4 4 0 0 0 0 2 1 0 0 3 1 0 0 0 0 3 3 1 4 0 0 0 0 1 4 1 3 2 4 4 1 3 3 0 0 0 0 0 0 2 2 4 4 0 0 3 3 0 0 0 0 1 1 3 3 2 2 0 0 3 3 1 1 0 0 3 1 4 4 0 0 0 0 0 0 0 0 0 0 3 1 1 4 2 4 0 0 0 0 1 1 3 3 1 2 3 2 4 4 2 2 0 0 0 0 0 0 2 4 1 3 1 2 2 4 1 4 4 3 3 1 4 3 3 4 2 4 3 4 3 1 4 2 1 4 1 3 1 3 3 3 1 1 3 3 3 3 4 2 3 3 2 2 3 3 1 1 0 0 0 0 2 2 0 0 0 0 0 0 3 1 2 2 0 0 0 0 0 0 1 1
WAL_UWF_2015_005 0 0 0 0 0 0 0 0 0 0 0 0 0 0 2 2 4 4 0 0 0 0 0 0 0 0 3 1 0 0 0 0 0 0 0 0 0 0 0 0 0 0 2 2 1 1 1 1 3 3 0 0 3 3 1 1 2 2 2 2 0 0 3 3 3 1 1 3 2 2 2 2 0 0 0 0 4 4 2 2 2 2 2 2 0 0 0 0 4 4 1 1 2 2 2 2 0 0 0 0 2 2 0 0 0 0 0 0 0 0 0 0 0 0 0 0 0 0 0 0 0 0 2 4 1 2 3 1 3 4 3 4 3 2 0 0 0 0 4 4 2 2 0 0 0 0 0 0 0 0 0 0 0 0 0 0 0 0 1 3 0 0 2 4 3 3 0 0 0 0 3 3 2 3 3 3 0 0 0 0 0 0 2 2 0 0 0 0 3 1 1 1 1 1 3 3 0 0 0 0 0 0 0 0 0 0 0 0 0 0 3 3 0 0 0 0 0 0 0 0 4 1 2 4 3 3 4 4 2 2 0 0 0 0 0 0 0 0 3 3 3 1 0 0 3 3 4 4 4 3 1 2 0 0 0 0 0 0 0 0 0 0 0 0 1 3 4 3 0 0 0 0 0 0 0 0 4 4 0 0 0 0 0 0 0 0 2 4 1 3 1 2 2 4 1 4 4 3 3 1 4 3 0 0 2 2 3 4 3 1 0 0 4 4 1 1 1 1 0 0 0 0 0 0 0 0 4 4 3 3 2 2 3 3 0 0 3 3 4 4 2 2 0 0 4 3 4 3 3 1 0 0 0 0 3 1 4 4 0 0
WAL_UWF_2015_006 0 0 0 0 0 0 0 0 0 0 0 0 0 0 0 0 0 0 0 0 0 0 0 0 0 0 3 1 0 0 0 0 0 0 0 0 0 0 0 0 0 0 2 4 1 2 1 3 3 1 0 0 0 0 0 0 0 0 0 0 1 4 0 0 0 0 0 0 0 0 0 0 0 0 0 0 4 4 2 2 0 0 0 0 0 0 0 0 0 0 0 0 0 0 0 0 0 0 0 0 0 0 0 0 0 0 0 0 1 3 0 0 2 2 1 3 0 0 1 4 0 0 0 0 0 0 0 0 0 0 0 0 0 0 0 0 0 0 0 0 0 0 0 0 0 0 2 2 1 1 0 0 0 0 0 0 0 0 0 0 0 0 0 0 3 1 2 4 4 2 0 0 0 0 0 0 0 0 0 0 0 0 0 0 0 0 0 0 0 0 0 0 0 0 0 0 0 0 3 3 0 0 0 0 0 0 0 0 0 0 0 0 0 0 0 0 0 0 0 0 0 0 0 0 0 0 0 0 0 0 0 0 0 0 0 0 0 0 0 0 0 0 0 0 0 0 4 2 0 0 0 0 0 0 0 0 0 0 0 0 0 0 0 0 0 0 0 0 0 0 1 3 0 0 0 0 0 0 0 0 0 0 0 0 0 0 0 0 0 0 0 0 0 0 0 0 0 0 0 0 0 0 0 0 0 0 0 0 0 0 0 0 0 0 0 0 0 0 0 0 0 0 0 0 0 0 0 0 0 0 0 0 0 0 0 0 3 4 0 0 0 0 0 0 0 0 0 0 0 0 0 0 0 0 3 3 4 2 0 0
WAL_UWF_2015_008 0 0 0 0 0 0 0 0 0 0 0 0 0 0 0 0 0 0 0 0 0 0 0 0 0 0 3 1 0 0 1 3 1 4 0 0 0 0 0 0 0 0 0 0 0 0 0 0 0 0 0 0 0 0 0 0 0 0 0 0 0 0 0 0 0 0 0 0 0 0 0 0 0 0 0 0 0 0 0 0 0 0 0 0 0 0 0 0 0 0 0 0 0 0 0 0 0 0 0 0 0 0 0 0 0 0 0 0 0 0 0 0 0 0 0 0 0 0 0 0 0 0 2 4 1 2 0 0 0 0 0 0 0 0 0 0 0 0 0 0 0 0 0 0 0 0 0 0 0 0 0 0 0 0 4 4 4 4 1 1 0 0 0 0 0 0 0 0 0 0 0 0 2 3 0 0 0 0 0 0 0 0 2 2 0 0 2 3 0 0 0 0 0 0 0 0 0 0 0 0 2 2 0 0 0 0 0 0 0 0 0 0 0 0 0 0 0 0 0 0 0 0 0 0 0 0 0 0 0 0 1 4 3 1 2 4 0 0 3 3 0 0 0 0 0 0 0 0 4 4 1 1 0 0 0 0 0 0 0 0 0 0 0 0 0 0 0 0 1 2 0 0 0 0 0 0 0 0 2 1 0 0 0 0 0 0 0 0 0 0 0 0 0 0 0 0 0 0 0 0 0 0 0 0 0 0 0 0 0 0 0 0 0 0 0 0 0 0 0 0 1 4 0 0 0 0 0 0 0 0 0 0 0 0 0 0 0 0 2 4 0 0 0 0 0 0 0 0 0 0 0 0 0 0 0 0 0 0 0 0
WAL_UWF_2015_010 0 0 3 3 4 4 0 0 0 0 0 0 0 0 0 0 0 0 0 0 0 0 0 0 0 0 0 0 4 4 0 0 0 0 0 0 0 0 0 0 1 2 0 0 0 0 0 0 0 0 0 0 0 0 0 0 0 0 0 0 0 0 0 0 0 0 0 0 0 0 0 0 0 0 0 0 0 0 0 0 0 0 0 0 0 0 0 0 0 0 0 0 0 0 0 0 0 0 0 0 0 0 0 0 0 0 3 4 0 0 0 0 0 0 0 0 0 0 0 0 0 0 0 0 0 0 0 0 0 0 0 0 0 0 0 0 2 4 4 2 2 4 2 2 0 0 0 0 0 0 0 0 0 0 0 0 0 0 0 0 0 0 0 0 0 0 0 0 0 0 3 3 0 0 0 0 0 0 0 0 0 0 0 0 0 0 2 2 0 0 0 0 0 0 0 0 0 0 0 0 0 0 0 0 1 3 2 4 4 1 0 0 1 2 3 1 3 1 0 0 0 0 0 0 0 0 0 0 0 0 0 0 0 0 0 0 0 0 0 0 0 0 0 0 0 0 0 0 0 0 0 0 0 0 0 0 0 0 0 0 0 0 0 0 0 0 0 0 0 0 3 3 0 0 0 0 0 0 0 0 3 1 2 1 2 4 0 0 0 0 0 0 0 0 0 0 0 0 0 0 0 0 0 0 0 0 0 0 0 0 0 0 0 0 0 0 0 0 0 0 0 0 0 0 0 0 0 0 0 0 0 0 0 0 0 0 0 0 2 4 0 0 0 0 0 0 0 0 0 0 0 0 0 0 0 0 0 0 0 0
WAL_UWF_2015_011 4 4 0 0 0 0 4 4 4 4 2 2 4 4 2 2 4 4 2 2 4 1 1 3 0 0 3 1 4 4 1 1 1 1 3 2 0 0 0 0 0 0 0 0 0 0 0 0 0 0 0 0 3 3 1 1 2 2 0 0 1 1 3 3 3 3 1 1 0 0 2 2 4 2 2 4 4 4 2 2 2 4 2 2 0 0 1 1 4 4 1 1 2 2 2 2 2 4 4 1 2 2 3 1 0 0 0 0 3 3 1 2 0 0 0 0 4 2 1 1 1 1 2 4 1 2 3 1 0 0 3 4 3 2 1 4 0 0 0 0 0 0 0 0 0 0 2 4 1 2 2 2 1 1 4 4 4 4 1 1 0 0 0 0 3 3 2 2 0 0 0 0 0 0 0 0 0 0 4 4 0 0 2 2 0 0 2 2 3 1 1 1 0 0 3 3 0 0 3 2 0 0 0 0 0 0 2 2 4 4 0 0 0 0 0 0 0 0 0 0 4 4 2 4 3 2 4 2 2 4 1 1 3 3 2 2 0 0 3 4 3 1 0 0 0 0 4 4 0 0 0 0 0 0 0 0 0 0 0 0 0 0 0 0 0 0 0 0 0 0 0 0 1 1 3 3 0 0 0 0 0 0 0 0 0 0 0 0 0 0 1 2 2 4 1 4 4 3 3 1 4 3 3 4 2 4 3 4 3 1 2 2 4 4 0 0 0 0 0 0 1 1 3 3 3 3 4 4 3 1 2 1 3 4 1 2 3 4 2 4 2 2 2 4 0 0 0 0 0 0 2 1 0 0 0 0 0 0 0 0
WAL_UWF_2015_012 4 4 0 0 0 0 4 4 4 4 2 2 4 4 2 2 4 4 4 2 4 4 1 1 0 0 3 1 4 2 0 0 1 4 3 3 0 0 0 0 1 1 0 0 0 0 0 0 0 0 0 0 4 3 4 1 3 2 2 2 1 1 3 3 3 3 1 1 2 2 2 2 4 4 0 0 4 2 2 4 2 2 4 4 1 1 1 3 4 4 1 1 2 2 2 2 0 0 0 0 2 2 3 3 0 0 3 4 3 3 0 0 2 4 1 3 4 2 1 4 0 0 2 4 1 2 3 1 0 0 0 0 0 0 0 0 0 0 0 0 0 0 0 0 0 0 0 0 0 0 2 2 1 1 4 4 4 4 1 1 1 1 2 2 3 3 2 2 4 4 3 3 2 3 3 3 4 4 4 4 0 0 2 2 2 1 2 2 0 0 1 3 1 4 3 2 0 0 3 2 0 0 0 0 0 0 2 2 4 4 0 0 0 0 3 3 0 0 2 1 4 4 0 0 3 3 0 0 0 0 0 0 0 0 0 0 0 0 3 3 0 0 1 3 0 0 0 0 4 4 1 1 3 3 3 3 1 1 0 0 0 0 0 0 0 0 0 0 1 1 3 3 0 0 0 0 1 4 2 2 0 0 0 0 0 0 2 4 1 3 1 2 2 4 1 4 0 0 3 1 4 3 3 4 2 4 3 4 3 1 4 4 1 4 1 1 1 1 0 0 0 0 3 2 3 2 0 0 3 3 2 2 3 3 1 1 3 4 0 0 0 0 0 0 4 3 3 3 0 0 0 0 2 4 3 3 4 4 1 1
WAL_UWF_2015_013 4 4 0 0 0 0 4 4 4 3 2 2 4 4 2 2 4 4 0 0 0 0 0 0 4 3 3 1 4 4 0 0 0 0 3 3 0 0 0 0 0 0 0 0 0 0 0 0 0 0 1 4 3 3 1 1 2 2 2 2 1 1 3 3 3 3 1 1 2 4 2 2 4 4 0 0 4 4 2 2 2 2 2 4 1 3 1 1 0 0 0 0 0 0 0 0 0 0 0 0 4 2 3 3 0 0 0 0 3 3 0 0 0 0 0 0 0 0 0 0 0 0 0 0 0 0 0 0 3 4 0 0 0 0 4 4 0 0 0 0 0 0 0 0 0 0 0 0 0 0 2 2 1 1 4 4 4 4 1 1 1 1 2 4 3 3 2 2 0 0 0 0 2 3 3 4 4 4 4 2 0 0 2 2 2 2 0 0 3 1 1 1 1 1 3 3 0 0 2 2 0 0 0 0 1 1 2 2 4 4 0 0 0 0 3 3 3 3 2 2 4 4 0 0 0 0 0 0 0 0 0 0 0 0 0 0 0 0 0 0 1 1 1 1 0 0 0 0 0 0 0 0 0 0 0 0 1 1 0 0 0 0 0 0 0 0 0 0 1 1 1 3 0 0 0 0 1 4 0 0 0 0 0 0 0 0 2 4 1 3 1 2 2 4 1 4 4 3 3 1 4 3 3 4 2 4 3 4 3 1 2 2 4 4 0 0 0 0 3 1 0 0 0 0 0 0 4 4 0 0 0 0 0 0 0 0 0 0 2 4 0 0 0 0 0 0 0 0 3 3 0 0 2 2 0 0 0 0 1 4
WAL_UWF_2015_014 4 4 0 0 0 0 4 2 0 0 2 4 4 2 0 0 0 0 0 0 0 0 0 0 0 0 0 0 0 0 0 0 0 0 0 0 1 3 2 4 0 0 0 0 0 0 0 0 0 0 0 0 3 3 1 1 2 2 2 2 0 0 3 3 3 3 0 0 0 0 2 2 0 0 0 0 4 4 2 2 0 0 2 4 0 0 0 0 4 2 1 4 2 4 2 1 0 0 0 0 0 0 0 0 0 0 3 4 0 0 0 0 0 0 1 3 4 4 0 0 0 0 2 4 1 2 3 1 3 4 3 4 3 2 0 0 0 0 0 0 0 0 0 0 0 0 0 0 0 0 0 0 0 0 0 0 4 4 1 1 1 1 0 0 0 0 0 0 0 0 0 0 2 3 0 0 0 0 0 0 0 0 2 1 0 0 0 0 0 0 0 0 0 0 0 0 0 0 2 2 2 1 0 0 0 0 0 0 0 0 0 0 0 0 0 0 0 0 0 0 0 0 0 0 0 0 0 0 0 0 0 0 0 0 0 0 0 0 3 3 0 0 0 0 0 0 4 4 0 0 0 0 0 0 0 0 0 0 0 0 0 0 0 0 0 0 0 0 0 0 0 0 0 0 0 0 0 0 0 0 0 0 0 0 0 0 0 0 0 0 0 0 0 0 0 0 0 0 0 0 0 0 0 0 0 0 0 0 0 0 0 0 0 0 0 0 0 0 0 0 0 0 0 0 0 0 0 0 0 0 0 0 0 0 0 0 3 4 2 4 0 0 0 0 0 0 0 0 0 0 0 0 0 0 0 0 0 0 0 0


0 0
0 0




0 0
0 0
0
0
0
0
0
0
