colony_input
colony_input
15
197
558561
1
2
1
0
0 0
0
1
0
0
1
2
0
10000
0
2
2
MK@
0@
0.01 0.01 0.01 0.01 0.01 0.01 0.01 0.01 0.01 0.01 0.01 0.01 0.01 0.01 0.01 0.01 0.01 0.01 0.01 0.01 0.01 0.01 0.01 0.01 0.01 0.01 0.01 0.01 0.01 0.01 0.01 0.01 0.01 0.01 0.01 0.01 0.01 0.01 0.01 0.01 0.01 0.01 0.01 0.01 0.01 0.01 0.01 0.01 0.01 0.01 0.01 0.01 0.01 0.01 0.01 0.01 0.01 0.01 0.01 0.01 0.01 0.01 0.01 0.01 0.01 0.01 0.01 0.01 0.01 0.01 0.01 0.01 0.01 0.01 0.01 0.01 0.01 0.01 0.01 0.01 0.01 0.01 0.01 0.01 0.01 0.01 0.01 0.01 0.01 0.01 0.01 0.01 0.01 0.01 0.01 0.01 0.01 0.01 0.01 0.01 0.01 0.01 0.01 0.01 0.01 0.01 0.01 0.01 0.01 0.01 0.01 0.01 0.01 0.01 0.01 0.01 0.01 0.01 0.01 0.01 0.01 0.01 0.01 0.01 0.01 0.01 0.01 0.01 0.01 0.01 0.01 0.01 0.01 0.01 0.01 0.01 0.01 0.01 0.01 0.01 0.01 0.01 0.01 0.01 0.01 0.01 0.01 0.01 0.01 0.01 0.01 0.01 0.01 0.01 0.01 0.01 0.01 0.01 0.01 0.01 0.01 0.01 0.01 0.01 0.01 0.01 0.01 0.01 0.01 0.01 0.01 0.01 0.01 0.01 0.01 0.01 0.01 0.01 0.01 0.01 0.01 0.01 0.01 0.01 0.01 0.01 0.01 0.01 0.01 0.01 0.01 0.01 0.01 0.01 0.01 0.01 0.01
0.01 0.01 0.01 0.01 0.01 0.01 0.01 0.01 0.01 0.01 0.01 0.01 0.01 0.01 0.01 0.01 0.01 0.01 0.01 0.01 0.01 0.01 0.01 0.01 0.01 0.01 0.01 0.01 0.01 0.01 0.01 0.01 0.01 0.01 0.01 0.01 0.01 0.01 0.01 0.01 0.01 0.01 0.01 0.01 0.01 0.01 0.01 0.01 0.01 0.01 0.01 0.01 0.01 0.01 0.01 0.01 0.01 0.01 0.01 0.01 0.01 0.01 0.01 0.01 0.01 0.01 0.01 0.01 0.01 0.01 0.01 0.01 0.01 0.01 0.01 0.01 0.01 0.01 0.01 0.01 0.01 0.01 0.01 0.01 0.01 0.01 0.01 0.01 0.01 0.01 0.01 0.01 0.01 0.01 0.01 0.01 0.01 0.01 0.01 0.01 0.01 0.01 0.01 0.01 0.01 0.01 0.01 0.01 0.01 0.01 0.01 0.01 0.01 0.01 0.01 0.01 0.01 0.01 0.01 0.01 0.01 0.01 0.01 0.01 0.01 0.01 0.01 0.01 0.01 0.01 0.01 0.01 0.01 0.01 0.01 0.01 0.01 0.01 0.01 0.01 0.01 0.01 0.01 0.01 0.01 0.01 0.01 0.01 0.01 0.01 0.01 0.01 0.01 0.01 0.01 0.01 0.01 0.01 0.01 0.01 0.01 0.01 0.01 0.01 0.01 0.01 0.01 0.01 0.01 0.01 0.01 0.01 0.01 0.01 0.01 0.01 0.01 0.01 0.01 0.01 0.01 0.01 0.01 0.01 0.01 0.01 0.01 0.01 0.01 0.01 0.01 0.01 0.01 0.01 0.01 0.01 0.01
SUM_MOH_2013_166 2 2 1 1 3 3 4 3 3 1 4 4 1 1 2 2 1 1 1 1 4 4 4 4 3 3 2 1 1 3 2 4 1 4 1 3 3 1 1 1 4 1 1 3 3 1 1 3 3 3 3 3 4 4 1 1 1 1 3 3 3 3 2 2 1 1 4 4 4 4 4 4 2 2 4 4 2 2 2 2 2 2 2 2 4 4 4 4 2 1 1 1 1 1 3 3 1 1 2 2 2 2 3 3 1 1 1 1 2 2 1 1 2 4 4 2 2 2 1 3 2 2 4 4 1 2 1 1 3 3 2 2 4 2 3 3 3 3 1 1 3 3 3 3 3 3 2 2 3 3 4 4 4 4 1 3 4 2 2 4 1 2 3 1 3 4 3 4 3 2 1 1 2 2 3 3 2 2 4 4 1 1 4 4 1 1 1 1 1 1 4 4 3 3 3 3 2 2 4 4 2 2 4 2 2 2 4 4 4 4 2 2 2 1 2 2 3 3 2 4 4 4 3 3 3 2 2 4 1 1 2 2 4 4 3 3 1 1 3 3 3 3 1 4 2 2 3 3 3 3 3 3 1 1 3 3 4 4 1 1 1 1 4 4 3 3 3 3 1 1 3 3 2 2 2 2 3 3 3 3 1 1 3 3 1 1 1 1 4 4 3 3 2 2 2 2 4 4 3 3 1 1 4 4 0 0 1 1 4 4 4 4 3 3 2 4 1 3 1 2 2 4 0 0 4 3 3 1 0 0 0 0 0 0 3 4 3 1 4 2 1 1 3 1 4 4 1 1 3 3 3 3 4 2 3 4 3 3 2 4 3 4 4 2 2 4 2 4 2 2 3 3 3 3 3 3 3 1 2 2 3 3 3 3 4 4 2 2 3 3 2 4 3 4
SUM_MOH_2013_167 2 2 1 1 3 3 4 4 3 1 4 4 1 1 0 0 0 0 1 4 0 0 0 0 0 0 2 2 1 1 2 2 1 1 1 1 3 3 0 0 0 0 1 1 3 3 0 0 0 0 3 3 4 4 1 1 1 1 3 3 0 0 0 0 0 0 0 0 4 4 4 4 0 0 0 0 0 0 0 0 2 2 2 2 2 4 4 3 0 0 1 1 1 1 3 3 1 1 2 2 0 0 3 3 1 1 1 1 2 2 1 1 2 4 4 2 2 1 1 3 0 0 0 0 1 1 1 1 3 3 2 2 0 0 3 3 3 4 0 0 0 0 0 0 0 0 2 2 3 3 4 4 0 0 0 0 0 0 0 0 0 0 0 0 0 0 0 0 0 0 1 4 2 4 0 0 2 2 4 4 0 0 0 0 1 1 1 1 1 1 4 4 3 3 3 3 2 2 4 4 0 0 0 0 2 2 0 0 4 4 4 2 0 0 0 0 3 2 0 0 4 4 3 1 0 0 0 0 1 1 2 2 4 4 0 0 1 1 3 3 3 3 1 1 2 2 0 0 0 0 3 3 0 0 3 3 4 4 1 1 1 1 0 0 3 3 3 3 1 1 3 3 2 2 2 2 3 3 3 3 0 0 3 3 1 1 0 0 0 0 0 0 2 2 2 2 4 4 3 3 1 1 4 4 0 0 0 0 0 0 0 0 3 3 2 2 1 1 1 1 2 2 1 1 4 4 3 3 4 4 3 3 2 2 3 3 3 3 4 4 1 1 3 3 0 0 1 1 3 3 3 2 0 0 0 0 0 0 4 4 3 3 4 4 2 2 2 4 2 4 4 3 4 3 0 0 0 0 0 0 0 0 3 3 0 0 0 0 0 0 2 4 3 4
SUM_MOH_2013_168 0 0 0 0 3 3 4 4 3 1 4 4 1 1 2 2 1 1 1 1 4 4 4 4 3 3 2 2 1 1 2 2 1 1 1 1 3 3 1 1 4 4 1 1 3 3 1 1 3 4 3 3 4 4 1 1 1 1 3 3 3 3 2 2 1 1 4 4 0 0 4 4 2 2 4 4 2 2 2 2 2 2 2 2 4 4 4 4 2 2 1 1 1 1 3 3 1 1 2 2 2 2 3 3 1 1 1 1 2 2 1 1 4 4 4 2 2 2 1 3 2 2 4 4 1 1 1 1 3 3 2 2 4 4 3 3 3 3 1 1 3 4 3 3 3 3 2 2 3 3 4 4 4 4 3 3 2 2 2 4 1 2 3 1 3 4 3 4 3 2 1 4 2 2 3 3 2 2 4 4 0 0 0 0 1 1 1 1 1 1 4 4 3 3 3 3 2 2 4 4 2 3 4 4 2 2 4 4 4 4 4 2 2 2 2 2 3 3 2 4 4 4 3 3 3 3 4 4 1 1 2 2 4 4 3 3 1 1 3 3 3 3 1 4 2 2 3 2 3 1 3 3 0 0 3 3 4 4 1 1 1 1 4 4 3 3 3 3 1 1 3 3 2 2 2 2 3 3 0 0 1 1 3 3 1 1 1 1 4 4 3 3 2 2 2 2 4 4 3 3 0 0 4 4 2 2 1 1 4 4 4 4 1 1 2 4 1 3 1 1 2 2 1 1 4 4 0 0 4 4 3 3 2 2 3 4 0 0 2 2 1 1 3 3 4 1 1 1 3 3 3 3 0 0 3 4 3 3 2 2 3 4 4 2 2 4 2 4 0 0 4 3 4 3 3 4 3 1 1 2 3 3 3 3 4 1 2 4 3 3 4 4 4 4
SUM_MOH_2013_173 2 2 1 1 3 3 3 3 3 1 4 2 1 1 4 2 1 1 1 1 4 4 4 4 3 3 2 2 1 1 2 2 1 1 1 1 3 3 1 1 4 1 1 1 3 3 1 1 3 3 3 3 4 4 1 1 1 1 3 3 3 3 2 2 1 1 4 4 4 4 4 4 2 2 4 4 2 4 2 2 2 2 2 2 2 4 4 3 2 1 1 1 1 3 3 3 1 1 2 2 2 2 3 3 1 1 1 1 2 2 1 1 2 4 4 2 2 2 1 3 2 2 4 4 1 2 1 1 3 3 2 2 4 2 3 3 3 3 1 1 3 3 3 1 0 0 2 2 3 3 4 4 4 4 1 3 2 2 2 4 1 2 3 1 3 4 3 4 3 2 4 4 2 4 3 3 2 2 4 4 1 1 4 4 0 0 1 1 1 1 4 4 3 3 3 3 2 2 4 4 2 2 4 4 2 2 4 4 4 4 4 2 2 2 2 2 3 3 2 2 4 4 3 3 3 2 2 4 1 1 2 2 4 4 3 3 1 1 3 3 3 3 1 4 2 2 3 3 3 3 3 3 1 1 3 3 4 4 1 1 1 1 4 4 3 3 3 3 1 1 3 3 2 2 2 1 3 1 0 0 1 1 3 3 1 1 1 1 4 4 3 3 2 2 2 2 4 4 3 3 1 1 4 4 2 2 1 1 4 4 1 4 3 3 2 2 1 1 1 1 2 2 1 1 4 4 3 3 4 4 3 3 2 2 3 3 3 3 4 4 4 4 3 1 4 4 1 1 3 3 3 3 4 2 3 3 3 3 2 2 3 4 4 2 2 4 2 2 2 4 4 3 4 3 3 3 3 1 2 2 3 3 3 3 4 1 2 4 3 3 2 4 3 4
SUM_MOH_2013_205 2 2 1 1 3 1 4 3 3 1 4 4 1 1 2 2 1 4 1 1 4 3 4 1 3 2 2 2 1 1 2 2 1 1 1 1 3 3 0 0 4 1 1 1 3 3 1 1 3 3 3 3 4 4 1 1 1 1 3 3 3 3 2 2 1 1 4 4 0 0 4 4 2 2 4 2 2 2 2 4 2 2 2 2 2 4 4 4 2 1 1 1 1 1 3 3 1 1 2 2 2 2 3 3 1 1 1 1 2 2 1 1 2 2 2 2 2 2 3 3 2 2 4 4 1 1 1 1 3 3 2 2 0 0 3 3 3 3 1 3 3 3 3 1 3 3 2 2 3 3 4 4 4 4 1 1 4 2 2 4 1 2 3 1 3 4 3 4 3 2 4 4 2 2 3 3 0 0 4 4 1 1 4 4 1 3 1 1 1 1 4 4 3 3 3 3 2 2 4 4 0 0 4 4 2 2 4 4 4 4 2 2 0 0 2 2 3 3 2 2 4 4 3 3 3 2 2 4 1 1 2 2 4 4 3 3 1 1 3 3 3 3 1 1 2 3 3 3 3 3 3 3 1 1 3 3 4 4 1 1 1 1 4 4 3 3 3 3 1 1 3 3 2 2 2 2 3 3 3 3 1 1 3 3 1 1 1 1 4 4 3 3 2 2 2 2 4 4 3 3 0 0 4 4 2 2 1 1 4 4 4 4 3 3 2 4 1 3 1 2 2 4 1 4 4 3 3 1 4 3 3 4 2 4 3 4 3 1 4 4 1 1 3 1 0 0 1 1 3 3 3 3 2 2 3 3 3 3 0 0 3 3 4 4 2 2 2 2 2 4 3 3 3 3 3 3 3 1 1 2 3 3 3 3 1 1 4 4 3 3 2 2 3 3
SUM_MOH_2013_206 0 0 0 0 0 0 0 0 3 1 0 0 0 0 0 0 0 0 0 0 0 0 0 0 0 0 0 0 0 0 0 0 0 0 0 0 0 0 0 0 0 0 0 0 0 0 0 0 0 0 0 0 0 0 0 0 0 0 0 0 0 0 0 0 0 0 0 0 4 1 4 4 0 0 4 4 2 2 2 2 0 0 2 2 2 4 4 3 0 0 0 0 0 0 0 0 0 0 0 0 2 2 0 0 0 0 0 0 0 0 0 0 0 0 0 0 0 0 0 0 0 0 0 0 0 0 0 0 0 0 0 0 4 2 0 0 0 0 0 0 0 0 0 0 0 0 2 4 0 0 4 2 0 0 0 0 0 0 0 0 0 0 0 0 0 0 0 0 0 0 0 0 0 0 3 3 0 0 0 0 0 0 0 0 0 0 0 0 0 0 0 0 0 0 0 0 0 0 0 0 0 0 0 0 0 0 4 3 0 0 0 0 0 0 0 0 0 0 0 0 4 4 0 0 0 0 2 4 1 3 2 4 4 1 0 0 0 0 3 3 3 3 0 0 2 2 0 0 0 0 0 0 0 0 3 3 4 4 1 1 1 1 4 4 3 3 0 0 0 0 0 0 0 0 0 0 0 0 0 0 0 0 0 0 0 0 1 1 4 4 3 3 0 0 0 0 0 0 0 0 0 0 0 0 0 0 0 0 0 0 0 0 0 0 0 0 0 0 0 0 0 0 0 0 0 0 0 0 0 0 0 0 0 0 0 0 0 0 0 0 0 0 0 0 0 0 1 3 3 3 0 0 0 0 0 0 3 3 2 4 0 0 0 0 0 0 2 4 0 0 0 0 0 0 0 0 3 1 0 0 3 3 0 0 0 0 0 0 0 0 2 4 3 4
SUM_MOH_2013_207 2 2 1 1 3 3 4 3 3 1 4 4 1 1 4 2 1 1 1 1 4 3 4 1 3 2 2 2 1 1 2 2 1 1 1 1 3 3 1 1 4 1 1 3 3 3 1 1 3 3 3 1 4 4 1 1 1 1 3 3 3 3 2 2 1 1 4 4 4 4 4 4 2 2 4 4 2 2 2 2 2 2 2 2 4 4 4 4 2 2 1 1 1 1 3 3 1 1 2 2 2 2 3 3 1 1 1 1 2 2 1 1 4 4 2 2 2 2 3 3 2 2 4 4 1 1 1 1 3 3 2 2 4 2 3 3 3 3 1 1 3 4 3 3 4 3 2 4 3 3 4 2 4 3 1 3 4 2 4 4 1 2 3 1 3 4 3 4 3 2 1 4 2 2 3 1 2 4 4 2 1 1 4 4 1 3 1 3 1 4 4 3 3 1 3 3 2 2 4 4 2 2 4 4 2 4 4 3 4 4 4 4 2 1 2 2 3 3 2 2 4 4 3 3 3 2 4 4 1 3 2 4 4 1 3 3 1 2 3 1 3 1 1 4 2 2 3 3 3 3 3 3 1 3 3 1 4 2 1 3 1 2 4 2 3 2 3 3 1 1 3 3 2 2 2 2 3 3 3 3 1 1 3 4 1 3 1 1 4 3 3 3 2 2 2 2 4 4 3 3 1 1 4 4 2 1 1 1 4 4 4 4 3 1 2 4 1 3 1 1 2 2 1 1 4 4 3 3 4 4 3 3 2 2 3 4 3 1 4 2 4 1 3 3 4 4 1 1 3 3 3 3 4 2 4 4 3 1 2 2 3 3 4 4 2 2 2 2 2 2 4 3 4 3 3 3 3 1 1 2 3 3 3 3 4 1 2 4 3 3 2 2 3 3
SUM_MOH_2013_208 0 0 1 1 3 3 4 3 3 1 4 4 1 3 4 4 1 1 1 1 4 4 4 4 3 3 2 2 1 1 2 2 1 1 1 1 3 3 1 3 4 1 1 1 3 3 1 1 3 3 3 3 4 2 1 3 1 2 3 3 3 3 2 2 1 1 4 4 4 4 4 4 2 2 4 4 2 2 2 2 2 2 2 2 4 4 4 4 2 2 1 1 1 1 3 1 1 2 2 4 2 2 3 3 1 1 1 1 2 2 1 1 4 4 4 2 2 2 1 3 4 4 1 1 1 1 1 1 3 3 2 2 4 2 3 3 3 3 1 3 3 3 3 1 4 3 2 2 3 3 4 4 0 0 0 0 2 2 2 4 1 2 3 1 3 4 3 4 3 2 4 4 2 2 3 3 2 2 4 4 1 1 4 4 1 3 1 1 1 1 4 4 3 3 3 3 2 2 4 4 2 2 4 4 2 2 4 4 4 4 2 2 2 1 2 2 3 3 4 4 4 4 3 3 3 3 2 4 1 1 2 2 4 4 3 3 1 1 3 3 3 3 1 4 2 3 3 3 3 3 3 3 1 1 3 3 4 4 1 1 1 1 4 4 3 3 3 3 1 1 3 3 2 2 2 2 3 3 3 3 1 1 3 3 1 1 1 1 4 4 3 3 2 4 2 3 4 3 3 1 1 1 4 4 2 2 1 1 4 2 4 4 3 1 2 2 1 1 1 1 2 2 1 1 4 4 3 3 4 4 3 3 2 2 3 3 3 3 4 4 1 1 3 1 4 4 1 1 3 3 3 3 4 4 3 3 3 3 2 2 3 3 4 4 2 2 2 2 2 2 3 3 3 3 3 3 3 1 1 2 1 1 3 3 4 4 2 2 3 3 2 2 3 3
SUM_MOH_2013_209 0 0 0 0 0 0 0 0 0 0 0 0 0 0 0 0 0 0 0 0 0 0 0 0 0 0 0 0 0 0 0 0 0 0 0 0 0 0 0 0 0 0 0 0 0 0 0 0 0 0 0 0 0 0 0 0 0 0 0 0 0 0 0 0 0 0 0 0 4 4 4 4 0 0 4 4 2 2 2 2 2 2 0 0 2 4 4 3 0 0 1 1 1 1 0 0 0 0 0 0 2 2 0 0 0 0 0 0 0 0 0 0 0 0 0 0 0 0 0 0 0 0 0 0 1 1 0 0 0 0 0 0 0 0 0 0 0 0 0 0 0 0 0 0 0 0 0 0 0 0 0 0 0 0 0 0 0 0 0 0 0 0 0 0 0 0 0 0 0 0 4 4 0 0 3 3 0 0 0 0 1 1 4 4 0 0 0 0 0 0 0 0 0 0 0 0 0 0 0 0 0 0 0 0 0 0 0 0 0 0 0 0 0 0 0 0 0 0 0 0 0 0 0 0 0 0 0 0 0 0 0 0 0 0 0 0 0 0 0 0 0 0 0 0 2 2 0 0 0 0 3 3 1 3 3 1 4 2 1 3 1 2 0 0 0 0 0 0 0 0 0 0 0 0 0 0 0 0 0 0 0 0 0 0 0 0 0 0 0 0 3 1 2 2 2 2 4 4 3 3 1 1 0 0 0 0 1 1 0 0 0 0 0 0 0 0 0 0 0 0 0 0 0 0 0 0 0 0 0 0 0 0 0 0 0 0 0 0 0 0 0 0 0 0 0 0 1 1 0 0 0 0 4 2 3 4 0 0 0 0 0 0 0 0 0 0 0 0 0 0 0 0 0 0 0 0 3 1 0 0 0 0 0 0 0 0 0 0 0 0 0 0 0 0
SUM_MOH_2013_210 2 2 1 1 3 3 3 3 3 1 4 4 1 3 4 2 1 4 1 1 4 4 0 0 3 3 2 2 1 1 2 2 1 1 1 1 3 3 0 0 4 4 1 1 3 3 1 1 3 3 3 3 4 2 1 3 1 2 3 3 3 3 2 2 1 1 4 4 4 4 4 4 2 2 4 4 2 2 2 2 2 4 2 2 2 4 4 3 2 1 1 1 1 1 3 3 1 1 2 2 2 2 3 1 1 2 1 4 2 4 1 2 2 4 4 2 2 2 1 3 2 2 4 4 1 2 1 3 3 1 2 3 4 4 3 1 3 3 1 1 3 3 3 3 4 3 2 2 3 3 4 4 4 4 1 3 2 2 2 4 1 2 3 1 3 4 3 4 3 2 1 1 2 2 3 3 2 2 4 4 2 1 1 4 3 3 1 1 1 1 4 4 3 3 3 3 2 2 4 4 2 2 4 4 2 2 4 4 4 4 2 2 2 2 2 2 3 3 2 4 4 1 3 3 3 3 2 4 1 1 2 2 4 4 3 3 1 1 3 3 3 3 4 4 2 2 3 3 3 3 3 1 1 1 3 3 4 4 1 1 1 1 4 4 3 3 3 3 1 1 3 3 2 2 2 2 3 3 3 3 1 1 3 3 1 1 1 1 4 4 3 3 2 2 2 2 4 4 3 3 1 3 4 4 0 0 1 1 4 4 4 4 3 3 2 2 1 1 1 1 2 2 1 1 4 4 3 3 4 4 3 3 2 2 3 3 3 3 4 4 1 1 3 1 4 4 1 1 3 1 3 3 2 2 3 4 3 3 2 4 3 3 4 4 2 2 2 4 2 2 4 3 4 3 3 3 0 0 2 2 3 3 3 3 1 1 4 4 3 3 2 2 3 3
SUM_MOH_2013_211 2 1 1 2 3 3 3 3 3 1 4 4 1 3 2 2 1 4 1 1 4 4 4 4 3 3 2 2 1 1 2 2 1 1 1 1 3 3 1 3 4 1 1 1 3 3 1 1 3 3 3 3 4 2 1 3 1 2 3 2 3 3 2 2 1 1 4 4 4 1 4 4 0 0 4 2 2 2 2 4 2 2 2 2 4 4 4 4 0 0 1 1 1 1 0 0 0 0 0 0 2 2 3 3 1 1 1 1 2 2 1 1 2 2 2 2 2 2 3 3 2 2 4 4 1 1 1 1 3 3 2 2 4 2 3 1 3 4 1 1 0 0 3 1 4 4 2 2 3 4 4 4 4 4 1 1 2 2 2 4 1 2 3 1 3 4 0 0 0 0 1 4 2 2 3 3 2 2 4 4 1 1 4 4 1 3 1 1 1 1 4 4 3 3 3 1 2 4 4 2 2 2 4 4 2 2 0 0 4 2 4 2 2 2 2 4 3 3 2 4 0 0 3 3 3 3 2 4 1 1 2 2 4 4 3 3 1 1 3 3 3 3 1 1 2 2 3 3 3 3 3 3 1 1 3 3 4 4 1 1 1 1 4 4 3 3 3 4 1 4 3 1 2 4 0 0 3 3 0 0 1 1 3 3 1 1 1 1 4 4 3 1 2 2 2 2 4 4 3 3 1 1 4 2 2 2 1 1 4 4 1 4 3 1 2 4 1 3 1 2 2 4 1 4 4 3 3 1 4 3 0 0 0 0 3 4 3 1 4 2 1 1 3 3 4 4 1 1 1 1 3 3 2 2 3 4 3 3 2 4 3 3 4 4 2 2 2 4 2 4 3 3 3 3 0 0 3 1 2 2 3 3 3 3 4 1 2 4 3 3 0 0 0 0
SUM_MOH_2013_212 2 2 1 1 3 3 4 4 3 1 4 4 1 1 4 2 1 1 1 1 4 4 4 4 3 3 2 2 1 1 2 2 1 1 1 1 3 3 1 3 4 4 1 1 3 3 1 1 3 4 3 3 4 4 1 1 1 1 3 3 3 3 2 2 1 1 4 4 4 4 4 4 2 2 4 4 2 2 2 2 2 2 2 2 2 2 3 3 2 2 1 1 1 1 3 3 1 1 2 2 2 2 3 3 1 1 1 1 2 2 1 1 2 4 4 2 2 2 1 3 2 2 4 4 1 1 1 1 3 3 2 2 4 2 3 3 3 3 1 1 3 3 3 3 4 4 2 2 3 3 4 4 4 4 1 3 4 2 2 4 1 2 3 1 3 4 3 4 3 2 1 1 2 2 3 3 2 2 4 4 1 1 4 4 1 3 1 1 1 1 4 4 3 3 3 3 2 2 4 4 2 2 4 4 2 2 4 4 4 4 4 2 2 1 4 4 3 3 2 4 4 4 1 1 3 2 2 2 1 1 2 2 4 4 3 3 1 1 3 3 3 3 1 4 2 2 3 3 3 3 3 3 1 1 3 3 4 4 1 1 1 1 4 4 3 3 3 3 1 1 3 3 2 2 0 0 3 3 1 3 1 4 3 3 1 1 1 1 4 4 3 3 2 2 2 2 4 4 3 3 1 3 4 4 2 2 1 3 4 4 4 4 3 3 2 2 1 1 1 1 2 2 1 1 4 4 3 3 4 4 3 3 2 2 3 3 3 3 4 4 1 1 3 1 4 4 1 1 3 1 3 3 2 2 3 4 3 3 2 4 3 3 4 4 2 2 2 2 2 2 4 3 4 3 3 3 3 1 1 2 3 1 3 3 4 1 2 4 3 3 2 4 3 4
SUM_MOH_2013_213 0 0 0 0 3 3 0 0 3 1 0 0 1 1 4 4 1 1 1 1 4 4 4 4 3 3 2 2 1 1 2 2 1 1 1 1 3 3 0 0 4 1 1 3 3 3 1 1 0 0 3 3 4 4 1 1 1 1 3 3 3 1 2 1 1 3 4 2 4 4 4 2 2 4 4 4 2 2 2 2 2 2 2 4 2 4 4 3 2 1 1 3 1 1 0 0 0 0 0 0 0 0 3 3 1 1 1 1 2 2 1 1 2 4 2 2 2 2 3 3 2 2 4 4 1 1 0 0 0 0 0 0 4 2 3 3 3 3 1 1 0 0 0 0 0 0 0 0 0 0 0 0 4 4 1 3 4 2 2 2 1 1 3 3 3 3 3 3 3 3 0 0 2 2 3 3 2 2 4 4 2 1 1 4 1 3 1 1 1 1 4 4 3 3 3 3 2 2 4 4 0 0 4 2 2 2 4 4 4 4 4 4 0 0 2 2 3 3 2 4 4 4 3 1 3 2 2 4 1 1 2 2 4 4 0 0 0 0 3 3 0 0 0 0 2 2 0 0 0 0 3 3 0 0 3 3 4 4 1 1 1 1 4 4 3 3 0 0 1 1 3 3 2 2 2 2 3 3 0 0 0 0 3 3 1 1 1 1 4 4 3 3 2 2 2 2 4 4 3 3 1 1 0 0 2 2 0 0 4 4 0 0 3 3 2 2 1 1 1 1 2 2 1 1 4 4 3 3 0 0 0 0 0 0 0 0 0 0 4 4 4 1 1 1 0 0 1 1 3 3 3 3 0 0 4 4 3 3 2 4 3 3 4 4 2 2 2 2 0 0 4 3 4 3 3 3 3 1 0 0 1 1 3 3 1 1 4 4 3 3 0 0 4 4
SUM_MOH_2013_217 2 2 1 1 3 3 0 0 3 1 0 0 0 0 0 0 0 0 0 0 0 0 0 0 0 0 0 0 0 0 0 0 0 0 0 0 0 0 1 1 0 0 0 0 3 3 0 0 0 0 0 0 0 0 0 0 0 0 0 0 3 3 2 2 1 1 4 4 4 4 4 4 2 2 0 0 0 0 0 0 0 0 2 2 4 4 4 4 0 0 1 1 0 0 0 0 0 0 0 0 2 4 0 0 0 0 0 0 0 0 0 0 0 0 0 0 0 0 0 0 0 0 0 0 0 0 0 0 0 0 0 0 4 2 0 0 0 0 0 0 0 0 3 1 0 0 0 0 0 0 0 0 0 0 0 0 0 0 0 0 0 0 0 0 0 0 0 0 0 0 1 4 2 2 3 3 0 0 0 0 2 1 1 4 1 3 0 0 0 0 0 0 0 0 0 0 0 0 0 0 2 2 4 4 2 2 0 0 4 4 0 0 2 1 0 0 0 0 0 0 4 4 0 0 0 0 4 4 0 0 0 0 0 0 3 4 0 0 0 0 0 0 0 0 0 0 0 0 0 0 3 3 0 0 0 0 0 0 0 0 0 0 0 0 3 3 0 0 0 0 0 0 0 0 0 0 0 0 1 3 0 0 0 0 0 0 0 0 0 0 0 0 2 2 2 2 4 4 3 3 1 1 0 0 0 0 1 1 0 0 4 4 0 0 2 4 1 3 1 2 2 4 1 4 4 3 3 1 4 3 3 4 2 4 3 4 3 1 2 2 0 0 0 0 0 0 0 0 3 3 0 0 0 0 0 0 0 0 0 0 0 0 0 0 0 0 2 2 0 0 4 4 4 4 0 0 0 0 0 0 3 1 3 1 0 0 0 0 3 4 2 4 3 4
SUM_MOH_2013_219 2 2 1 1 0 0 0 0 3 1 4 4 0 0 2 2 0 0 0 0 4 3 4 1 3 2 0 0 0 0 0 0 0 0 0 0 0 0 1 3 0 0 0 0 3 3 0 0 3 4 0 0 0 0 0 0 0 0 0 0 3 3 2 2 1 1 4 4 4 4 4 4 2 2 0 0 2 2 2 2 2 2 2 2 2 4 4 3 0 0 1 1 1 1 0 0 0 0 0 0 2 2 0 0 0 0 0 0 0 0 0 0 0 0 0 0 0 0 0 0 0 0 0 0 1 1 0 0 0 0 0 0 4 2 0 0 3 4 0 0 0 0 0 0 0 0 2 2 3 3 0 0 0 0 0 0 0 0 0 0 0 0 0 0 0 0 0 0 0 0 1 1 0 0 3 3 0 0 0 0 2 1 1 4 0 0 0 0 0 0 0 0 0 0 0 0 0 0 0 0 0 0 4 4 2 2 0 0 0 0 0 0 0 0 0 0 0 0 4 4 0 0 0 0 0 0 2 2 0 0 2 2 4 4 0 0 0 0 3 3 3 3 0 0 2 2 0 0 0 0 3 3 1 1 3 3 4 4 1 1 1 1 0 0 3 3 0 0 0 0 0 0 0 0 0 0 3 1 0 0 0 0 3 3 1 1 1 3 4 4 3 3 2 4 2 3 4 3 3 1 1 1 4 4 2 2 0 0 0 0 0 0 0 0 2 2 1 1 1 1 2 2 1 1 4 4 3 3 4 4 3 3 2 2 0 0 0 0 4 4 0 0 0 0 0 0 1 1 3 3 3 3 0 0 3 4 3 3 2 2 0 0 0 0 0 0 2 2 0 0 0 0 0 0 3 3 3 1 1 2 3 3 0 0 1 1 4 4 3 3 2 4 3 4


0 0
0 0




0 0
0 0
0
0
0
0
0
0
