colony_input
colony_input
20
136
656028
1
2
1
0
0 0
0
1
0
0
1
2
0
10000
0
2
2
MK@
0@
0.01 0.01 0.01 0.01 0.01 0.01 0.01 0.01 0.01 0.01 0.01 0.01 0.01 0.01 0.01 0.01 0.01 0.01 0.01 0.01 0.01 0.01 0.01 0.01 0.01 0.01 0.01 0.01 0.01 0.01 0.01 0.01 0.01 0.01 0.01 0.01 0.01 0.01 0.01 0.01 0.01 0.01 0.01 0.01 0.01 0.01 0.01 0.01 0.01 0.01 0.01 0.01 0.01 0.01 0.01 0.01 0.01 0.01 0.01 0.01 0.01 0.01 0.01 0.01 0.01 0.01 0.01 0.01 0.01 0.01 0.01 0.01 0.01 0.01 0.01 0.01 0.01 0.01 0.01 0.01 0.01 0.01 0.01 0.01 0.01 0.01 0.01 0.01 0.01 0.01 0.01 0.01 0.01 0.01 0.01 0.01 0.01 0.01 0.01 0.01 0.01 0.01 0.01 0.01 0.01 0.01 0.01 0.01 0.01 0.01 0.01 0.01 0.01 0.01 0.01 0.01 0.01 0.01 0.01 0.01 0.01 0.01 0.01 0.01 0.01 0.01 0.01 0.01 0.01 0.01 0.01 0.01 0.01 0.01 0.01 0.01
0.01 0.01 0.01 0.01 0.01 0.01 0.01 0.01 0.01 0.01 0.01 0.01 0.01 0.01 0.01 0.01 0.01 0.01 0.01 0.01 0.01 0.01 0.01 0.01 0.01 0.01 0.01 0.01 0.01 0.01 0.01 0.01 0.01 0.01 0.01 0.01 0.01 0.01 0.01 0.01 0.01 0.01 0.01 0.01 0.01 0.01 0.01 0.01 0.01 0.01 0.01 0.01 0.01 0.01 0.01 0.01 0.01 0.01 0.01 0.01 0.01 0.01 0.01 0.01 0.01 0.01 0.01 0.01 0.01 0.01 0.01 0.01 0.01 0.01 0.01 0.01 0.01 0.01 0.01 0.01 0.01 0.01 0.01 0.01 0.01 0.01 0.01 0.01 0.01 0.01 0.01 0.01 0.01 0.01 0.01 0.01 0.01 0.01 0.01 0.01 0.01 0.01 0.01 0.01 0.01 0.01 0.01 0.01 0.01 0.01 0.01 0.01 0.01 0.01 0.01 0.01 0.01 0.01 0.01 0.01 0.01 0.01 0.01 0.01 0.01 0.01 0.01 0.01 0.01 0.01 0.01 0.01 0.01 0.01 0.01 0.01
CAR_MUR_2017_045 2 4 0 0 0 0 0 0 0 0 4 4 0 0 4 4 0 0 0 0 0 0 4 4 4 4 3 3 0 0 0 0 0 0 1 1 4 1 1 1 2 2 2 2 4 4 1 1 1 1 4 4 4 4 4 4 0 0 0 0 0 0 0 0 0 0 1 3 4 4 0 0 0 0 1 2 0 0 3 3 0 0 0 0 4 4 2 2 2 2 1 1 3 3 0 0 0 0 1 1 2 4 1 2 3 1 3 4 3 4 3 2 4 4 0 0 0 0 0 0 1 1 1 3 2 2 0 0 0 0 0 0 0 0 0 0 1 1 4 4 3 3 0 0 0 0 0 0 3 2 0 0 1 1 4 1 3 1 3 3 0 0 1 4 2 2 2 2 2 2 3 3 0 0 0 0 0 0 3 3 1 3 0 0 4 4 2 2 0 0 0 0 0 0 2 4 1 3 1 2 2 4 0 0 4 3 0 0 0 0 0 0 0 0 3 4 3 1 0 0 4 2 4 4 1 1 1 1 1 1 3 3 0 0 0 0 3 3 4 4 0 0 0 0 0 0 0 0 0 0 3 3 3 3 0 0 3 3 2 2 1 1 2 4 3 3 0 0 4 4 0 0
CAR_MUR_2017_046 2 2 3 1 2 1 1 2 0 0 4 4 0 0 4 4 3 1 2 2 0 0 0 0 0 0 0 0 0 0 0 0 0 0 1 3 0 0 0 0 2 2 2 2 4 2 1 3 1 2 0 0 0 0 4 4 3 3 0 0 0 0 2 2 3 3 1 1 4 4 0 0 0 0 1 1 0 0 3 1 3 4 3 4 4 4 2 4 2 2 1 1 3 3 0 0 0 0 1 3 2 4 1 2 3 1 3 4 3 3 0 0 1 4 2 4 2 2 1 1 1 1 1 1 0 0 3 3 2 2 4 4 2 3 0 0 1 1 4 4 0 0 0 0 0 0 2 2 3 3 3 3 1 1 4 4 1 1 3 2 0 0 1 4 2 2 2 2 2 2 3 3 0 0 1 1 0 0 3 3 1 1 2 2 4 4 2 2 4 4 2 2 0 0 2 4 1 3 1 2 2 4 1 4 4 3 3 1 4 3 3 4 2 4 3 4 3 1 2 2 4 4 4 4 1 1 1 1 1 1 3 3 0 0 0 0 3 3 4 4 3 3 1 1 4 4 2 2 2 2 3 3 3 3 0 0 3 3 2 2 1 1 2 2 0 0 1 4 2 4 3 4
CAR_MUR_2017_047 2 2 0 0 0 0 0 0 0 0 4 4 4 4 4 3 3 1 2 2 0 0 4 3 4 1 3 2 4 4 0 0 0 0 0 0 4 1 1 3 2 2 2 2 4 4 1 1 1 1 0 0 4 4 4 4 3 3 1 1 2 2 2 2 3 3 1 1 4 4 2 4 4 2 1 1 4 2 3 3 3 4 3 3 4 3 2 2 2 2 1 1 3 3 3 3 4 4 1 1 2 4 1 2 3 1 3 4 3 4 3 2 4 4 0 0 2 1 1 4 1 3 1 1 2 4 3 3 0 0 0 0 0 0 4 4 0 0 4 4 3 3 0 0 2 2 2 2 0 0 3 3 1 1 4 4 1 1 3 2 3 3 4 4 0 0 0 0 0 0 3 3 3 3 1 1 2 2 3 1 1 1 2 2 4 4 2 2 4 4 2 2 3 1 2 4 1 3 1 2 2 4 1 4 4 3 3 1 4 3 0 0 0 0 3 4 3 1 0 0 2 2 4 4 4 4 1 1 1 1 3 2 4 4 3 3 3 3 2 4 3 3 1 1 4 4 2 2 2 4 3 3 3 3 0 0 3 3 2 2 1 2 0 0 3 1 1 1 4 4 4 4
CAR_MUR_2017_048 0 0 0 0 0 0 0 0 0 0 4 4 0 0 4 4 3 1 0 0 4 4 4 4 4 4 3 3 0 0 4 1 3 3 0 0 0 0 0 0 0 0 2 2 4 4 1 1 1 1 0 0 4 4 0 0 0 0 2 1 0 0 0 0 0 0 1 1 0 0 2 4 4 2 0 0 4 2 3 3 0 0 3 3 4 4 0 0 2 2 1 1 3 3 1 3 0 0 1 1 2 4 1 2 3 1 3 4 3 3 3 3 0 0 0 0 2 2 1 1 0 0 1 1 2 2 0 0 0 0 0 0 0 0 4 4 0 0 4 2 3 3 0 0 2 2 2 4 3 3 0 0 1 4 0 0 0 0 3 2 0 0 1 4 0 0 0 0 0 0 3 3 0 0 1 1 2 2 3 3 0 0 0 0 4 4 0 0 4 4 2 2 3 1 2 4 1 3 1 2 2 4 1 4 4 3 3 1 4 3 3 4 2 4 3 4 3 1 2 2 0 0 0 0 0 0 0 0 1 1 3 3 4 4 3 4 3 3 2 4 0 0 0 0 4 4 0 0 0 0 0 0 0 0 0 0 3 3 2 2 0 0 0 0 1 1 0 0 2 2 0 0
CAR_MUR_2017_049 2 2 3 3 2 2 1 1 1 1 4 4 4 1 4 3 3 1 2 2 4 4 4 4 4 4 3 3 0 0 4 4 3 3 1 1 4 1 1 1 2 2 2 2 4 4 1 1 1 1 4 4 4 4 4 4 3 3 0 0 0 0 2 2 3 3 1 1 4 4 2 2 4 4 1 2 4 4 3 1 3 4 3 3 4 4 2 2 2 2 1 1 3 4 1 3 4 2 0 0 2 4 1 2 3 1 3 4 3 4 3 2 0 0 4 4 2 2 1 1 1 1 1 1 0 0 3 3 2 2 4 4 2 2 4 4 1 1 4 4 3 3 2 1 2 4 2 2 3 3 3 3 1 1 4 4 1 1 3 2 3 3 1 4 0 0 0 0 2 2 3 3 1 3 0 0 2 2 0 0 1 3 2 2 0 0 0 0 1 4 2 2 3 1 2 4 1 3 1 2 2 4 1 4 4 3 3 1 4 3 3 4 2 4 3 4 3 1 2 1 2 2 4 4 1 4 1 1 1 1 0 0 4 4 3 3 3 3 4 4 3 3 1 1 4 4 2 2 2 2 3 3 3 3 3 1 3 3 2 2 1 1 0 0 3 1 1 4 4 4 0 0
CAR_MUR_2017_050 2 2 0 0 0 0 0 0 1 1 4 4 4 4 4 3 3 1 0 0 0 0 4 4 4 4 3 3 4 4 4 4 3 3 1 1 4 1 1 1 2 2 2 2 4 4 1 1 1 1 4 4 4 4 4 4 3 3 1 1 2 2 2 2 3 3 1 1 4 4 2 4 4 2 0 0 2 2 3 3 3 3 3 3 4 4 2 2 2 2 1 1 3 3 3 3 4 4 1 1 2 4 1 2 3 1 3 4 3 4 3 2 4 4 2 4 2 2 1 1 1 1 1 1 2 2 3 3 2 2 4 4 0 0 0 0 1 1 4 4 3 3 1 1 2 2 2 2 3 3 3 3 1 1 4 4 3 1 3 2 3 3 0 0 2 2 2 2 2 2 3 3 1 3 1 1 2 2 3 3 1 1 2 2 4 2 2 1 4 4 0 0 3 1 2 4 1 3 1 2 2 4 1 4 4 3 3 1 4 3 3 4 2 4 3 4 3 1 0 0 2 2 4 4 1 4 1 1 1 1 0 0 4 4 3 3 3 3 2 4 3 3 1 1 4 4 0 0 2 4 3 3 3 3 3 1 3 3 2 2 1 1 0 0 3 1 1 1 4 4 0 0
CAR_MUR_2017_051 2 2 0 0 0 0 0 0 1 1 4 4 4 4 4 3 3 1 2 2 4 4 4 4 4 4 3 3 4 4 0 0 3 4 1 3 0 0 0 0 2 2 2 2 4 4 1 1 1 1 4 4 4 4 4 4 0 0 1 1 2 2 2 2 3 3 0 0 4 4 2 2 4 4 1 1 0 0 3 3 0 0 3 3 0 0 2 2 2 2 1 3 3 3 3 3 4 4 1 3 0 0 1 1 3 3 0 0 0 0 0 0 0 0 0 0 2 2 1 1 0 0 1 1 0 0 3 3 2 2 4 4 2 2 4 4 1 1 4 4 3 3 1 1 2 2 2 2 3 3 3 4 0 0 0 0 1 1 3 2 0 0 1 4 2 2 2 2 2 2 3 3 1 3 0 0 2 2 3 3 3 3 2 2 4 4 0 0 4 4 2 1 0 0 2 4 1 3 1 2 2 4 1 4 4 3 3 1 4 3 3 4 2 4 3 4 3 1 2 2 2 2 4 1 1 4 1 1 1 1 3 3 4 4 3 3 3 3 4 4 3 3 1 1 4 4 0 0 0 0 0 0 0 0 0 0 3 3 2 2 1 1 0 0 1 1 0 0 4 4 4 4
CAR_MUR_2017_054 2 2 3 3 2 1 1 2 1 3 4 4 0 0 4 4 3 1 2 2 4 4 4 4 4 4 3 3 0 0 0 0 3 3 1 3 4 1 0 0 2 2 2 2 4 4 1 1 1 1 0 0 4 4 2 4 3 3 1 1 0 0 0 0 0 0 1 1 4 4 2 2 4 4 1 2 0 0 3 3 3 4 0 0 4 4 2 2 0 0 0 0 0 0 1 3 4 2 1 1 2 2 1 1 3 3 0 0 0 0 0 0 1 4 0 0 2 2 1 1 0 0 0 0 2 2 3 3 2 2 4 4 2 2 4 4 1 1 4 4 3 3 0 0 0 0 2 2 3 3 3 3 1 1 4 4 0 0 3 2 0 0 1 4 2 2 2 2 2 2 3 3 1 3 0 0 0 0 0 0 1 1 2 2 0 0 0 0 4 4 2 2 3 1 2 4 1 3 1 2 2 4 1 4 4 3 3 1 4 3 3 4 2 4 3 4 3 1 0 0 2 2 4 4 1 1 1 1 1 1 3 3 4 4 0 0 3 3 4 4 3 4 1 4 4 2 2 4 0 0 3 3 3 3 0 0 3 3 2 2 1 1 0 0 3 3 1 1 0 0 0 0
CAR_MUR_2017_055 2 2 3 3 2 2 1 1 1 1 4 4 0 0 4 4 3 1 0 0 0 0 4 4 4 4 3 3 4 4 4 4 3 3 1 1 0 0 1 1 2 2 2 2 4 4 1 1 1 1 0 0 4 4 4 4 0 0 0 0 0 0 0 0 0 0 0 0 4 4 2 2 4 4 1 2 0 0 3 3 3 4 0 0 4 4 2 2 2 2 1 1 3 3 0 0 2 2 0 0 2 4 1 2 3 1 3 4 3 4 3 2 4 4 4 4 0 0 0 0 1 1 1 1 2 4 3 1 2 4 4 2 0 0 4 4 1 1 4 4 3 3 0 0 0 0 2 4 3 3 3 3 1 1 4 4 1 1 3 2 0 0 1 4 2 2 2 2 2 2 0 0 0 0 0 0 0 0 3 3 1 1 2 2 4 4 2 2 4 4 0 0 3 1 2 4 1 3 1 2 2 4 1 4 4 3 3 1 4 3 3 4 2 4 3 4 3 1 2 2 2 2 4 4 1 1 1 1 0 0 3 3 0 0 0 0 3 3 4 4 3 3 1 1 4 4 2 2 0 0 3 3 3 3 0 0 3 3 2 2 1 1 0 0 3 1 0 0 4 4 4 4
CAR_MUR_2017_056 0 0 0 0 0 0 0 0 0 0 0 0 0 0 0 0 3 1 2 2 0 0 4 3 4 1 3 2 0 0 4 4 0 0 0 0 0 0 0 0 0 0 0 0 0 0 0 0 0 0 0 0 4 4 0 0 0 0 0 0 2 4 2 1 3 1 0 0 0 0 0 0 0 0 0 0 0 0 0 0 3 4 3 4 4 4 0 0 0 0 0 0 0 0 0 0 0 0 0 0 2 2 1 1 3 3 0 0 0 0 0 0 0 0 0 0 0 0 0 0 0 0 0 0 2 2 3 1 2 4 4 2 0 0 0 0 1 1 0 0 0 0 0 0 0 0 0 0 0 0 3 3 1 1 4 4 0 0 0 0 0 0 1 4 0 0 0 0 0 0 3 1 0 0 0 0 0 0 0 0 0 0 0 0 0 0 0 0 0 0 0 0 0 0 2 2 1 1 1 1 2 2 1 1 4 4 3 3 4 4 3 3 2 2 3 3 3 3 2 2 0 0 1 1 1 4 1 1 0 0 0 0 0 0 0 0 0 0 0 0 3 3 1 1 4 4 0 0 0 0 0 0 0 0 0 0 0 0 0 0 0 0 0 0 0 0 0 0 4 4 0 0
CAR_MUR_2017_058 2 2 3 3 2 2 1 1 1 1 4 4 4 4 4 3 3 1 2 4 4 2 4 4 4 4 3 3 4 4 4 4 3 4 1 3 4 4 1 1 2 2 2 1 4 4 1 1 1 1 4 4 4 4 2 4 3 3 0 0 2 2 2 2 3 3 1 1 4 4 2 2 4 4 1 2 4 2 3 3 3 4 3 3 0 0 2 2 0 0 0 0 0 0 3 3 2 2 1 1 2 4 1 2 3 1 3 4 3 4 3 2 0 0 2 2 2 2 1 1 1 3 1 1 2 2 3 3 2 2 4 4 2 2 4 2 1 3 4 4 3 3 2 1 2 2 2 4 3 3 3 3 1 1 4 4 3 3 2 2 3 3 4 4 2 2 2 2 2 2 0 0 0 0 1 1 2 2 3 3 1 3 0 0 4 4 0 0 4 4 2 2 3 3 2 4 1 3 1 2 2 4 1 4 4 3 3 1 0 0 3 3 2 2 3 4 3 1 2 2 2 2 4 4 1 4 1 1 1 1 3 3 4 4 3 3 3 3 4 4 3 3 1 1 4 4 2 2 2 4 3 3 3 3 3 1 3 3 2 2 1 1 2 2 3 3 0 0 2 4 3 4
CAR_MUR_2017_059 2 2 3 3 0 0 1 1 1 1 4 4 0 0 0 0 3 1 2 2 4 4 4 4 4 4 3 3 4 4 4 4 3 4 3 3 0 0 1 1 2 2 2 2 4 4 1 1 1 1 4 4 4 4 2 4 3 3 1 1 2 2 2 2 3 3 1 1 4 4 2 2 4 4 1 2 2 2 3 3 3 3 3 4 4 4 2 2 2 2 1 1 3 4 1 3 2 2 1 1 2 4 1 2 3 1 3 4 3 4 3 2 1 4 2 4 2 2 1 1 0 0 1 1 2 2 3 3 2 2 4 4 0 0 4 4 1 1 4 4 3 3 2 1 2 2 2 2 3 3 3 3 1 1 4 4 3 1 2 2 3 3 1 4 2 2 0 0 2 2 3 3 1 3 0 0 2 2 3 3 1 3 2 3 4 4 2 2 4 4 0 0 3 3 2 4 1 3 1 2 2 4 0 0 4 3 0 0 4 4 3 3 2 2 3 4 3 1 2 2 4 2 4 4 1 1 1 1 1 1 3 3 0 0 3 3 3 3 4 4 3 3 1 1 4 4 0 0 2 2 4 3 4 3 0 0 3 3 2 2 1 1 2 2 3 1 1 1 4 4 4 4
CAR_MUR_2017_060 2 2 0 0 2 2 1 1 1 1 4 4 4 4 4 4 3 1 0 0 0 0 4 4 4 4 3 3 4 4 4 4 3 3 0 0 4 1 1 1 2 2 2 2 4 4 1 1 1 1 4 4 4 4 2 4 3 3 1 1 2 2 2 2 3 3 1 1 4 4 2 2 4 4 1 1 4 2 3 1 3 4 3 3 4 4 2 2 2 2 1 1 3 3 3 3 2 2 0 0 2 4 1 2 3 1 3 4 3 4 3 2 0 0 2 2 2 1 1 4 1 1 1 1 2 2 3 1 2 4 4 2 2 3 4 4 1 1 4 4 3 3 2 1 2 2 2 2 3 3 3 3 1 1 0 0 3 1 3 2 3 4 4 4 2 2 2 2 2 1 3 3 3 3 1 1 2 2 3 3 1 3 2 2 4 4 2 1 1 4 2 2 3 1 2 4 1 3 1 2 2 4 1 4 4 3 3 1 4 3 0 0 0 0 3 4 3 1 2 2 0 0 4 1 1 1 1 1 1 1 3 3 4 4 3 3 3 3 2 4 3 3 1 1 4 4 2 2 2 2 3 3 3 3 0 0 3 3 2 2 1 1 2 2 3 3 0 0 4 4 4 4
CAR_MUR_2017_061 2 2 3 3 2 1 1 2 1 1 4 4 4 4 4 4 3 1 2 2 4 4 4 4 4 4 3 3 4 4 4 4 3 3 1 3 4 4 1 1 2 2 2 2 4 4 1 1 1 1 4 4 4 4 4 4 3 3 1 1 2 2 2 2 3 3 1 1 4 4 2 4 4 2 1 2 2 2 3 3 3 3 3 3 4 4 2 2 2 2 1 1 3 3 3 3 2 2 1 3 2 4 1 2 3 1 3 4 3 4 3 2 4 4 2 4 0 0 0 0 1 1 1 1 2 2 3 3 2 2 4 4 2 2 4 4 1 1 4 4 3 3 2 2 2 2 2 4 3 3 3 3 1 1 4 4 3 3 3 2 3 3 1 4 2 2 2 2 2 2 3 3 1 3 0 0 2 2 3 3 1 1 2 2 4 4 2 2 4 4 2 2 3 1 2 4 1 3 1 2 2 4 1 4 4 3 3 1 4 3 0 0 0 0 3 4 3 1 2 2 2 2 4 1 1 1 1 1 1 1 3 3 0 0 3 3 3 3 4 4 3 3 1 1 4 4 2 2 2 2 3 3 3 3 3 3 3 3 2 2 1 1 2 2 3 1 0 0 0 0 0 0
CAR_MUR_2017_064 2 2 3 3 2 2 1 1 1 1 4 4 4 4 4 4 3 1 2 2 0 0 4 4 4 4 3 3 4 4 4 4 3 4 1 3 4 4 1 1 2 4 2 2 4 4 1 1 1 1 4 4 4 4 2 4 3 1 1 1 2 2 2 2 3 3 1 1 4 4 4 4 2 2 1 1 4 2 3 1 3 4 3 3 4 4 2 2 2 4 1 1 4 4 1 1 2 2 1 1 2 4 1 2 3 1 3 4 3 4 3 2 1 4 0 0 2 1 1 4 1 1 1 1 2 2 3 3 2 2 4 4 2 3 4 4 1 1 4 4 3 3 2 1 2 2 2 2 3 3 3 3 1 1 4 4 3 1 2 2 3 3 1 1 2 2 2 2 2 2 3 3 1 3 1 1 2 2 3 3 1 1 2 2 4 4 2 2 4 4 2 2 3 3 2 4 1 3 1 2 2 4 1 4 4 3 3 1 4 3 0 0 0 0 3 4 3 1 2 2 4 2 4 4 1 1 1 1 1 1 3 3 4 4 3 3 3 3 4 4 3 3 1 1 4 4 2 2 2 2 3 3 3 3 3 1 3 3 2 4 0 0 2 2 3 3 1 1 2 4 3 4
CAR_MUR_2017_065 0 0 0 0 0 0 0 0 1 1 4 4 4 4 0 0 3 1 2 2 4 4 4 4 4 4 3 3 4 1 4 4 3 3 0 0 4 1 1 1 2 2 2 2 4 4 1 1 1 1 4 4 4 4 4 4 0 0 1 1 2 2 2 2 3 3 1 1 4 4 2 2 4 4 0 0 4 2 3 3 3 3 3 3 4 4 2 2 0 0 0 0 0 0 3 3 2 2 1 3 2 4 1 2 3 1 3 4 3 4 3 2 4 4 0 0 2 2 1 1 1 1 1 1 2 2 3 3 2 2 0 0 0 0 0 0 1 1 4 4 3 3 2 2 2 2 2 2 3 3 3 3 1 1 4 4 3 1 3 2 3 3 1 4 2 2 2 2 2 2 3 1 0 0 0 0 2 2 3 3 1 3 2 3 0 0 2 2 0 0 2 2 3 1 2 4 1 3 1 2 2 4 1 4 4 3 3 1 4 3 0 0 0 0 3 4 3 1 2 2 2 2 1 1 1 1 1 1 1 1 3 3 4 4 3 3 3 3 4 4 3 3 1 1 4 4 2 2 2 2 3 3 3 3 0 0 3 4 2 2 1 1 2 4 1 1 1 1 4 4 0 0
CAR_MUR_2017_067 0 0 3 3 0 0 1 1 0 0 4 4 0 0 4 4 3 1 2 4 4 4 4 4 4 4 3 3 4 4 0 0 0 0 0 0 4 4 1 1 2 2 2 2 4 4 1 1 1 1 0 0 4 2 2 4 0 0 0 0 0 0 0 0 0 0 1 1 4 4 2 2 4 4 1 1 4 2 3 3 4 4 3 3 4 4 2 2 2 2 1 1 3 3 0 0 2 2 1 1 2 4 1 2 3 1 3 4 3 4 3 2 1 4 2 2 2 2 1 1 1 1 1 1 2 2 3 3 2 2 4 4 2 2 4 2 1 1 4 4 3 1 2 1 0 0 2 4 3 3 3 3 1 1 4 4 3 3 3 2 3 3 1 1 2 1 2 1 2 2 3 3 1 1 1 1 2 1 3 3 0 0 2 2 4 4 2 2 0 0 2 2 0 0 2 4 1 3 1 2 2 4 1 4 4 3 3 1 4 3 3 4 2 4 3 4 3 1 2 2 0 0 4 4 1 1 1 1 1 4 3 3 0 0 3 4 3 3 4 4 3 3 1 1 4 4 2 2 2 4 3 3 3 3 3 1 3 3 2 2 1 1 2 2 0 0 1 1 4 4 0 0
CAR_MUR_2017_068 2 2 3 3 2 2 1 1 1 1 4 4 4 4 4 4 3 1 2 2 4 4 4 4 4 4 3 3 4 4 4 4 3 4 3 3 4 4 0 0 2 2 2 2 4 4 1 1 1 1 4 2 4 4 2 4 3 1 0 0 0 0 2 2 3 3 1 1 4 4 2 2 4 4 1 2 4 2 3 3 3 3 3 3 4 4 0 0 2 2 1 1 3 3 0 0 2 2 1 1 2 4 1 2 3 1 3 4 3 4 3 2 4 4 4 4 0 0 0 0 1 1 1 1 2 2 3 3 2 2 4 4 2 3 4 4 1 1 4 4 3 3 0 0 2 2 2 2 3 3 3 4 1 1 4 4 0 0 2 2 3 3 1 1 2 2 2 2 0 0 3 3 1 3 0 0 2 2 0 0 1 1 2 2 4 4 0 0 4 4 2 2 3 1 2 4 1 3 1 2 2 4 1 4 4 3 3 1 4 3 3 4 2 4 3 4 3 1 2 2 2 2 4 4 1 1 1 3 1 1 3 3 0 0 0 0 3 1 4 4 3 3 1 1 4 4 2 2 2 2 3 3 3 3 0 0 3 3 2 2 1 1 2 2 3 1 1 1 4 4 4 4
CAR_MUR_2017_070 2 2 0 0 2 1 1 1 1 1 4 4 4 4 4 4 3 1 4 4 0 0 4 4 4 4 3 3 4 4 4 4 3 4 1 3 4 1 1 3 2 2 2 2 4 4 1 1 1 1 0 0 4 4 4 4 3 3 1 1 2 2 2 2 3 3 1 1 4 4 2 4 4 2 1 1 4 2 3 3 3 4 3 3 4 4 2 2 0 0 0 0 0 0 0 0 2 2 1 1 2 2 1 1 3 3 0 0 0 0 0 0 4 4 2 4 2 1 1 4 1 1 1 1 2 2 3 3 2 2 4 4 2 2 4 4 1 1 4 4 3 3 0 0 2 2 2 2 3 3 3 3 1 1 4 4 3 1 2 2 3 3 1 4 0 0 0 0 2 2 3 3 1 3 1 1 2 2 3 3 1 1 2 2 4 4 2 2 4 4 0 0 1 1 2 4 1 3 1 2 2 4 1 4 4 3 3 1 4 3 3 4 2 4 3 4 3 1 2 2 2 2 4 4 1 1 1 1 1 1 3 3 4 4 3 4 3 3 4 4 3 3 1 1 4 4 2 2 2 4 4 3 4 3 0 0 3 3 2 2 1 1 2 2 3 1 0 0 4 4 4 4
CAR_MUR_2017_071 0 0 3 3 2 1 1 2 1 1 4 2 4 4 4 4 3 1 2 2 4 4 4 4 4 4 3 3 4 4 0 0 0 0 0 0 0 0 0 0 2 2 2 2 4 4 1 1 1 1 0 0 4 4 0 0 0 0 0 0 2 2 2 2 3 3 1 1 4 2 2 2 4 4 2 2 2 2 3 3 3 3 3 3 4 4 2 2 2 2 1 3 3 4 1 3 2 2 0 0 2 4 1 2 3 1 3 4 3 4 3 2 0 0 2 4 2 2 1 1 0 0 1 1 2 2 3 3 2 2 4 4 2 2 4 2 0 0 0 0 3 3 1 1 2 2 2 2 3 3 3 3 0 0 0 0 3 3 3 3 0 0 1 1 2 2 2 2 2 2 3 1 1 3 1 3 2 2 3 3 1 1 0 0 0 0 0 0 4 4 2 2 3 1 2 4 1 3 0 0 0 0 0 0 0 0 0 0 0 0 0 0 0 0 0 0 0 0 2 2 2 2 0 0 1 4 1 3 1 1 3 3 4 2 0 0 3 3 4 4 3 3 1 1 4 4 0 0 0 0 3 3 3 3 0 0 3 3 2 2 0 0 0 0 3 1 0 0 4 4 0 0


0 0
0 0




0 0
0 0
0
0
0
0
0
0
