colony_input
colony_input
21
65
748830
1
2
1
0
0 0
0
1
0
0
1
2
0
10000
0
2
2
MK@
0@
0.01 0.01 0.01 0.01 0.01 0.01 0.01 0.01 0.01 0.01 0.01 0.01 0.01 0.01 0.01 0.01 0.01 0.01 0.01 0.01 0.01 0.01 0.01 0.01 0.01 0.01 0.01 0.01 0.01 0.01 0.01 0.01 0.01 0.01 0.01 0.01 0.01 0.01 0.01 0.01 0.01 0.01 0.01 0.01 0.01 0.01 0.01 0.01 0.01 0.01 0.01 0.01 0.01 0.01 0.01 0.01 0.01 0.01 0.01 0.01 0.01 0.01 0.01 0.01 0.01
0.01 0.01 0.01 0.01 0.01 0.01 0.01 0.01 0.01 0.01 0.01 0.01 0.01 0.01 0.01 0.01 0.01 0.01 0.01 0.01 0.01 0.01 0.01 0.01 0.01 0.01 0.01 0.01 0.01 0.01 0.01 0.01 0.01 0.01 0.01 0.01 0.01 0.01 0.01 0.01 0.01 0.01 0.01 0.01 0.01 0.01 0.01 0.01 0.01 0.01 0.01 0.01 0.01 0.01 0.01 0.01 0.01 0.01 0.01 0.01 0.01 0.01 0.01 0.01 0.01
REE_CRA_2009_134 3 3 4 4 0 0 3 1 4 4 4 4 3 3 2 2 4 4 2 2 2 2 1 1 0 0 3 3 3 3 0 0 2 2 4 4 4 4 1 3 2 4 1 2 3 1 3 4 3 4 3 2 0 0 3 3 1 1 2 2 1 3 4 4 2 1 1 3 3 4 1 1 1 4 0 0 2 2 2 2 3 3 3 3 3 3 2 2 0 0 2 4 1 3 1 2 1 4 4 3 3 1 4 3 3 4 2 4 3 4 3 1 1 1 3 3 2 2 2 2 0 0 0 0 3 3 4 4 1 4
REE_CRA_2009_135 3 3 4 4 2 4 3 1 4 3 4 1 3 2 2 2 4 4 2 2 2 2 1 1 4 4 3 3 3 3 4 4 2 2 4 4 4 4 3 3 2 4 1 2 3 1 3 4 3 4 3 2 4 4 3 3 1 1 2 2 1 1 4 4 2 1 1 1 3 3 1 1 4 4 4 4 2 2 2 2 3 3 3 3 3 3 2 2 1 1 2 2 1 1 1 1 1 1 4 4 3 3 4 4 3 3 2 2 3 3 3 3 1 1 3 2 2 2 2 2 3 3 3 1 3 3 4 4 1 1
REE_CRA_2009_136 0 0 4 4 2 4 3 1 0 0 4 4 3 3 0 0 0 0 0 0 2 2 1 1 4 4 3 3 3 1 4 4 2 2 4 4 4 4 0 0 2 4 1 2 3 1 3 4 3 4 3 2 4 4 3 3 1 1 0 0 1 1 4 4 2 1 1 1 3 3 1 1 4 4 4 4 2 2 2 2 3 3 3 3 3 3 2 2 1 1 2 2 1 1 1 1 1 1 4 4 3 3 4 4 3 3 2 2 3 3 3 3 1 1 3 3 2 2 2 2 3 3 3 1 3 4 4 4 1 1
REE_CRA_2009_137 3 3 4 4 2 2 3 1 4 4 4 4 3 3 2 2 0 0 0 0 2 2 1 1 4 4 3 3 3 3 4 4 2 2 4 4 4 4 0 0 2 4 1 2 3 1 3 4 0 0 0 0 4 4 3 3 1 1 0 0 1 1 4 4 2 2 1 1 3 3 1 1 4 4 4 4 0 0 2 1 3 3 3 3 3 3 2 2 1 1 2 2 1 1 1 1 1 1 4 4 3 3 4 4 3 3 2 2 3 3 3 3 1 3 2 2 2 2 2 2 0 0 3 1 3 3 4 4 1 1
REE_CRA_2009_138 3 3 4 4 2 2 3 1 4 3 4 1 3 2 2 2 4 4 2 2 2 2 1 1 4 4 3 3 3 3 4 4 2 2 4 4 4 4 3 3 2 4 1 2 3 1 3 4 3 4 3 2 4 4 3 3 1 1 0 0 1 1 4 4 2 2 1 1 3 3 1 1 4 4 4 4 2 2 2 2 3 3 3 3 3 3 2 2 1 1 2 2 1 1 1 1 1 1 4 4 3 3 4 4 3 3 2 2 3 3 3 3 1 1 3 2 2 2 2 2 3 1 3 1 3 3 4 4 1 1
REE_CRA_2009_139 3 3 4 4 2 2 3 1 4 3 4 1 3 2 2 2 4 2 2 4 2 2 1 3 4 4 3 3 3 3 4 4 2 2 4 4 4 4 0 0 2 4 1 2 3 1 3 4 3 4 3 2 0 0 3 1 1 3 2 2 1 1 4 4 2 1 1 1 3 3 1 1 1 4 4 1 2 2 2 2 3 3 3 1 3 3 2 2 1 1 2 2 1 1 1 1 1 1 4 4 3 3 4 4 3 3 2 2 3 3 3 3 1 1 3 3 2 2 2 2 0 0 3 1 3 3 4 2 1 4
REE_CRA_2009_141 3 3 4 4 2 2 3 1 4 3 4 1 3 2 2 2 4 4 2 2 2 2 1 1 4 4 3 3 3 3 4 4 2 2 4 4 4 4 3 3 2 4 1 2 3 1 3 4 3 4 3 2 4 4 3 3 1 1 2 2 1 1 4 4 0 0 1 1 3 3 1 1 4 4 4 4 2 2 2 2 3 3 3 3 3 3 2 2 1 1 2 2 1 1 1 1 1 1 4 4 3 3 4 4 3 3 2 2 3 3 3 3 1 1 0 0 2 2 2 2 3 3 3 1 3 3 4 4 1 1
REE_CRA_2009_142 0 0 4 4 0 0 3 1 4 3 4 1 3 2 2 2 4 4 2 2 2 2 1 3 4 4 0 0 3 3 0 0 2 2 0 0 0 0 0 0 2 4 1 2 3 1 3 4 0 0 0 0 4 4 3 3 1 1 0 0 0 0 4 4 2 1 0 0 0 0 0 0 0 0 4 4 0 0 0 0 0 0 0 0 0 0 0 0 0 0 2 2 1 1 1 1 1 1 4 4 3 3 4 4 3 3 2 2 0 0 0 0 0 0 3 2 2 4 2 2 3 3 0 0 0 0 0 0 0 0
REE_CRA_2009_143 0 0 4 4 2 2 3 1 4 3 4 1 3 2 2 2 4 4 2 2 2 2 1 1 4 4 3 3 3 3 4 4 2 2 4 4 4 4 3 3 2 4 1 2 3 1 3 4 3 4 3 2 4 4 3 3 1 1 0 0 1 1 4 4 2 2 1 1 3 3 1 1 1 4 4 4 2 2 2 2 3 3 3 3 3 3 2 2 1 1 2 2 1 1 1 1 1 1 4 4 3 3 4 4 3 3 2 2 3 3 3 3 1 1 3 3 2 2 2 2 3 3 3 1 3 3 4 4 1 1
REE_CRA_2009_144 3 3 4 4 2 2 3 1 4 3 4 1 3 2 2 2 0 0 2 2 2 1 1 1 4 4 0 0 3 3 4 4 2 2 4 4 2 4 3 3 2 4 1 2 3 1 3 4 3 4 3 2 4 4 3 3 1 1 2 3 1 1 0 0 2 2 1 1 3 3 1 1 1 4 4 4 2 2 2 2 3 3 3 3 0 0 0 0 1 4 2 2 1 1 1 1 1 1 4 4 3 3 4 4 3 3 2 2 3 3 3 3 1 1 3 3 2 2 0 0 3 3 3 3 3 3 4 4 0 0
REE_CRA_2009_145 3 3 4 4 2 4 3 1 4 3 4 1 3 2 2 2 4 4 2 2 2 2 1 1 4 4 3 3 3 3 4 4 2 2 4 4 4 4 3 3 2 4 1 2 3 1 3 4 3 4 3 2 4 4 3 3 1 1 2 2 1 1 4 4 2 1 1 1 3 3 1 1 1 4 4 4 2 2 2 2 3 3 3 3 3 3 2 2 1 1 2 2 1 1 1 1 1 1 4 4 3 3 4 4 3 3 2 2 3 3 3 3 1 1 3 3 2 2 0 0 3 3 3 1 3 3 4 4 1 1
REE_CRA_2009_146 3 1 4 4 2 2 3 1 4 3 4 1 3 2 2 2 4 4 2 2 2 2 1 1 4 4 3 3 3 3 4 4 2 2 4 4 4 4 3 3 2 4 1 2 3 1 3 4 3 4 3 2 4 4 3 3 1 1 2 2 1 1 4 4 2 1 1 1 3 3 1 1 1 4 4 4 2 2 2 2 3 3 3 3 3 1 2 2 1 1 2 2 1 1 1 1 1 1 4 4 3 3 4 4 3 3 2 2 3 3 3 3 1 1 3 2 2 2 2 2 3 3 3 1 3 3 4 4 0 0
REE_CRA_2009_147 3 3 4 4 0 0 3 1 0 0 0 0 0 0 2 4 0 0 0 0 0 0 1 1 4 2 0 0 0 0 4 4 2 2 0 0 4 4 0 0 2 2 1 1 3 3 3 3 3 3 3 3 0 0 0 0 0 0 0 0 1 1 0 0 0 0 0 0 3 3 0 0 0 0 0 0 0 0 0 0 0 0 0 0 0 0 2 1 1 1 2 2 1 1 1 1 1 1 4 4 3 3 4 4 3 3 2 2 3 3 3 3 0 0 3 2 2 2 0 0 0 0 3 1 3 3 0 0 0 0
REE_CRA_2009_148 3 3 4 4 2 2 3 1 4 3 4 1 3 2 2 2 4 4 2 2 2 2 1 1 4 4 3 1 3 3 4 4 2 2 4 4 2 4 3 3 2 4 1 2 3 1 3 4 3 4 3 2 4 4 3 3 1 1 2 3 1 1 4 4 2 1 1 1 3 3 1 4 1 4 4 4 2 2 2 2 3 3 3 3 3 3 0 0 1 1 2 2 1 1 1 1 1 1 4 4 3 3 4 4 3 3 2 2 3 3 3 3 1 1 3 3 2 4 0 0 3 3 3 1 3 3 4 4 1 1
REE_CRA_2009_149 3 3 4 4 2 2 3 1 4 3 4 1 3 2 2 2 4 4 2 2 2 2 1 1 4 4 3 3 3 3 4 4 2 2 4 4 4 4 3 3 2 4 1 2 3 1 3 4 3 4 3 2 4 4 3 3 1 1 2 2 1 1 4 4 2 1 1 1 3 3 1 1 4 4 4 4 2 2 2 2 3 3 3 3 3 3 2 2 1 1 2 2 1 1 1 1 1 1 4 4 3 3 4 4 3 3 2 2 3 3 3 3 1 1 3 3 2 2 2 2 3 3 3 1 3 3 4 4 1 1
REE_CRA_2009_150 0 0 4 2 2 2 3 1 4 3 4 1 3 2 0 0 4 4 2 2 0 0 0 0 4 4 3 3 3 3 3 4 0 0 4 3 2 4 3 3 2 4 1 2 3 1 3 4 3 4 3 2 1 4 0 0 1 1 2 2 1 1 0 0 1 1 1 1 3 3 0 0 0 0 4 4 0 0 0 0 1 3 3 3 0 0 2 2 1 1 2 2 1 1 1 1 1 1 4 4 3 3 4 4 3 3 2 2 3 3 3 3 1 1 3 3 2 2 2 4 0 0 0 0 0 0 4 4 1 1
REE_CRA_2009_151 0 0 4 4 2 2 3 1 4 3 4 1 3 2 2 2 4 4 2 2 2 2 1 1 4 4 3 3 3 3 4 4 2 2 4 4 4 4 3 3 2 4 1 2 3 1 3 4 3 4 3 2 0 0 3 3 1 1 2 3 1 1 4 4 1 1 1 1 3 3 1 1 4 4 4 4 2 2 2 2 3 3 3 3 3 3 2 2 1 1 2 2 1 1 1 1 1 1 4 4 3 3 4 4 3 3 2 2 3 3 3 3 1 1 3 3 2 2 0 0 3 3 3 1 3 3 4 4 1 1
REE_CRA_2009_152 3 3 4 4 2 2 3 1 4 3 4 1 3 2 2 2 4 4 2 2 2 2 1 1 4 4 3 3 3 3 4 4 2 3 4 4 4 4 3 3 2 4 1 2 3 1 3 4 3 4 3 2 4 4 3 3 1 1 0 0 1 1 4 4 2 1 1 1 3 3 1 1 4 4 0 0 2 1 2 1 3 3 3 3 3 3 2 2 1 1 2 2 1 1 1 1 1 1 4 4 3 3 4 4 3 3 2 2 3 3 3 3 1 1 3 3 2 2 2 4 3 3 3 1 3 3 4 4 1 1
REE_CRA_2009_153 3 3 4 4 2 2 3 1 4 3 4 1 3 2 2 2 4 4 2 2 2 2 1 1 4 4 3 3 3 3 4 4 2 2 4 4 4 4 1 3 2 4 1 2 3 1 3 4 3 4 3 2 4 4 3 3 1 1 2 2 1 1 4 1 2 1 1 1 3 3 1 1 1 4 4 4 2 2 2 2 3 3 3 3 3 3 2 2 1 1 2 2 1 1 1 1 1 1 4 4 3 3 4 4 3 3 2 2 3 3 3 3 1 1 3 2 2 2 2 2 3 3 3 1 3 3 4 4 1 1
REE_CRA_2009_154 0 0 4 4 2 2 3 1 4 3 4 1 3 2 2 2 4 4 2 2 2 2 1 1 4 4 3 3 3 3 0 0 2 2 0 0 4 4 0 0 0 0 1 1 3 3 0 0 0 0 0 0 4 4 3 3 1 1 0 0 1 1 4 4 1 1 1 1 3 3 1 1 4 4 0 0 2 2 2 2 0 0 3 3 0 0 2 1 1 1 2 2 1 1 1 1 1 1 4 4 3 3 4 4 3 3 2 2 3 3 3 3 1 1 0 0 2 2 2 2 3 3 0 0 3 3 4 4 1 1
REE_CRA_2009_155 3 3 4 4 2 2 3 1 4 3 4 1 3 2 2 2 4 4 2 2 2 2 1 1 4 4 3 3 3 3 4 4 2 2 4 4 4 4 3 3 2 4 1 2 3 1 3 4 3 4 3 2 4 4 3 3 1 1 2 2 1 1 4 4 1 1 1 1 3 3 1 1 4 4 4 4 2 2 2 2 3 3 3 3 3 3 2 2 1 1 2 2 1 1 1 1 1 1 4 4 3 3 4 4 3 3 2 2 3 3 3 3 1 1 3 3 2 2 0 0 3 3 3 1 3 3 4 4 1 1


0 0
0 0




0 0
0 0
0
0
0
0
0
0
