colony_input
colony_input
15
136
471890
1
2
1
0
0 0
0
1
0
0
1
2
0
10000
0
2
2
MK@
0@
0.01 0.01 0.01 0.01 0.01 0.01 0.01 0.01 0.01 0.01 0.01 0.01 0.01 0.01 0.01 0.01 0.01 0.01 0.01 0.01 0.01 0.01 0.01 0.01 0.01 0.01 0.01 0.01 0.01 0.01 0.01 0.01 0.01 0.01 0.01 0.01 0.01 0.01 0.01 0.01 0.01 0.01 0.01 0.01 0.01 0.01 0.01 0.01 0.01 0.01 0.01 0.01 0.01 0.01 0.01 0.01 0.01 0.01 0.01 0.01 0.01 0.01 0.01 0.01 0.01 0.01 0.01 0.01 0.01 0.01 0.01 0.01 0.01 0.01 0.01 0.01 0.01 0.01 0.01 0.01 0.01 0.01 0.01 0.01 0.01 0.01 0.01 0.01 0.01 0.01 0.01 0.01 0.01 0.01 0.01 0.01 0.01 0.01 0.01 0.01 0.01 0.01 0.01 0.01 0.01 0.01 0.01 0.01 0.01 0.01 0.01 0.01 0.01 0.01 0.01 0.01 0.01 0.01 0.01 0.01 0.01 0.01 0.01 0.01 0.01 0.01 0.01 0.01 0.01 0.01 0.01 0.01 0.01 0.01 0.01 0.01
0.01 0.01 0.01 0.01 0.01 0.01 0.01 0.01 0.01 0.01 0.01 0.01 0.01 0.01 0.01 0.01 0.01 0.01 0.01 0.01 0.01 0.01 0.01 0.01 0.01 0.01 0.01 0.01 0.01 0.01 0.01 0.01 0.01 0.01 0.01 0.01 0.01 0.01 0.01 0.01 0.01 0.01 0.01 0.01 0.01 0.01 0.01 0.01 0.01 0.01 0.01 0.01 0.01 0.01 0.01 0.01 0.01 0.01 0.01 0.01 0.01 0.01 0.01 0.01 0.01 0.01 0.01 0.01 0.01 0.01 0.01 0.01 0.01 0.01 0.01 0.01 0.01 0.01 0.01 0.01 0.01 0.01 0.01 0.01 0.01 0.01 0.01 0.01 0.01 0.01 0.01 0.01 0.01 0.01 0.01 0.01 0.01 0.01 0.01 0.01 0.01 0.01 0.01 0.01 0.01 0.01 0.01 0.01 0.01 0.01 0.01 0.01 0.01 0.01 0.01 0.01 0.01 0.01 0.01 0.01 0.01 0.01 0.01 0.01 0.01 0.01 0.01 0.01 0.01 0.01 0.01 0.01 0.01 0.01 0.01 0.01
SFH_2BO_2016_002 2 2 1 1 4 2 0 0 4 4 0 0 0 0 3 3 1 1 4 2 1 1 4 4 4 4 3 3 2 2 4 4 3 3 4 4 2 2 2 1 3 3 2 4 3 3 2 2 2 2 2 2 2 2 1 1 2 2 1 1 4 4 1 1 1 1 2 2 4 4 4 4 1 1 1 1 3 4 3 3 3 3 0 0 4 4 0 0 3 3 3 3 4 4 1 1 2 4 1 2 3 1 3 4 3 4 3 2 1 4 0 0 2 4 2 2 2 2 1 3 4 4 3 1 2 4 4 2 2 2 4 4 4 1 2 1 2 2 4 4 3 3 1 1 4 4 4 4 1 1 2 2 3 3 3 3 0 0 4 4 0 0 3 3 0 0 2 2 1 1 1 4 2 2 2 2 4 4 2 1 2 1 2 2 3 3 1 3 1 1 3 1 0 0 2 2 3 3 1 1 4 4 2 3 1 1 1 1 3 3 0 0 1 1 2 4 1 3 1 2 2 4 0 0 4 3 3 1 4 3 0 0 0 0 3 4 3 1 4 4 4 4 1 1 1 1 0 0 3 3 0 0 4 3 4 3 3 1 2 2 4 4 3 3 3 3 1 1 2 2 0 0
SFH_2BO_2016_003 0 0 0 0 4 4 4 4 0 0 0 0 0 0 3 1 0 0 0 0 1 4 4 3 4 1 3 2 2 1 2 4 1 3 4 4 2 2 2 2 0 0 2 2 3 3 0 0 2 2 2 2 2 2 3 1 2 2 1 1 0 0 0 0 0 0 0 0 0 0 0 0 0 0 0 0 3 3 0 0 3 3 2 2 4 4 0 0 3 1 0 0 4 2 0 0 0 0 0 0 0 0 0 0 0 0 0 0 1 4 0 0 2 2 0 0 2 1 1 1 2 2 3 1 2 4 4 2 2 2 4 4 0 0 0 0 0 0 4 4 3 3 1 1 4 4 4 4 0 0 0 0 3 3 0 0 0 0 0 0 3 3 3 3 1 3 2 1 1 4 1 4 2 2 2 2 4 4 0 0 0 0 0 0 3 1 1 3 0 0 0 0 0 0 0 0 0 0 0 0 4 4 0 0 1 1 0 0 0 0 0 0 1 1 2 2 1 1 1 1 2 2 1 1 4 4 3 3 4 4 3 3 2 2 0 0 0 0 2 2 0 0 1 1 1 1 0 0 0 0 2 2 0 0 0 0 3 1 1 2 2 4 0 0 3 1 1 1 2 4 0 0
SFH_2BO_2016_004 0 0 0 0 4 4 0 0 0 0 1 4 0 0 0 0 1 1 0 0 1 1 0 0 0 0 0 0 0 0 0 0 0 0 4 4 0 0 2 2 3 1 0 0 3 3 2 2 0 0 0 0 2 4 3 3 0 0 0 0 4 4 1 1 1 1 0 0 0 0 4 4 1 1 1 1 0 0 3 3 3 3 2 3 0 0 0 0 3 3 3 4 4 4 1 3 2 4 1 2 3 1 3 4 3 4 3 2 0 0 0 0 0 0 0 0 2 2 0 0 0 0 3 1 2 4 4 2 2 2 4 4 0 0 0 0 0 0 0 0 0 0 0 0 0 0 0 0 0 0 0 0 0 0 0 0 0 0 0 0 0 0 3 3 0 0 2 2 1 1 0 0 2 2 0 0 0 0 0 0 0 0 0 0 0 0 0 0 0 0 0 0 0 0 0 0 0 0 1 3 4 2 0 0 1 4 1 1 3 3 0 0 1 1 0 0 0 0 0 0 0 0 0 0 0 0 0 0 0 0 0 0 0 0 0 0 0 0 0 0 0 0 0 0 0 0 3 4 0 0 2 2 4 3 4 3 0 0 0 0 0 0 3 3 0 0 1 1 0 0 0 0
SFH_2BO_2016_005 2 2 1 1 4 4 4 1 0 0 1 1 4 3 3 1 1 1 2 2 1 1 4 4 4 4 3 3 2 2 4 4 3 3 4 3 2 2 2 2 3 1 2 2 3 3 2 2 2 4 2 2 2 2 3 3 2 4 1 1 4 4 1 1 1 1 2 2 4 4 4 2 1 3 1 1 3 3 3 1 3 3 2 2 4 4 1 3 3 3 3 3 4 2 1 1 2 4 1 2 3 1 3 4 3 4 3 2 1 1 1 1 2 2 0 0 2 2 1 1 2 2 3 1 2 4 4 2 0 0 4 4 4 1 0 0 2 3 4 3 3 4 1 3 4 3 4 2 0 0 0 0 3 3 3 4 1 1 4 4 3 3 3 2 1 1 2 2 1 1 1 1 2 2 2 2 0 0 2 2 2 2 2 2 3 3 0 0 3 3 0 0 2 2 2 2 3 3 1 3 4 4 2 2 0 0 1 1 3 3 3 3 1 1 0 0 0 0 1 1 2 2 1 1 4 4 3 3 4 4 3 3 2 2 3 3 3 3 2 2 1 1 1 1 1 1 4 4 3 3 2 2 4 4 4 4 3 1 1 2 2 4 3 3 3 3 1 1 2 4 3 4
SFH_2BO_2016_006 0 0 1 1 4 4 4 4 0 0 1 1 0 0 3 1 1 1 0 0 0 0 0 0 0 0 0 0 0 0 0 0 0 0 0 0 0 0 2 2 0 0 0 0 0 0 0 0 0 0 2 4 0 0 0 0 0 0 1 1 0 0 0 0 0 0 0 0 0 0 0 0 0 0 0 0 0 0 0 0 0 0 0 0 4 3 0 0 0 0 0 0 0 0 0 0 0 0 0 0 0 0 0 0 0 0 0 0 0 0 0 0 0 0 0 0 0 0 1 3 0 0 1 1 4 4 0 0 0 0 0 0 0 0 0 0 0 0 0 0 0 0 0 0 0 0 0 0 0 0 2 1 3 2 3 4 0 0 0 0 0 0 0 0 0 0 2 2 0 0 0 0 0 0 2 2 4 4 0 0 0 0 0 0 3 1 0 0 3 3 0 0 0 0 0 0 0 0 0 0 0 0 0 0 0 0 0 0 0 0 0 0 0 0 2 4 1 3 1 2 2 4 1 4 4 3 3 1 4 3 3 4 2 4 3 4 3 1 2 2 0 0 0 0 1 1 4 4 0 0 0 0 4 4 4 4 0 0 2 2 2 4 3 3 0 0 1 1 0 0 0 0
SFH_2BO_2016_007 0 0 0 0 4 4 0 0 4 3 1 1 4 4 3 3 1 1 0 0 0 0 0 0 0 0 0 0 0 0 0 0 0 0 4 3 2 2 0 0 0 0 2 2 0 0 0 0 2 2 2 2 2 4 3 3 0 0 0 0 0 0 0 0 0 0 0 0 0 0 0 0 0 0 1 1 0 0 0 0 3 3 0 0 0 0 0 0 3 3 0 0 0 0 0 0 0 0 0 0 0 0 0 0 0 0 0 0 0 0 0 0 0 0 0 0 2 2 1 3 0 0 3 1 2 4 4 2 0 0 4 2 4 1 0 0 0 0 4 4 3 3 1 1 4 4 4 4 0 0 2 2 3 3 4 4 1 1 4 4 0 0 0 0 1 1 2 2 0 0 0 0 0 0 0 0 0 0 2 2 2 2 2 2 3 1 0 0 0 0 0 0 2 4 2 1 3 3 1 1 4 4 0 0 1 4 1 1 3 3 3 3 1 1 2 4 1 3 1 2 2 4 1 4 4 3 3 1 4 3 3 4 2 4 3 4 3 1 4 2 0 0 1 1 1 4 0 0 3 3 2 4 4 4 4 4 3 1 0 0 0 0 0 0 3 3 1 1 4 4 0 0
SFH_2BO_2016_008 2 1 1 2 4 4 0 0 4 4 0 0 4 3 3 1 1 1 0 0 1 1 0 0 0 0 0 0 2 2 4 4 3 3 4 4 2 2 2 2 3 1 2 2 3 3 0 0 2 2 2 2 2 2 3 3 2 2 0 0 0 0 0 0 1 1 0 0 4 4 4 2 1 3 0 0 0 0 3 3 3 3 2 2 4 4 1 1 3 3 3 3 2 2 1 1 2 4 1 2 3 1 3 4 3 4 3 2 1 1 1 1 0 0 0 0 2 2 0 0 0 0 3 3 2 2 4 4 2 2 4 4 4 1 0 0 2 3 4 3 3 4 1 3 4 3 4 2 1 1 2 2 3 3 3 4 1 1 4 4 3 1 3 3 0 0 0 0 0 0 1 1 2 2 2 2 4 4 2 2 2 2 2 2 3 3 0 0 3 3 0 0 0 0 0 0 3 3 1 3 4 4 0 0 0 0 1 1 3 3 0 0 0 0 2 4 1 3 1 2 2 4 1 4 4 3 3 1 4 3 3 4 2 4 3 4 3 1 4 2 4 1 1 3 0 0 0 0 3 3 2 2 4 4 4 4 0 0 0 0 2 4 3 3 3 3 0 0 2 4 3 4
SFH_2BO_2016_009 2 2 1 1 4 4 4 1 0 0 1 1 4 3 3 1 1 1 2 2 1 1 4 4 4 4 3 3 2 2 4 4 3 3 4 4 2 2 2 2 3 3 2 2 3 3 2 4 2 2 2 2 2 2 3 3 2 2 1 1 0 0 0 0 0 0 2 2 4 4 2 2 3 3 1 1 3 3 3 3 3 3 2 2 4 4 1 3 3 3 3 3 4 4 1 1 2 4 1 2 3 1 3 4 3 4 3 2 1 4 0 0 2 2 2 2 2 2 3 3 2 2 0 0 0 0 0 0 2 2 0 0 4 4 1 1 2 2 4 4 3 3 1 1 4 4 4 4 1 1 2 2 3 3 3 4 1 1 4 4 3 3 3 2 1 1 2 2 1 1 1 1 2 2 2 2 4 4 2 2 0 0 2 2 3 3 3 3 3 3 3 3 0 0 0 0 3 3 3 3 4 4 2 2 1 4 1 1 3 3 3 1 1 1 2 4 1 3 1 2 2 4 1 4 4 3 3 1 4 3 0 0 0 0 3 4 3 1 0 0 4 4 1 1 1 1 3 4 3 3 2 2 4 4 4 4 3 1 2 2 2 4 3 3 3 3 1 1 2 2 0 0
SFH_2BO_2016_010 2 2 1 1 4 4 0 0 0 0 0 0 0 0 3 1 1 1 2 2 0 0 4 4 4 4 3 3 2 2 4 4 3 3 4 4 2 2 0 0 3 3 2 2 3 3 0 0 2 2 2 2 2 2 3 1 0 0 1 1 0 0 0 0 0 0 0 0 0 0 0 0 0 0 0 0 3 3 3 3 3 4 2 2 4 4 1 1 0 0 0 0 0 0 1 1 2 4 1 2 3 1 3 4 0 0 3 2 0 0 0 0 0 0 2 1 2 2 3 3 2 2 3 3 2 2 4 4 2 2 4 4 0 0 0 0 0 0 4 4 3 3 1 1 4 4 4 4 0 0 2 2 3 3 4 4 0 0 0 0 3 3 3 3 1 1 2 2 1 1 0 0 2 4 0 0 0 0 2 2 2 2 2 2 3 3 1 3 3 3 3 3 2 2 2 2 3 3 0 0 4 4 2 2 1 4 0 0 0 0 0 0 1 1 2 4 1 3 1 2 2 4 1 4 4 3 3 1 4 3 3 4 2 4 3 4 3 1 0 0 4 4 1 1 1 1 3 4 3 3 2 2 0 0 0 0 0 0 2 2 0 0 3 3 0 0 0 0 2 2 0 0
SFH_2BO_2016_011 2 2 1 1 4 4 4 4 4 4 1 1 4 4 3 1 1 1 4 2 1 1 4 4 4 4 3 3 2 2 2 4 1 3 4 4 2 2 2 2 3 3 2 2 3 3 2 2 2 2 2 2 2 2 3 1 2 2 1 1 2 4 2 1 3 1 2 2 4 4 4 4 1 3 1 1 3 3 3 1 3 3 0 0 4 4 1 1 3 3 3 3 4 2 1 1 2 4 1 2 3 1 3 4 3 4 3 2 1 1 1 1 2 2 2 2 2 2 1 3 2 2 3 3 2 2 4 4 2 2 4 4 4 1 2 1 0 0 4 4 3 3 1 1 4 4 4 4 1 1 2 2 3 3 3 3 1 1 4 4 3 3 3 2 1 1 2 2 1 1 1 1 2 2 2 2 4 4 2 2 2 2 2 2 3 3 3 3 3 3 3 1 2 2 2 2 3 3 1 3 4 4 2 2 1 1 1 1 0 0 3 3 1 1 2 4 1 3 1 2 2 4 1 4 4 3 3 1 4 4 0 0 0 0 3 4 3 1 4 2 4 4 1 1 1 1 4 4 3 3 2 2 4 4 4 4 3 1 2 2 2 4 3 3 3 3 1 1 2 2 3 3
SFH_2BO_2016_012 2 2 1 1 0 0 4 4 4 4 1 1 4 4 3 1 1 1 4 2 1 1 4 4 4 4 3 3 2 2 2 4 1 3 4 4 2 2 2 2 3 3 2 2 3 3 2 2 2 2 2 2 2 2 3 1 2 2 1 1 4 4 1 1 1 1 2 2 4 4 4 4 1 1 1 2 3 3 3 1 3 3 2 2 4 4 1 1 3 3 3 3 4 2 1 1 2 4 1 2 3 1 3 4 0 0 0 0 1 1 1 1 2 2 2 2 2 2 3 3 2 2 3 3 2 2 4 4 0 0 4 4 4 1 2 1 2 2 4 4 3 3 1 1 4 4 4 4 1 1 2 2 3 3 3 4 1 1 4 4 3 3 3 3 1 1 2 2 1 1 1 1 2 2 2 2 4 4 0 0 2 1 2 2 3 3 3 3 3 3 3 3 2 2 2 2 3 3 3 3 4 4 2 2 1 1 1 1 0 0 3 3 1 1 2 4 1 3 1 2 2 4 1 4 4 3 3 1 4 3 3 4 2 4 3 4 3 1 4 2 4 4 1 1 1 1 4 4 3 1 2 2 4 4 4 4 3 1 2 2 4 4 3 3 3 3 1 1 2 2 3 3
SFH_2BO_2016_013 0 0 0 0 4 4 0 0 4 4 0 0 4 3 3 1 1 1 4 2 0 0 4 4 4 4 3 3 2 2 2 4 1 3 4 4 2 2 2 2 3 3 2 2 3 3 2 2 2 2 2 2 2 4 0 0 2 2 1 1 2 4 2 1 3 1 2 3 4 4 4 2 1 3 0 0 3 3 3 3 0 0 2 2 0 0 1 1 3 3 3 3 2 2 1 1 2 4 1 2 3 1 3 4 3 4 3 2 1 4 1 4 0 0 0 0 2 2 0 0 2 2 3 1 0 0 4 2 0 0 0 0 4 4 2 1 2 2 4 4 3 3 1 1 4 4 4 4 0 0 2 2 3 3 4 4 1 1 4 4 0 0 3 3 1 1 2 2 1 1 1 1 2 2 2 1 4 4 2 2 2 2 2 2 3 3 0 0 3 3 3 3 2 2 2 2 3 1 1 3 0 0 2 2 1 4 1 1 3 3 3 3 1 1 2 4 1 3 1 2 2 4 1 4 4 3 3 1 4 3 0 0 0 0 3 4 3 1 4 2 4 4 1 1 1 1 3 4 3 3 2 2 4 4 4 4 3 1 2 2 2 4 3 3 3 3 1 1 2 2 3 3
SFH_2BO_2016_014 2 2 1 1 4 4 4 4 4 4 1 1 4 4 3 1 1 1 4 2 1 1 4 4 4 4 3 3 2 2 4 4 3 3 4 4 2 2 2 2 3 3 2 2 3 1 2 2 2 2 2 2 2 2 3 3 2 2 1 3 4 4 1 1 1 1 2 2 4 4 4 4 1 1 1 1 3 3 3 1 3 3 2 2 4 4 1 1 3 3 3 3 4 2 1 1 2 2 1 1 3 3 0 0 0 0 0 0 1 1 1 1 2 2 2 2 2 2 1 3 2 2 1 1 4 4 2 2 0 0 4 4 4 4 2 2 2 2 4 4 3 3 1 1 4 4 4 4 1 3 2 2 3 3 3 4 1 1 4 4 3 3 3 3 1 1 2 2 1 1 1 4 2 2 2 2 4 4 2 2 2 2 2 2 3 3 1 3 3 3 3 1 2 2 2 2 3 3 1 3 4 4 2 2 0 0 1 1 3 3 3 3 1 1 2 4 1 3 1 2 2 4 0 0 4 3 3 1 4 3 3 3 2 2 3 4 3 1 4 4 4 1 1 1 1 1 4 4 3 3 2 4 4 3 4 3 3 1 2 2 2 2 3 3 3 3 1 1 2 2 3 3
SFH_2BO_2016_015 2 2 1 1 4 4 4 1 0 0 0 0 0 0 3 1 1 3 0 0 1 1 0 0 0 0 0 0 0 0 0 0 0 0 0 0 2 4 0 0 3 3 2 2 3 3 0 0 0 0 2 2 2 2 3 3 0 0 0 0 2 4 2 1 3 1 0 0 4 3 0 0 0 0 1 1 3 3 0 0 0 0 0 0 0 0 1 1 3 3 0 0 0 0 0 0 2 4 1 2 3 1 3 4 3 4 3 2 1 4 1 1 0 0 0 0 2 2 1 3 2 2 0 0 0 0 0 0 0 0 4 4 0 0 0 0 2 2 4 4 3 3 1 1 4 4 4 4 0 0 0 0 0 0 3 4 1 4 4 1 0 0 0 0 0 0 0 0 0 0 0 0 0 0 0 0 4 1 2 2 2 2 2 1 3 3 0 0 3 3 0 0 0 0 0 0 3 3 0 0 0 0 2 2 0 0 1 3 3 2 3 3 0 0 2 4 1 3 1 2 2 4 1 4 4 3 3 1 0 0 0 0 0 0 3 4 3 1 4 2 4 4 1 1 1 1 0 0 3 3 0 0 0 0 0 0 3 1 0 0 2 2 3 4 3 3 1 3 2 2 0 0
SFH_2BO_2016_016 0 0 0 0 4 4 0 0 0 0 0 0 0 0 3 1 1 1 0 0 1 1 0 0 0 0 0 0 0 0 0 0 0 0 4 4 0 0 0 0 0 0 2 2 0 0 0 0 2 2 2 2 0 0 0 0 0 0 0 0 0 0 0 0 0 0 2 2 4 4 4 4 1 1 1 1 3 3 3 3 3 3 0 0 0 0 0 0 0 0 3 3 4 2 1 1 2 4 1 2 3 1 3 4 3 4 3 2 0 0 0 0 0 0 0 0 2 2 1 3 0 0 0 0 0 0 0 0 2 3 0 0 0 0 0 0 0 0 0 0 0 0 0 0 0 0 0 0 0 0 2 2 3 3 0 0 0 0 0 0 3 1 0 0 0 0 0 0 0 0 0 0 2 2 0 0 0 0 2 1 2 1 2 2 0 0 0 0 3 3 0 0 0 0 2 2 3 1 1 1 4 4 2 2 0 0 0 0 0 0 0 0 1 3 0 0 0 0 0 0 0 0 0 0 0 0 0 0 0 0 0 0 0 0 0 0 0 0 0 0 4 4 1 1 1 1 0 0 3 3 2 2 4 4 4 4 3 1 0 0 2 4 0 0 0 0 1 1 2 4 3 4


0 0
0 0




0 0
0 0
0
0
0
0
0
0
