colony_input
colony_input
20
141
222629
1
2
1
0
0 0
0
1
0
0
1
2
0
10000
0
2
2
MK@
0@
0.01 0.01 0.01 0.01 0.01 0.01 0.01 0.01 0.01 0.01 0.01 0.01 0.01 0.01 0.01 0.01 0.01 0.01 0.01 0.01 0.01 0.01 0.01 0.01 0.01 0.01 0.01 0.01 0.01 0.01 0.01 0.01 0.01 0.01 0.01 0.01 0.01 0.01 0.01 0.01 0.01 0.01 0.01 0.01 0.01 0.01 0.01 0.01 0.01 0.01 0.01 0.01 0.01 0.01 0.01 0.01 0.01 0.01 0.01 0.01 0.01 0.01 0.01 0.01 0.01 0.01 0.01 0.01 0.01 0.01 0.01 0.01 0.01 0.01 0.01 0.01 0.01 0.01 0.01 0.01 0.01 0.01 0.01 0.01 0.01 0.01 0.01 0.01 0.01 0.01 0.01 0.01 0.01 0.01 0.01 0.01 0.01 0.01 0.01 0.01 0.01 0.01 0.01 0.01 0.01 0.01 0.01 0.01 0.01 0.01 0.01 0.01 0.01 0.01 0.01 0.01 0.01 0.01 0.01 0.01 0.01 0.01 0.01 0.01 0.01 0.01 0.01 0.01 0.01 0.01 0.01 0.01 0.01 0.01 0.01 0.01 0.01 0.01 0.01 0.01 0.01
0.01 0.01 0.01 0.01 0.01 0.01 0.01 0.01 0.01 0.01 0.01 0.01 0.01 0.01 0.01 0.01 0.01 0.01 0.01 0.01 0.01 0.01 0.01 0.01 0.01 0.01 0.01 0.01 0.01 0.01 0.01 0.01 0.01 0.01 0.01 0.01 0.01 0.01 0.01 0.01 0.01 0.01 0.01 0.01 0.01 0.01 0.01 0.01 0.01 0.01 0.01 0.01 0.01 0.01 0.01 0.01 0.01 0.01 0.01 0.01 0.01 0.01 0.01 0.01 0.01 0.01 0.01 0.01 0.01 0.01 0.01 0.01 0.01 0.01 0.01 0.01 0.01 0.01 0.01 0.01 0.01 0.01 0.01 0.01 0.01 0.01 0.01 0.01 0.01 0.01 0.01 0.01 0.01 0.01 0.01 0.01 0.01 0.01 0.01 0.01 0.01 0.01 0.01 0.01 0.01 0.01 0.01 0.01 0.01 0.01 0.01 0.01 0.01 0.01 0.01 0.01 0.01 0.01 0.01 0.01 0.01 0.01 0.01 0.01 0.01 0.01 0.01 0.01 0.01 0.01 0.01 0.01 0.01 0.01 0.01 0.01 0.01 0.01 0.01 0.01 0.01
MAG_BEA_2015_062 0 0 0 0 0 0 0 0 0 0 0 0 0 0 3 1 0 0 0 0 4 4 0 0 0 0 0 0 0 0 0 0 0 0 0 0 0 0 0 0 0 0 0 0 3 3 0 0 0 0 0 0 0 0 0 0 0 0 0 0 1 1 0 0 4 4 1 1 1 1 0 0 0 0 0 0 0 0 2 2 0 0 0 0 0 0 0 0 0 0 0 0 0 0 0 0 0 0 0 0 0 0 0 0 0 0 0 0 0 0 4 1 0 0 0 0 0 0 0 0 3 3 1 3 0 0 0 0 0 0 0 0 0 0 0 0 0 0 0 0 0 0 0 0 4 4 3 3 1 1 4 4 0 0 0 0 0 0 0 0 0 0 4 4 0 0 0 0 0 0 0 0 0 0 3 3 4 4 1 1 0 0 0 0 0 0 2 2 0 0 0 0 0 0 0 0 3 1 3 4 0 0 0 0 0 0 0 0 0 0 0 0 0 0 2 2 1 1 1 1 2 2 1 1 4 4 3 3 4 4 3 3 2 2 3 3 3 3 0 0 4 4 0 0 3 3 0 0 3 3 2 2 0 0 0 0 0 0 2 2 0 0 0 0 2 4 0 0 0 0 3 3 0 0 0 0 0 0 2 4 0 0
MAG_BEA_2015_063 2 2 3 3 0 0 1 1 4 4 3 3 1 1 3 1 2 2 4 4 4 4 2 4 4 2 1 1 4 4 4 4 3 3 2 2 2 4 1 3 4 4 1 1 3 3 1 1 4 4 3 3 4 4 2 2 2 4 3 3 1 1 1 3 2 2 2 2 3 3 3 3 4 4 2 2 3 3 2 2 4 4 1 2 4 2 3 3 1 1 4 2 2 4 1 2 3 1 3 4 3 4 3 2 4 4 1 1 2 2 4 4 2 2 1 1 4 3 3 3 3 3 1 1 2 2 3 1 2 4 4 2 2 2 3 3 2 1 2 1 3 3 2 2 4 4 3 3 1 1 4 4 4 4 1 1 1 1 3 3 3 4 4 4 3 2 2 1 1 1 1 1 1 1 3 3 4 4 1 1 4 4 4 4 2 2 2 2 3 3 3 3 3 3 4 4 3 3 3 3 2 2 2 2 3 3 3 3 3 3 1 4 1 1 2 2 1 1 1 1 2 2 1 1 4 4 3 3 4 4 3 3 2 2 3 3 3 3 4 4 4 4 4 4 3 3 4 4 1 1 2 2 2 2 4 3 4 3 2 2 3 1 2 2 2 4 3 3 4 2 3 3 4 4 2 2 0 0 4 4 4 4
MAG_BEA_2015_064 2 2 3 3 0 0 1 1 0 0 0 0 0 0 3 1 2 2 0 0 4 4 0 0 0 0 0 0 4 4 4 4 3 3 2 2 2 2 1 3 0 0 0 0 0 0 0 0 0 0 0 0 0 0 0 0 2 2 0 0 1 1 0 0 0 0 2 2 3 3 3 3 0 0 0 0 0 0 0 0 0 0 1 1 0 0 3 3 0 0 2 2 0 0 0 0 0 0 0 0 0 0 0 0 3 3 1 1 2 4 0 0 0 0 0 0 4 4 3 3 3 3 1 1 0 0 3 3 2 2 4 4 2 2 0 0 0 0 0 0 0 0 0 0 0 0 0 0 0 0 0 0 0 0 0 0 0 0 0 0 3 3 4 4 0 0 0 0 0 0 0 0 0 0 3 3 4 4 1 1 0 0 0 0 2 1 0 0 0 0 0 0 3 1 4 2 0 0 0 0 0 0 0 0 0 0 0 0 3 3 0 0 0 0 0 0 0 0 0 0 0 0 0 0 0 0 0 0 0 0 0 0 0 0 0 0 0 0 4 2 0 0 0 0 3 3 0 0 3 1 0 0 0 0 0 0 0 0 2 2 0 0 0 0 0 0 0 0 0 0 0 0 0 0 0 0 0 0 0 0 0 0
MAG_BEA_2015_066 0 0 3 1 0 0 0 0 0 0 0 0 1 4 3 1 0 0 0 0 4 4 0 0 0 0 0 0 4 4 4 4 3 3 2 2 2 4 1 3 0 0 0 0 0 0 0 0 0 0 0 0 0 0 0 0 2 2 0 0 1 3 0 0 0 0 0 0 3 1 0 0 4 4 0 0 0 0 0 0 0 0 0 0 0 0 0 0 0 0 0 0 0 0 0 0 0 0 0 0 0 0 0 0 3 3 1 4 0 0 0 0 0 0 0 0 0 0 0 0 0 0 0 0 0 0 3 1 2 4 4 2 2 2 3 2 0 0 2 2 3 1 0 0 0 0 0 0 0 0 0 0 0 0 0 0 0 0 0 0 3 4 0 0 0 0 0 0 0 0 0 0 0 0 3 3 4 4 1 1 4 4 0 0 0 0 0 0 3 1 0 0 3 1 0 0 0 0 0 0 0 0 2 2 0 0 1 3 3 3 0 0 0 0 0 0 0 0 0 0 0 0 0 0 0 0 0 0 0 0 0 0 0 0 0 0 0 0 4 4 0 0 4 4 3 3 0 0 0 0 2 4 0 0 0 0 0 0 2 2 0 0 0 0 0 0 3 3 4 2 0 0 4 1 2 4 0 0 0 0 0 0
MAG_BEA_2015_067 2 2 0 0 2 2 1 1 4 1 0 0 1 1 3 1 2 2 0 0 4 4 0 0 4 2 0 0 4 4 4 4 3 3 0 0 2 4 1 3 4 4 1 1 3 1 0 0 0 0 0 0 0 0 0 0 2 2 3 3 1 1 0 0 2 4 2 1 3 1 3 4 4 4 4 2 0 0 2 2 4 4 1 2 4 2 3 3 0 0 4 2 0 0 0 0 0 0 0 0 0 0 0 0 3 3 1 1 0 0 0 0 0 0 0 0 4 4 3 3 3 3 1 1 0 0 3 3 2 2 4 4 2 2 3 2 0 0 2 2 3 3 0 0 4 4 3 3 1 1 4 4 0 0 0 0 0 0 3 3 3 4 4 1 3 2 2 1 1 1 0 0 1 1 3 3 4 4 1 1 4 1 4 3 0 0 0 0 3 3 1 3 3 1 4 4 0 0 3 3 0 0 2 2 3 3 1 1 3 3 1 4 1 1 2 4 1 3 1 2 2 4 1 4 4 3 3 1 4 3 3 4 2 4 3 4 3 1 4 4 4 1 4 4 3 3 0 0 3 3 2 2 0 0 4 3 4 3 2 2 3 1 0 0 4 4 3 3 4 4 3 3 4 1 2 4 3 3 0 0 0 0
MAG_BEA_2015_068 2 1 0 0 0 0 0 0 0 0 0 0 0 0 3 1 2 4 0 0 4 4 0 0 4 2 0 0 4 4 4 4 3 3 0 0 0 0 0 0 0 0 1 1 3 3 0 0 0 0 0 0 4 4 2 2 2 4 3 3 1 1 1 3 2 2 2 2 3 3 0 0 4 4 2 2 3 3 2 2 4 4 0 0 4 2 3 3 0 0 0 0 0 0 0 0 0 0 0 0 0 0 0 0 3 4 0 0 0 0 0 0 0 0 0 0 4 3 3 3 3 3 1 1 2 2 3 1 2 4 4 2 2 2 3 2 0 0 0 0 0 0 2 3 4 3 3 4 1 3 4 3 4 2 0 0 0 0 3 3 0 0 4 4 3 2 2 1 0 0 0 0 1 3 3 1 4 2 1 3 4 4 4 4 0 0 0 0 0 0 0 0 3 1 4 4 0 0 4 4 0 0 2 1 3 1 1 3 3 1 0 0 1 1 0 0 0 0 0 0 0 0 0 0 0 0 0 0 0 0 0 0 0 0 0 0 0 0 4 4 4 4 4 4 0 0 4 2 0 0 2 2 0 0 4 3 4 3 2 2 0 0 0 0 2 2 3 3 4 2 0 0 4 1 2 4 3 3 0 0 0 0
MAG_BEA_2015_069 2 1 0 0 0 0 0 0 4 4 4 3 1 1 3 1 2 2 4 4 4 4 2 2 4 2 1 1 4 4 4 4 3 3 2 4 2 2 1 1 4 4 1 1 1 1 4 1 1 4 4 3 4 4 2 2 2 4 3 3 1 1 1 1 2 4 2 1 3 1 3 3 4 4 4 2 1 3 2 2 4 4 0 0 2 2 3 3 1 3 4 4 2 4 1 2 3 1 3 4 3 4 3 2 3 4 1 4 2 2 4 1 2 2 1 1 4 4 3 3 3 3 1 1 2 2 3 3 2 2 4 4 2 2 3 3 0 0 2 2 3 3 0 0 4 4 3 3 1 1 4 4 4 4 1 1 1 1 3 2 3 4 4 4 2 2 2 2 1 1 1 1 0 0 3 3 4 4 1 1 4 4 4 4 2 2 2 2 3 3 1 1 3 1 4 4 3 1 3 3 2 2 2 2 3 3 3 3 3 1 1 1 1 1 2 2 1 1 1 1 2 2 1 1 4 4 3 3 4 4 3 3 2 2 3 3 3 3 4 4 4 4 4 4 3 3 4 4 0 0 2 2 2 2 4 3 4 3 2 2 3 1 1 2 0 0 3 3 4 2 3 3 4 4 2 2 3 3 2 2 3 3
MAG_BEA_2015_071 0 0 0 0 0 0 1 1 0 0 0 0 1 1 3 1 0 0 0 0 0 0 0 0 0 0 0 0 4 4 4 4 3 3 2 2 2 2 1 1 0 0 0 0 0 0 0 0 0 0 0 0 0 0 0 0 2 2 0 0 1 1 0 0 0 0 2 2 3 3 3 3 0 0 0 0 0 0 2 2 4 4 0 0 0 0 0 0 0 0 4 4 0 0 0 0 0 0 0 0 0 0 0 0 0 0 0 0 0 0 0 0 0 0 0 0 0 0 3 3 3 3 1 1 0 0 3 3 2 2 4 4 2 2 0 0 0 0 0 0 0 0 0 0 0 0 0 0 0 0 0 0 0 0 0 0 0 0 3 3 0 0 0 0 0 0 0 0 1 4 0 0 0 0 3 3 4 4 1 1 0 0 0 0 0 0 0 0 0 0 0 0 1 1 0 0 0 0 0 0 0 0 0 0 3 1 3 3 3 1 0 0 0 0 0 0 0 0 0 0 0 0 0 0 0 0 0 0 0 0 0 0 0 0 0 0 0 0 4 4 0 0 0 0 0 0 0 0 0 0 0 0 0 0 0 0 0 0 2 2 3 1 0 0 0 0 3 3 4 2 0 0 0 0 0 0 0 0 2 4 3 4
MAG_BEA_2015_072 0 0 3 3 2 2 1 1 4 4 0 0 0 0 3 1 2 2 4 4 4 4 2 2 2 2 0 0 4 4 4 4 3 3 0 0 0 0 0 0 0 0 1 1 1 1 0 0 0 0 0 0 4 4 0 0 2 4 3 3 1 1 0 0 2 4 2 1 3 1 0 0 4 4 4 2 1 3 2 2 0 0 1 1 2 2 3 3 0 0 4 4 0 0 0 0 0 0 0 0 0 0 0 0 3 4 1 4 0 0 4 4 0 0 0 0 4 3 3 3 3 3 1 3 0 0 3 3 2 2 4 4 2 2 0 0 0 0 2 2 0 0 0 0 4 4 3 3 1 1 4 4 0 0 0 0 0 0 3 3 3 3 4 1 2 2 2 2 1 1 1 1 0 0 3 3 4 4 1 1 0 0 4 4 0 0 0 0 0 0 0 0 1 1 4 4 0 0 3 3 0 0 0 0 3 3 3 3 0 0 0 0 1 1 2 2 1 1 1 1 2 2 1 1 4 4 3 3 4 4 3 3 2 2 3 3 3 3 4 4 0 0 4 4 3 3 0 0 0 0 2 2 0 0 4 3 4 3 2 2 0 0 1 2 4 4 3 3 4 2 3 1 0 0 0 0 0 0 0 0 0 0
MAG_BEA_2015_074 0 0 0 0 0 0 0 0 0 0 0 0 0 0 0 0 0 0 0 0 0 0 0 0 0 0 0 0 0 0 0 0 0 0 0 0 0 0 0 0 0 0 0 0 0 0 0 0 0 0 0 0 0 0 0 0 0 0 0 0 0 0 0 0 0 0 0 0 3 3 0 0 0 0 0 0 0 0 0 0 0 0 0 0 0 0 0 0 0 0 0 0 0 0 0 0 0 0 0 0 0 0 0 0 0 0 0 0 0 0 0 0 0 0 0 0 0 0 0 0 0 0 0 0 0 0 0 0 0 0 0 0 2 3 0 0 0 0 0 0 0 0 0 0 0 0 0 0 0 0 0 0 0 0 0 0 0 0 3 3 0 0 0 0 0 0 0 0 0 0 0 0 0 0 0 0 0 0 0 0 0 0 0 0 0 0 0 0 3 1 0 0 0 0 0 0 0 0 0 0 0 0 0 0 0 0 1 3 0 0 0 0 0 0 0 0 0 0 0 0 0 0 0 0 0 0 0 0 0 0 0 0 0 0 0 0 0 0 0 0 0 0 0 0 0 0 0 0 0 0 0 0 0 0 0 0 0 0 2 2 0 0 0 0 0 0 3 3 4 2 0 0 0 0 0 0 0 0 2 4 3 4
MAG_BEA_2015_075 2 1 3 3 0 0 1 1 4 4 0 0 1 1 3 1 0 0 4 4 4 4 2 4 0 0 1 4 0 0 0 0 0 0 2 2 2 2 1 1 0 0 1 3 3 3 1 1 4 4 3 3 0 0 2 2 2 4 0 0 0 0 1 1 0 0 0 0 3 3 0 0 4 4 0 0 0 0 2 2 4 4 1 2 0 0 3 3 1 1 0 0 2 4 1 2 3 1 3 4 3 4 3 2 0 0 1 4 2 2 4 4 0 0 0 0 4 4 3 4 0 0 0 0 2 4 3 1 2 4 4 2 0 0 0 0 0 0 2 2 0 0 2 2 4 4 3 3 1 1 4 4 4 4 1 1 1 1 0 0 3 4 4 4 3 2 2 1 1 1 1 1 0 0 0 0 0 0 0 0 0 0 4 4 2 2 2 2 3 3 0 0 3 3 4 4 3 3 0 0 2 4 2 1 3 3 0 0 0 0 0 0 0 0 2 2 1 1 1 1 2 2 1 1 4 4 3 3 4 4 3 3 2 2 3 3 3 3 0 0 4 1 4 4 3 1 0 0 0 0 2 2 0 0 4 3 4 3 2 3 3 1 1 2 2 4 3 3 4 2 3 3 4 4 2 2 3 3 2 2 3 3
MAG_BEA_2015_077 2 2 3 3 2 2 1 1 4 1 4 4 1 1 3 1 2 2 4 4 4 4 2 4 4 2 1 1 4 4 4 4 3 3 0 0 0 0 0 0 4 1 1 1 3 1 1 1 4 4 3 3 4 4 2 2 2 2 3 3 1 1 3 3 2 4 2 1 3 1 3 3 4 4 2 2 3 3 2 2 4 4 2 2 2 2 3 3 1 1 2 2 2 4 1 2 3 1 3 4 3 4 3 2 3 3 1 1 2 2 1 1 2 2 1 1 4 4 3 3 3 3 1 1 2 2 3 1 2 4 4 2 2 2 3 2 2 2 2 2 3 3 2 2 4 4 3 3 1 1 4 4 4 4 1 1 1 1 3 3 3 4 0 0 3 3 2 1 1 1 1 4 1 1 3 3 4 4 1 1 0 0 0 0 2 2 2 2 3 3 1 1 3 1 4 4 3 1 3 3 2 2 2 2 3 3 1 3 3 3 1 1 1 1 2 4 1 3 1 2 0 0 0 0 0 0 3 1 4 3 3 3 2 2 3 4 3 1 4 4 4 4 4 3 3 3 4 4 3 3 2 2 0 0 4 3 4 3 2 2 3 1 2 2 4 4 3 3 4 2 3 1 4 1 2 4 3 3 2 2 3 3
MAG_BEA_2015_078 2 2 3 3 2 1 1 2 4 1 4 4 1 1 3 1 2 2 4 4 4 4 2 4 4 2 1 1 4 4 4 4 3 3 2 2 2 4 1 3 4 4 1 1 3 1 1 1 4 4 3 3 4 4 2 2 2 2 3 3 1 1 3 3 2 4 2 1 3 1 3 3 4 4 2 2 3 3 2 2 4 4 1 2 4 2 3 3 1 1 0 0 2 4 1 2 3 1 3 4 3 4 3 2 3 3 1 1 2 2 1 1 2 2 1 1 4 4 3 3 3 3 1 1 2 2 3 3 2 2 4 4 2 2 3 2 2 2 2 2 3 3 2 2 4 4 3 3 1 1 4 4 4 4 1 1 1 1 3 3 3 4 4 4 3 2 2 1 1 1 1 1 1 1 3 3 4 4 1 1 4 4 4 3 2 2 2 2 3 3 1 1 3 1 4 4 3 3 3 3 2 2 2 2 3 3 1 1 3 3 1 4 1 1 2 4 1 3 1 2 2 4 1 4 4 3 3 1 4 3 0 0 2 4 3 4 3 1 4 4 4 1 4 4 3 3 4 2 3 3 2 2 2 2 4 3 4 3 2 2 3 1 1 1 4 4 3 3 4 4 3 3 4 1 2 4 3 3 2 2 0 0
MAG_BEA_2015_079 2 1 3 1 0 0 1 1 4 4 4 3 1 1 3 1 2 4 4 4 4 4 2 4 0 0 1 1 4 4 4 4 3 3 2 2 2 2 1 1 4 4 1 1 3 3 1 1 4 4 3 3 4 2 2 4 2 4 3 3 1 1 1 3 2 2 2 2 3 3 3 3 4 4 2 2 3 3 2 2 4 4 1 2 4 2 3 3 1 1 2 2 2 4 1 2 3 1 3 4 3 4 3 2 3 4 0 0 2 2 4 1 2 2 1 1 0 0 3 3 3 3 1 1 2 2 3 1 2 4 4 2 2 2 3 2 2 1 2 2 3 3 2 3 4 3 3 4 1 3 4 3 4 2 1 1 1 1 3 3 3 3 4 4 3 2 2 1 1 1 1 1 1 1 3 3 4 4 1 1 4 4 0 0 2 2 2 2 3 3 1 1 3 1 4 4 3 3 3 4 2 4 2 1 3 1 1 3 3 1 1 1 1 1 2 2 1 1 1 1 2 2 1 1 4 4 3 3 4 4 3 3 2 2 3 3 3 3 4 4 4 4 4 4 3 3 4 2 3 3 2 2 2 4 4 3 4 3 2 2 0 0 1 1 2 2 3 3 4 2 3 3 4 1 2 4 0 0 2 4 3 4
MAG_BEA_2015_081 2 1 0 0 0 0 0 0 4 4 0 0 1 4 3 1 2 2 4 2 4 4 2 2 0 0 0 0 4 4 4 4 3 3 2 2 2 2 1 1 4 4 1 1 1 1 4 1 1 4 4 3 0 0 0 0 2 4 3 3 0 0 1 1 2 4 2 1 3 1 3 3 0 0 4 2 1 3 2 2 4 4 0 0 2 2 0 0 1 1 4 2 2 4 1 2 3 1 3 4 3 4 3 2 3 4 1 4 2 2 0 0 0 0 0 0 0 0 3 3 3 3 1 1 0 0 3 3 2 2 4 4 2 2 0 0 0 0 2 2 0 0 0 0 4 4 3 3 1 1 4 4 4 4 1 1 1 1 0 0 3 4 4 4 0 0 2 2 1 1 1 1 0 0 3 3 4 4 1 1 4 4 0 0 2 2 2 2 3 3 1 1 3 1 4 4 3 1 3 3 2 2 2 2 0 0 0 0 3 1 1 1 1 1 0 0 0 0 0 0 0 0 0 0 0 0 0 0 0 0 0 0 0 0 0 0 0 0 0 0 4 4 4 4 3 3 4 4 0 0 2 2 0 0 4 3 4 3 2 2 0 0 0 0 0 0 0 0 4 2 0 0 0 0 0 0 0 0 0 0 0 0
MAG_BEA_2015_082 2 2 3 1 2 1 1 1 4 4 4 3 1 4 3 1 0 0 4 4 4 4 2 4 4 4 1 4 4 4 4 4 3 3 2 2 2 2 1 1 0 0 1 3 3 3 4 1 1 4 4 3 4 2 2 4 2 2 3 3 1 1 1 1 2 4 2 1 3 1 0 0 4 4 0 0 0 0 0 0 0 0 1 2 4 2 0 0 1 1 0 0 2 4 1 2 3 1 3 4 3 4 3 2 3 3 1 1 0 0 4 4 2 2 1 1 4 4 3 3 3 3 1 3 2 2 3 1 2 4 4 2 2 2 3 3 0 0 2 2 3 3 2 2 4 4 3 3 1 1 4 4 4 4 0 0 0 0 3 3 4 4 4 4 3 2 2 1 1 1 1 1 1 1 3 3 4 4 1 1 4 4 0 0 2 2 2 2 3 3 1 3 3 3 4 4 0 0 3 3 2 4 2 1 3 3 1 3 3 3 1 4 1 1 0 0 0 0 0 0 0 0 0 0 0 0 0 0 0 0 0 0 0 0 0 0 0 0 4 4 4 1 4 4 0 0 0 0 3 1 2 2 0 0 4 4 4 4 2 2 3 1 2 2 4 4 3 3 4 2 3 1 4 1 2 4 0 0 2 4 3 4
MAG_BEA_2015_083 2 2 0 0 0 0 0 0 4 4 0 0 1 1 3 1 0 0 4 4 4 2 0 0 4 2 1 4 4 3 4 1 3 2 0 0 0 0 0 0 4 4 1 1 3 3 4 4 1 1 4 4 4 4 2 2 2 4 3 1 1 1 1 1 2 2 2 2 3 3 0 0 4 4 0 0 0 0 0 0 0 0 2 2 2 2 3 3 1 1 4 4 2 4 1 2 3 1 3 4 3 4 0 0 3 3 0 0 0 0 4 1 2 1 1 4 0 0 0 0 3 4 1 3 2 2 3 1 2 4 4 2 0 0 0 0 2 2 0 0 0 0 2 2 4 4 3 4 1 1 4 4 4 4 0 0 0 0 3 3 3 4 4 4 2 2 0 0 0 0 0 0 0 0 3 3 4 4 1 1 4 4 0 0 0 0 0 0 3 3 1 1 3 1 4 4 3 3 0 0 0 0 0 0 3 3 1 3 3 1 1 1 1 1 0 0 0 0 1 1 2 2 1 1 4 4 3 3 4 4 3 3 2 2 3 3 3 3 0 0 4 1 4 4 0 0 0 0 0 0 2 2 0 0 0 0 0 0 2 3 0 0 1 2 2 4 3 3 4 4 3 3 0 0 0 0 3 4 2 4 3 4
MAG_BEA_2015_084 2 1 3 1 0 0 0 0 4 4 4 3 0 0 3 1 0 0 4 4 4 4 0 0 4 4 0 0 4 4 4 4 0 0 0 0 0 0 0 0 0 0 1 1 1 1 4 4 1 1 4 4 0 0 0 0 2 4 3 3 0 0 0 0 2 2 2 2 3 3 0 0 4 3 0 0 0 0 2 2 4 4 1 2 2 2 3 1 1 1 4 2 2 4 1 2 3 1 3 4 3 4 3 2 3 3 1 1 0 0 4 1 2 2 1 1 0 0 0 0 3 3 1 3 2 2 0 0 0 0 0 0 0 0 0 0 0 0 2 2 0 0 0 0 4 4 3 3 1 1 4 4 4 4 1 3 1 4 3 3 0 0 4 4 2 2 0 0 0 0 1 1 1 1 3 3 4 4 1 1 0 0 0 0 2 2 2 1 3 1 0 0 3 1 4 4 0 0 3 4 0 0 0 0 3 1 1 3 0 0 1 1 1 1 2 2 1 1 1 1 2 2 1 1 4 4 3 3 4 4 3 3 2 2 3 3 3 3 0 0 1 1 4 4 3 1 4 2 0 0 2 2 0 0 4 4 4 4 2 2 3 1 1 1 4 4 0 0 0 0 0 0 0 0 0 0 0 0 2 2 0 0
MAG_BEA_2015_086 2 1 3 3 2 1 1 2 4 4 0 0 0 0 3 1 0 0 4 4 4 4 0 0 0 0 0 0 4 4 4 4 3 3 2 2 0 0 0 0 4 4 1 1 3 1 0 0 0 0 0 0 0 0 0 0 0 0 0 0 0 0 1 1 2 2 2 2 3 3 0 0 0 0 4 2 1 3 0 0 0 0 1 2 4 2 3 1 1 1 4 2 2 4 1 2 3 1 3 4 3 3 3 3 3 3 4 4 2 2 0 0 2 1 1 4 4 4 3 3 3 3 1 1 2 2 0 0 0 0 0 0 0 0 2 2 0 0 2 2 0 0 0 0 4 4 3 3 1 1 4 4 4 4 0 0 0 0 3 3 3 3 0 0 3 2 2 2 0 0 1 1 1 1 3 3 4 4 1 1 0 0 0 0 2 2 2 2 3 1 1 3 0 0 4 4 3 3 0 0 0 0 0 0 0 0 1 3 3 3 1 1 1 3 0 0 0 0 0 0 0 0 0 0 0 0 0 0 0 0 0 0 0 0 0 0 0 0 4 4 1 1 4 4 3 1 0 0 1 1 2 2 0 0 4 4 4 4 2 2 3 1 1 1 0 0 3 1 4 4 1 1 1 1 4 4 0 0 2 2 0 0
MAG_BEA_2015_087 0 0 0 0 0 0 0 0 4 4 0 0 0 0 3 1 0 0 0 0 4 4 0 0 0 0 0 0 4 4 4 4 3 3 2 2 2 2 1 1 4 4 1 3 0 0 0 0 0 0 0 0 0 0 0 0 0 0 0 0 0 0 1 1 0 0 2 2 3 3 3 3 0 0 0 0 0 0 2 4 4 2 1 2 4 2 0 0 0 0 2 2 2 4 1 2 3 1 4 4 3 4 3 2 0 0 0 0 0 0 4 1 2 2 1 1 4 3 3 3 3 3 1 3 0 0 3 3 2 2 4 4 0 0 3 2 0 0 2 2 0 0 0 0 4 4 3 3 1 1 4 4 4 4 0 0 0 0 3 3 0 0 0 0 0 0 0 0 1 1 1 1 0 0 0 0 0 0 0 0 4 4 0 0 0 0 0 0 3 3 0 0 3 1 4 4 0 0 0 0 2 2 2 2 0 0 0 0 0 0 1 4 0 0 2 2 1 1 1 1 2 2 1 1 4 4 0 0 0 0 0 0 0 0 0 0 0 0 4 4 4 1 4 4 3 1 4 2 3 1 2 4 2 2 4 3 4 3 2 2 0 0 0 0 0 0 0 0 4 4 0 0 0 0 0 0 0 0 0 0 0 0


0 0
0 0




0 0
0 0
0
0
0
0
0
0
