colony_input
colony_input
20
179
714769
1
2
1
0
0 0
0
1
0
0
1
2
0
10000
0
2
2
MK@
0@
0.01 0.01 0.01 0.01 0.01 0.01 0.01 0.01 0.01 0.01 0.01 0.01 0.01 0.01 0.01 0.01 0.01 0.01 0.01 0.01 0.01 0.01 0.01 0.01 0.01 0.01 0.01 0.01 0.01 0.01 0.01 0.01 0.01 0.01 0.01 0.01 0.01 0.01 0.01 0.01 0.01 0.01 0.01 0.01 0.01 0.01 0.01 0.01 0.01 0.01 0.01 0.01 0.01 0.01 0.01 0.01 0.01 0.01 0.01 0.01 0.01 0.01 0.01 0.01 0.01 0.01 0.01 0.01 0.01 0.01 0.01 0.01 0.01 0.01 0.01 0.01 0.01 0.01 0.01 0.01 0.01 0.01 0.01 0.01 0.01 0.01 0.01 0.01 0.01 0.01 0.01 0.01 0.01 0.01 0.01 0.01 0.01 0.01 0.01 0.01 0.01 0.01 0.01 0.01 0.01 0.01 0.01 0.01 0.01 0.01 0.01 0.01 0.01 0.01 0.01 0.01 0.01 0.01 0.01 0.01 0.01 0.01 0.01 0.01 0.01 0.01 0.01 0.01 0.01 0.01 0.01 0.01 0.01 0.01 0.01 0.01 0.01 0.01 0.01 0.01 0.01 0.01 0.01 0.01 0.01 0.01 0.01 0.01 0.01 0.01 0.01 0.01 0.01 0.01 0.01 0.01 0.01 0.01 0.01 0.01 0.01 0.01 0.01 0.01 0.01 0.01 0.01 0.01 0.01 0.01 0.01 0.01 0.01 0.01 0.01 0.01 0.01 0.01 0.01
0.01 0.01 0.01 0.01 0.01 0.01 0.01 0.01 0.01 0.01 0.01 0.01 0.01 0.01 0.01 0.01 0.01 0.01 0.01 0.01 0.01 0.01 0.01 0.01 0.01 0.01 0.01 0.01 0.01 0.01 0.01 0.01 0.01 0.01 0.01 0.01 0.01 0.01 0.01 0.01 0.01 0.01 0.01 0.01 0.01 0.01 0.01 0.01 0.01 0.01 0.01 0.01 0.01 0.01 0.01 0.01 0.01 0.01 0.01 0.01 0.01 0.01 0.01 0.01 0.01 0.01 0.01 0.01 0.01 0.01 0.01 0.01 0.01 0.01 0.01 0.01 0.01 0.01 0.01 0.01 0.01 0.01 0.01 0.01 0.01 0.01 0.01 0.01 0.01 0.01 0.01 0.01 0.01 0.01 0.01 0.01 0.01 0.01 0.01 0.01 0.01 0.01 0.01 0.01 0.01 0.01 0.01 0.01 0.01 0.01 0.01 0.01 0.01 0.01 0.01 0.01 0.01 0.01 0.01 0.01 0.01 0.01 0.01 0.01 0.01 0.01 0.01 0.01 0.01 0.01 0.01 0.01 0.01 0.01 0.01 0.01 0.01 0.01 0.01 0.01 0.01 0.01 0.01 0.01 0.01 0.01 0.01 0.01 0.01 0.01 0.01 0.01 0.01 0.01 0.01 0.01 0.01 0.01 0.01 0.01 0.01 0.01 0.01 0.01 0.01 0.01 0.01 0.01 0.01 0.01 0.01 0.01 0.01 0.01 0.01 0.01 0.01 0.01 0.01
UPT_MEI_2017_001 4 4 1 1 1 1 3 3 3 3 1 1 3 1 2 2 1 1 1 1 3 3 0 0 0 0 0 0 4 4 4 4 4 4 1 1 4 4 4 4 3 3 4 4 4 4 2 2 4 4 3 1 4 4 2 2 3 3 1 1 1 1 1 1 2 2 4 4 1 1 4 4 0 0 4 3 4 1 3 2 2 4 1 1 2 2 1 3 2 4 1 1 4 4 4 4 4 4 2 2 2 2 3 3 2 2 4 4 4 4 2 2 2 2 3 3 2 2 4 4 2 2 1 1 4 4 3 3 1 1 4 4 1 1 1 3 4 4 1 3 4 4 4 4 2 2 1 1 4 4 0 0 0 0 1 1 1 1 1 1 4 4 1 1 1 1 2 2 3 3 3 3 2 2 4 4 2 2 0 0 1 1 4 4 2 2 3 3 2 1 3 3 1 1 4 4 3 1 3 3 2 2 1 3 0 0 1 1 2 3 3 1 3 3 2 1 4 4 0 0 2 2 2 2 2 2 2 2 1 1 2 2 2 2 3 3 2 2 3 3 3 3 1 3 4 2 2 2 2 2 2 2 2 2 1 4 3 3 2 2 1 1 1 1 2 2 1 1 4 4 3 3 4 4 3 3 2 2 3 3 3 3 4 4 2 2 4 4 1 4 3 1 1 1 1 1 3 3 4 4 4 4 4 4 3 1 1 1 0 0 4 4 2 4 0 0 4 4 0 0 4 4 2 2 4 4 4 4 3 3 0 0 3 3 0 0 1 1 2 2 3 3 2 2 3 3 3 4 2 2 1 1 1 1 2 2 0 0
UPT_MEI_2017_003 4 4 1 1 1 1 3 3 3 3 1 1 3 3 2 2 1 1 1 1 3 3 2 2 4 4 4 4 4 4 4 4 4 4 1 1 4 4 4 4 3 3 4 4 4 4 2 2 4 4 3 3 4 2 2 2 3 3 1 1 1 1 1 1 2 2 2 2 1 1 4 4 1 1 4 3 4 1 3 2 2 2 1 1 2 2 1 3 2 2 1 1 4 3 4 4 4 4 2 2 2 2 3 1 2 4 4 4 4 4 4 2 2 1 1 3 2 2 4 4 1 1 1 1 4 2 3 3 1 1 4 4 1 1 1 3 2 2 1 1 2 4 4 4 1 2 3 1 3 4 3 4 3 2 4 4 1 1 1 1 4 4 1 3 1 3 2 4 3 3 3 3 2 2 4 4 2 2 0 0 1 1 4 2 2 1 3 3 2 2 3 3 1 1 4 4 3 1 3 2 2 2 1 3 1 1 1 1 0 0 3 3 3 3 2 2 4 4 2 2 2 2 2 2 2 2 2 1 1 1 2 2 2 2 3 3 2 2 3 4 3 3 1 3 4 2 2 2 2 2 2 2 2 2 1 1 3 1 2 2 1 1 1 1 2 2 1 1 4 4 3 3 4 4 3 3 2 2 3 3 3 3 4 2 2 4 4 4 1 1 3 3 1 1 3 1 3 3 4 4 4 4 3 3 3 3 1 1 3 3 4 4 2 4 3 3 4 4 2 2 2 2 0 0 4 4 4 4 3 3 2 2 3 3 3 1 1 1 0 0 3 3 2 2 3 1 3 3 2 2 1 1 1 1 4 4 4 4
UPT_MEI_2017_005 4 4 1 1 1 1 3 3 3 3 1 1 3 3 2 2 1 1 1 1 3 3 2 2 4 4 4 4 4 4 4 4 4 4 1 1 4 4 4 4 3 3 4 4 4 4 2 2 4 3 3 1 4 4 2 2 3 3 1 1 1 1 1 1 2 2 4 4 1 1 4 4 0 0 3 3 1 1 2 2 2 2 1 1 2 2 1 1 2 4 1 1 4 3 4 4 4 4 2 2 2 2 3 1 2 4 4 4 4 3 4 2 2 2 1 3 2 2 4 4 1 1 1 3 4 4 3 1 1 1 4 3 1 3 1 1 4 2 1 1 2 4 4 4 1 2 3 1 3 4 3 4 3 2 4 4 1 1 1 1 4 4 1 1 1 3 2 2 3 3 0 0 2 2 4 4 2 2 3 2 1 1 4 4 2 1 3 3 2 1 3 3 1 1 4 4 3 1 3 2 2 2 1 1 1 1 1 1 3 3 3 1 3 3 2 2 4 4 2 2 2 2 2 2 2 2 2 1 1 1 2 2 2 2 3 3 2 2 3 3 3 3 1 3 4 4 2 2 2 2 2 2 2 2 1 4 3 3 2 2 1 1 1 1 2 2 1 1 4 4 3 3 4 4 3 3 2 2 3 3 3 3 4 4 2 2 4 1 1 1 3 3 1 1 3 1 3 3 4 4 4 4 3 4 3 1 1 2 3 3 4 4 2 4 3 3 4 4 2 2 2 4 0 0 4 3 4 3 3 3 2 2 3 3 3 3 1 1 2 2 3 4 2 2 3 3 3 3 2 4 1 1 1 1 4 4 4 4
UPT_MEI_2017_008 4 4 1 1 1 1 3 3 3 3 1 1 0 0 2 1 0 0 1 1 3 3 2 2 0 0 0 0 4 4 4 4 4 4 1 1 4 4 4 1 3 3 4 4 4 3 0 0 0 0 3 1 0 0 2 2 3 3 1 1 0 0 1 1 2 2 4 2 0 0 0 0 1 1 4 4 4 4 3 3 0 0 0 0 0 0 0 0 0 0 1 1 4 4 4 4 4 4 2 2 2 2 0 0 2 2 4 4 4 4 4 4 2 2 1 1 4 4 2 2 0 0 1 1 0 0 0 0 1 3 4 4 0 0 1 3 0 0 0 0 2 2 4 4 1 1 3 3 0 0 0 0 0 0 1 4 1 1 1 1 4 4 1 1 3 3 2 2 3 3 3 3 2 2 4 4 0 0 0 0 0 0 0 0 2 2 3 3 0 0 0 0 1 4 4 4 0 0 3 3 2 2 1 3 0 0 1 1 2 2 3 1 3 3 0 0 4 4 0 0 2 2 0 0 0 0 0 0 0 0 0 0 0 0 0 0 2 2 3 3 3 3 0 0 4 2 0 0 2 2 2 1 2 1 1 1 3 3 2 2 1 1 1 1 2 2 1 1 4 4 3 3 4 4 3 3 2 2 3 3 3 3 0 0 0 0 4 4 1 1 3 3 1 1 1 1 0 0 0 0 4 4 0 0 0 0 1 1 3 3 4 4 4 4 3 4 4 2 2 4 2 4 0 0 4 4 4 4 0 0 0 0 3 3 3 1 1 1 0 0 3 3 2 2 0 0 0 0 2 4 1 1 1 1 4 4 0 0
UPT_MEI_2017_009 4 4 1 1 1 1 3 3 3 3 1 1 3 3 2 1 1 1 0 0 3 3 0 0 0 0 0 0 4 4 4 4 4 4 1 1 4 4 0 0 3 3 4 4 4 4 2 4 4 3 3 1 4 4 2 2 3 3 1 1 0 0 1 1 2 2 0 0 1 1 4 4 1 1 0 0 0 0 0 0 2 2 1 1 0 0 0 0 2 4 1 1 4 4 4 4 4 1 2 2 0 0 0 0 4 4 0 0 4 4 2 2 2 2 3 3 0 0 0 0 1 2 1 1 4 2 3 1 1 1 4 4 1 1 0 0 0 0 1 1 2 4 4 4 1 2 3 1 3 4 3 4 3 2 1 1 1 4 0 0 0 0 1 1 1 1 2 2 3 3 3 1 2 4 4 2 0 0 0 0 1 1 0 0 2 2 3 3 0 0 3 3 1 1 4 4 3 3 3 2 0 0 1 3 1 1 1 1 3 3 3 3 3 3 0 0 4 1 2 2 2 2 2 2 2 2 2 2 1 3 2 4 2 1 3 3 2 2 3 3 3 4 0 0 4 2 0 0 2 2 2 1 2 1 0 0 0 0 0 0 0 0 0 0 0 0 0 0 0 0 0 0 0 0 0 0 0 0 0 0 0 0 4 2 2 2 4 4 1 1 3 3 1 1 1 1 0 0 0 0 4 4 3 4 3 1 2 2 3 3 4 4 2 2 3 3 4 4 2 2 2 4 0 0 0 0 0 0 3 3 2 2 3 3 0 0 1 1 2 2 3 3 2 2 3 1 3 4 2 2 1 4 0 0 2 2 0 0
UPT_MEI_2017_011 0 0 0 0 1 1 3 3 3 3 1 1 0 0 0 0 0 0 0 0 0 0 0 0 0 0 0 0 0 0 0 0 0 0 0 0 0 0 0 0 0 0 0 0 0 0 0 0 0 0 3 1 0 0 0 0 0 0 0 0 0 0 0 0 0 0 0 0 0 0 0 0 0 0 0 0 0 0 0 0 0 0 0 0 0 0 0 0 0 0 1 3 4 4 0 0 0 0 0 0 2 2 0 0 0 0 0 0 0 0 0 0 0 0 0 0 2 4 4 2 0 0 1 3 4 2 0 0 0 0 0 0 3 3 0 0 0 0 0 0 0 0 0 0 0 0 0 0 0 0 0 0 0 0 1 4 0 0 0 0 0 0 0 0 1 3 0 0 0 0 0 0 0 0 0 0 0 0 0 0 0 0 0 0 0 0 0 0 0 0 0 0 0 0 0 0 0 0 0 0 2 1 0 0 1 1 0 0 0 0 0 0 0 0 0 0 4 4 0 0 0 0 0 0 0 0 0 0 0 0 0 0 0 0 0 0 2 2 0 0 0 0 0 0 0 0 2 1 0 0 2 1 2 1 0 0 0 0 0 0 0 0 0 0 0 0 0 0 0 0 0 0 0 0 0 0 0 0 0 0 0 0 0 0 0 0 0 0 0 0 0 0 0 0 0 0 0 0 0 0 0 0 0 0 3 3 0 0 0 0 0 0 0 0 0 0 0 0 0 0 0 0 0 0 0 0 0 0 0 0 0 0 3 3 0 0 0 0 0 0 0 0 0 0 3 3 3 4 0 0 0 0 1 3 2 4 3 4
UPT_MEI_2017_012 4 4 1 1 1 1 3 3 3 3 1 1 3 3 2 2 1 1 1 1 3 3 2 2 4 4 4 4 4 4 4 4 4 4 1 1 4 4 0 0 3 3 4 4 4 4 2 2 3 3 3 1 4 2 2 2 3 3 1 1 0 0 1 1 2 2 4 2 0 0 4 4 1 4 4 3 4 1 3 2 2 2 1 1 2 2 1 1 2 2 1 1 4 3 4 2 4 4 2 4 2 2 3 1 2 4 4 4 4 4 0 0 2 1 0 0 2 2 4 4 0 0 1 3 0 0 3 1 1 3 4 4 1 3 1 1 4 2 1 1 2 4 4 4 1 2 3 1 3 4 3 4 3 2 1 1 1 1 1 1 4 4 1 1 1 3 2 2 3 3 3 3 2 2 0 0 2 2 3 2 1 1 4 4 2 2 3 3 0 0 3 3 1 1 4 4 3 1 3 2 2 2 1 3 1 1 1 1 3 3 3 3 3 3 2 2 4 4 2 2 2 2 0 0 2 1 2 1 1 1 2 4 2 1 3 3 2 1 3 3 3 3 1 3 4 2 2 2 2 2 2 2 2 2 1 4 3 3 2 4 1 3 1 2 2 4 1 4 4 3 3 1 4 3 3 4 2 4 3 4 3 1 4 4 2 2 4 1 1 1 3 3 1 1 1 1 3 3 4 4 4 4 3 3 3 3 1 1 3 3 4 2 2 4 3 3 4 4 2 2 2 2 2 4 4 3 4 3 3 3 2 2 3 3 0 0 1 2 2 2 3 4 2 2 3 3 4 4 2 4 1 1 1 1 2 2 0 0
UPT_MEI_2017_016 4 4 1 1 1 3 3 2 3 1 1 4 3 3 0 0 0 0 1 4 3 2 2 1 4 3 4 2 4 4 4 3 4 3 1 3 4 2 4 4 3 1 4 1 0 0 2 2 4 3 3 1 4 2 2 4 3 2 1 3 1 1 1 1 2 2 2 2 1 1 4 1 1 1 4 3 4 1 3 2 2 2 1 1 2 2 1 1 2 2 1 1 4 4 4 4 4 4 2 4 2 2 3 3 2 2 4 4 4 4 4 2 2 2 1 3 2 2 4 4 1 1 1 1 4 2 3 1 1 3 4 3 3 3 1 1 2 2 1 1 2 4 4 4 1 2 3 1 3 4 3 4 3 2 1 1 1 1 2 1 1 4 1 1 1 1 2 2 3 3 3 3 2 2 4 4 2 2 3 3 1 1 4 4 2 1 3 3 2 2 3 3 1 1 4 4 1 1 3 3 2 2 1 1 1 1 1 1 2 3 3 1 3 1 2 2 4 4 2 2 2 2 2 2 2 2 2 2 1 3 2 4 2 1 3 3 2 2 3 4 3 3 3 3 4 2 2 2 2 2 2 2 2 2 1 4 3 3 2 2 1 1 1 1 2 2 1 1 4 4 3 3 4 4 3 3 2 2 3 3 3 3 2 2 2 2 4 4 1 1 3 3 1 1 1 1 3 4 4 4 4 4 3 4 3 1 1 1 3 3 4 4 2 4 3 4 4 2 2 4 4 4 2 2 4 4 4 4 3 3 2 2 3 3 3 3 1 1 2 2 3 3 2 2 3 3 3 3 2 4 1 1 1 1 2 2 3 3
UPT_MEI_2017_018 4 4 1 1 0 0 0 0 0 0 0 0 3 3 2 2 1 1 0 0 3 3 0 0 0 0 0 0 4 4 0 0 0 0 0 0 4 4 0 0 3 3 4 4 0 0 0 0 0 0 3 1 4 2 0 0 0 0 0 0 0 0 1 1 2 2 2 2 0 0 0 0 1 1 4 4 4 4 3 3 0 0 0 0 0 0 0 0 0 0 0 0 4 4 4 4 0 0 2 2 0 0 0 0 4 4 0 0 0 0 4 2 2 2 1 3 2 2 0 0 1 1 1 1 4 4 3 1 1 3 0 0 3 3 0 0 0 0 1 1 2 4 0 0 1 2 3 1 3 4 3 4 3 2 1 1 1 1 2 1 1 4 1 3 3 3 2 2 0 0 3 3 2 2 4 4 2 2 3 3 1 1 0 0 1 1 3 3 2 1 0 0 1 1 4 4 0 0 0 0 0 0 1 1 1 1 0 0 0 0 0 0 3 3 0 0 4 4 2 2 2 2 2 2 2 2 2 2 0 0 0 0 0 0 0 0 2 2 0 0 0 0 0 0 0 0 0 0 0 0 0 0 2 2 0 0 3 3 2 2 1 1 1 1 2 2 1 1 4 4 3 3 4 4 3 3 2 2 3 3 3 3 4 2 2 2 4 4 1 1 3 3 1 1 0 0 0 0 4 2 4 4 0 0 0 0 0 0 0 0 0 0 4 4 3 3 4 4 0 0 0 0 0 0 0 0 0 0 3 3 2 2 3 3 3 1 1 1 0 0 0 0 0 0 0 0 0 0 0 0 0 0 1 1 0 0 0 0
UPT_MEI_2017_019 4 4 1 1 1 1 3 3 3 3 1 1 3 3 2 2 1 1 1 1 3 3 2 2 4 4 4 4 4 4 4 4 4 4 1 1 4 4 4 4 3 3 4 4 4 3 2 2 4 4 3 1 4 2 2 2 3 3 1 1 1 1 1 1 2 2 2 2 1 1 4 4 1 1 4 3 4 1 3 2 2 2 1 1 2 2 1 1 2 2 1 1 3 3 4 4 4 4 4 4 2 2 3 3 2 4 4 4 4 4 4 2 2 2 1 3 2 2 4 4 1 1 1 1 4 4 3 3 1 1 4 4 1 1 1 3 4 2 1 1 2 4 4 4 1 2 3 1 3 4 3 4 3 2 1 4 1 1 1 1 4 4 1 1 1 3 2 2 3 3 3 3 2 2 4 4 2 3 3 3 1 1 4 2 2 2 3 3 2 2 3 3 1 1 4 4 1 1 3 3 2 2 1 3 1 1 1 1 2 3 3 3 3 3 0 0 4 4 2 2 2 2 0 0 2 1 2 1 1 1 2 2 2 2 3 3 2 2 3 3 3 3 3 3 2 2 2 2 2 2 2 2 2 2 1 1 3 3 2 2 1 1 1 1 2 2 1 1 4 4 3 3 4 4 3 3 2 2 3 3 3 3 4 4 2 2 4 4 1 1 3 3 1 1 1 1 3 3 4 2 4 4 4 4 3 3 1 2 3 3 2 2 2 2 3 3 4 4 2 2 2 2 2 2 4 4 4 4 3 3 2 2 3 3 0 0 1 1 2 2 3 3 2 2 3 1 3 4 2 4 0 0 1 1 2 2 3 3
UPT_MEI_2017_024 4 4 1 1 1 1 3 3 3 3 1 1 3 3 2 1 1 2 0 0 3 3 2 2 4 4 4 4 4 4 4 4 4 4 1 1 4 4 4 4 3 3 4 4 4 4 2 2 0 0 3 1 4 4 2 2 3 3 1 1 0 0 1 1 2 2 4 2 1 1 4 4 1 1 4 3 4 1 3 2 2 2 0 0 0 0 1 1 2 4 1 1 4 4 4 2 4 4 2 4 2 2 1 1 2 4 4 4 4 4 2 2 2 2 3 3 2 2 4 4 1 1 0 0 0 0 3 3 1 1 4 3 0 0 1 1 4 2 0 0 2 4 4 4 1 2 3 1 3 4 3 4 3 2 1 1 1 1 2 1 1 4 1 1 1 3 2 2 0 0 3 3 2 2 4 4 2 2 3 3 0 0 4 4 2 2 3 3 0 0 3 3 1 1 4 4 0 0 0 0 2 2 1 3 1 1 0 0 2 2 3 1 3 3 2 2 4 4 2 2 2 2 2 2 2 2 2 2 1 1 0 0 2 2 3 1 2 2 3 3 3 3 1 1 4 2 0 0 2 2 2 1 2 1 1 1 0 0 2 2 1 1 1 1 2 2 1 1 4 4 3 3 4 4 3 3 2 2 3 3 3 3 4 4 2 2 4 4 1 1 3 3 1 3 1 1 3 3 4 4 4 4 0 0 3 3 1 1 3 3 4 2 2 2 3 3 4 4 2 2 2 4 2 2 0 0 0 0 3 3 0 0 3 3 0 0 1 1 0 0 3 4 2 2 3 3 3 4 0 0 0 0 1 1 0 0 0 0
UPT_MEI_2017_027 4 4 1 1 1 1 3 3 3 3 1 1 3 3 2 2 1 1 0 0 3 3 2 2 4 4 4 4 4 2 4 4 4 4 1 1 4 4 4 4 3 3 4 4 4 4 2 2 3 3 3 1 4 4 2 2 3 3 1 1 1 1 1 1 2 2 2 2 1 4 4 1 1 1 0 0 0 0 3 2 2 2 1 3 2 4 0 0 2 2 1 1 3 3 4 4 4 4 2 2 0 0 0 0 2 4 4 4 4 4 4 4 2 2 1 1 2 2 4 4 1 2 1 1 2 2 3 1 1 3 4 3 0 0 1 1 4 4 1 1 2 4 4 4 1 2 3 1 3 4 3 4 3 2 0 0 0 0 2 1 1 4 1 1 1 3 2 2 3 3 3 3 2 2 4 4 0 0 3 3 1 1 0 0 2 2 3 4 2 1 0 0 1 1 4 4 3 3 3 3 2 2 3 3 1 4 1 4 2 2 3 1 3 3 2 2 4 4 0 0 2 2 2 2 0 0 0 0 1 1 2 2 2 2 3 3 2 2 3 4 3 3 1 3 2 2 2 2 0 0 2 1 2 1 1 1 3 3 2 2 1 1 1 1 2 2 1 1 4 4 3 3 4 4 3 3 2 2 3 3 3 3 4 2 2 2 4 1 1 1 3 3 1 1 3 1 3 3 4 2 4 3 3 3 3 1 1 1 3 3 4 4 2 2 3 3 4 4 0 0 2 2 0 0 4 4 4 4 3 3 2 2 3 3 3 1 1 1 0 0 3 3 2 4 3 1 3 4 0 0 1 1 1 1 4 4 4 4
UPT_MEI_2017_030 0 0 0 0 0 0 0 0 0 0 0 0 0 0 0 0 0 0 0 0 0 0 0 0 0 0 0 0 4 4 0 0 0 0 0 0 0 0 0 0 3 3 4 4 0 0 2 2 0 0 3 1 0 0 0 0 0 0 0 0 0 0 1 3 2 4 0 0 0 0 0 0 0 0 0 0 0 0 0 0 0 0 0 0 0 0 0 0 0 0 0 0 0 0 0 0 0 0 2 4 0 0 0 0 0 0 4 3 0 0 0 0 0 0 0 0 0 0 0 0 1 1 0 0 0 0 0 0 0 0 0 0 0 0 0 0 0 0 0 0 0 0 0 0 0 0 0 0 0 0 0 0 0 0 1 4 0 0 0 0 0 0 0 0 0 0 0 0 0 0 0 0 0 0 0 0 0 0 0 0 0 0 0 0 0 0 0 0 0 0 0 0 0 0 0 0 0 0 0 0 0 0 0 0 0 0 0 0 0 0 0 0 0 0 0 0 0 0 2 4 2 4 0 0 0 0 0 0 0 0 0 0 0 0 0 0 0 0 0 0 0 0 0 0 0 0 0 0 0 0 0 0 0 0 0 0 0 0 0 0 0 0 0 0 0 0 0 0 0 0 0 0 0 0 0 0 0 0 0 0 0 0 4 2 2 2 0 0 0 0 0 0 1 1 0 0 0 0 0 0 0 0 3 4 0 0 0 0 0 0 0 0 0 0 3 4 4 2 2 4 0 0 0 0 0 0 0 0 3 3 0 0 3 2 0 0 0 0 0 0 0 0 2 2 0 0 0 0 0 0 0 0 0 0 0 0 0 0
UPT_MEI_2017_039 4 4 1 1 1 1 3 3 3 3 1 1 3 1 2 1 1 1 1 1 3 3 2 2 4 4 4 4 4 4 4 4 4 4 1 1 4 4 4 1 3 3 4 4 4 4 2 2 4 4 3 1 4 4 2 2 3 3 1 1 1 1 1 1 2 2 0 0 1 1 4 4 0 0 3 3 1 1 2 2 2 2 1 1 2 2 1 1 2 2 1 1 4 3 4 4 4 4 4 4 0 0 1 1 4 4 4 4 4 4 4 2 2 2 1 3 2 2 4 4 1 1 1 1 4 4 3 3 1 3 4 3 3 3 1 1 4 2 1 1 2 4 4 4 1 2 3 1 3 4 3 4 3 2 4 4 1 1 2 1 1 4 1 1 3 3 2 2 3 3 3 3 2 2 4 4 2 2 3 3 1 1 4 4 2 2 3 3 2 2 3 3 1 1 4 1 1 1 3 2 2 2 1 1 1 1 1 1 3 3 3 1 3 3 2 2 4 4 2 2 2 2 2 4 2 2 2 1 1 3 2 2 2 2 3 3 2 2 3 4 3 3 1 3 2 2 2 2 2 2 2 2 2 2 1 4 3 3 2 2 1 1 1 1 2 2 1 1 4 4 3 3 4 4 3 3 2 2 3 3 3 3 4 2 2 4 4 4 1 1 3 3 1 1 1 1 0 0 4 4 4 4 3 4 3 3 1 1 3 3 4 4 2 2 3 4 4 2 2 4 2 2 2 2 4 3 4 3 3 3 2 2 3 3 0 0 1 1 2 4 4 4 2 2 3 3 4 4 2 4 1 1 1 1 4 4 0 0
UPT_MEI_2017_043 4 2 1 1 1 1 3 3 3 3 1 1 3 3 0 0 0 0 1 1 3 3 2 2 4 4 4 4 4 4 4 4 4 4 1 1 4 4 4 4 3 3 4 4 4 4 2 2 4 4 3 3 4 4 2 2 3 3 1 1 1 2 1 1 2 2 4 4 1 1 4 1 1 1 4 3 4 1 3 2 0 0 1 1 2 2 1 3 2 2 1 1 4 4 4 2 4 4 2 2 2 2 3 3 2 4 4 4 4 4 4 2 2 2 1 3 2 2 4 4 1 2 1 1 4 4 3 3 1 3 4 3 1 3 1 1 2 2 1 1 2 4 0 0 1 2 3 1 3 4 3 4 3 2 1 4 1 1 2 2 1 1 1 1 1 3 2 2 3 1 3 1 2 4 4 2 2 2 3 3 1 1 4 4 2 2 3 3 2 1 3 1 1 1 0 0 3 3 3 3 2 2 1 3 1 1 1 1 2 2 3 1 3 3 2 2 0 0 2 2 2 2 2 4 2 2 2 2 1 3 4 4 1 1 3 3 2 2 3 4 3 3 0 0 4 2 2 2 2 2 2 1 2 1 1 4 3 3 2 2 1 1 1 1 2 2 1 1 4 4 3 3 4 4 3 3 2 2 3 3 3 3 4 2 2 2 4 1 1 1 3 3 1 1 1 1 3 3 4 2 4 3 0 0 3 1 1 1 3 3 4 4 2 2 3 3 4 4 2 2 2 2 2 2 4 4 4 4 3 3 2 2 3 3 3 1 1 1 2 2 3 4 2 2 3 3 3 4 2 2 1 1 1 1 2 2 3 3
UPT_MEI_2017_044 4 4 1 1 0 0 0 0 0 0 0 0 3 3 2 1 1 2 0 0 3 3 2 2 0 0 0 0 4 4 4 4 4 4 1 1 4 4 4 4 3 3 4 4 4 4 2 2 4 4 3 1 2 2 2 2 3 3 1 1 0 0 1 1 2 2 4 2 1 1 4 1 1 1 4 3 4 1 3 2 2 2 1 1 2 2 0 0 2 4 0 0 4 4 4 4 4 4 2 2 2 4 0 0 2 4 4 4 0 0 0 0 0 0 0 0 0 0 0 0 1 1 1 1 4 2 3 3 1 1 4 3 3 3 0 0 0 0 0 0 2 4 4 4 1 2 3 1 3 4 3 4 3 2 1 1 0 0 2 1 1 4 0 0 1 3 2 2 3 1 3 1 2 4 4 2 2 2 3 2 1 1 0 0 2 2 3 3 1 1 3 3 1 1 4 4 1 1 3 3 2 2 1 3 1 1 1 1 0 0 3 3 0 0 2 1 4 4 2 2 2 2 0 0 0 0 0 0 1 1 0 0 0 0 0 0 2 2 3 3 3 3 1 3 0 0 2 2 2 2 0 0 0 0 1 1 3 3 2 2 1 1 1 1 2 2 1 1 4 4 3 3 4 4 3 3 2 2 3 3 3 3 4 4 2 2 4 4 1 1 3 3 0 0 3 1 3 3 0 0 4 4 4 4 3 3 1 1 3 3 4 4 0 0 3 4 4 2 2 4 2 4 0 0 4 3 4 3 3 3 2 2 3 3 0 0 1 1 2 2 3 3 2 2 3 3 4 4 2 2 0 0 1 1 2 2 3 3
UPT_MEI_2017_050 4 4 1 3 1 1 3 3 3 3 1 1 3 3 2 2 1 1 1 1 3 3 2 2 4 4 4 4 4 4 4 4 4 4 1 1 4 4 4 4 3 3 4 4 4 4 2 2 4 3 3 1 4 4 2 2 3 3 1 1 1 1 1 1 2 2 4 2 1 1 4 4 1 1 4 3 4 1 3 2 2 2 1 1 2 2 1 1 2 4 1 1 4 4 4 2 0 0 2 2 2 2 3 3 2 4 4 4 4 4 4 4 1 1 1 1 2 2 4 4 1 1 1 1 2 2 3 1 1 1 4 4 1 3 1 1 4 2 1 1 2 4 4 4 1 2 3 1 3 4 3 4 3 2 1 4 1 1 1 1 4 4 1 1 1 1 2 2 3 3 3 3 2 2 4 4 2 2 3 3 1 1 4 4 2 2 3 3 1 1 3 3 1 1 4 4 1 1 3 3 2 2 1 3 1 1 1 1 3 3 3 3 3 3 0 0 4 4 2 2 2 2 2 2 2 2 2 2 1 1 2 2 2 2 3 3 2 2 3 4 3 3 1 3 4 2 2 2 2 2 2 2 2 2 1 1 3 3 2 2 1 1 1 1 2 2 1 1 4 4 3 3 4 4 3 3 2 2 3 3 3 3 4 4 2 2 4 4 1 1 3 3 1 1 1 1 3 3 4 4 4 4 0 0 3 3 1 1 3 3 4 2 4 4 3 4 4 2 2 4 2 2 2 2 4 4 4 4 3 3 2 2 3 3 3 1 1 1 2 2 3 3 2 2 3 3 3 3 2 2 1 1 1 1 4 4 4 4
UPT_MEI_2017_052 4 4 1 3 1 1 3 3 3 3 1 1 0 0 2 2 1 1 1 1 3 3 2 2 4 4 4 4 4 4 4 4 4 4 1 1 4 4 4 4 3 3 4 4 4 4 2 2 4 4 3 1 4 4 2 2 3 3 1 1 1 1 1 1 2 2 4 2 1 1 4 1 1 1 4 3 4 1 3 2 2 2 1 1 2 2 1 1 2 4 1 1 4 3 0 0 4 4 2 2 2 2 3 3 2 4 4 4 4 4 4 2 2 2 1 3 2 2 4 4 1 2 1 3 4 2 1 1 1 1 4 4 3 3 1 1 2 2 1 1 2 4 4 2 1 2 3 1 3 4 3 4 3 2 1 1 1 4 1 1 4 4 1 1 1 3 2 4 3 3 3 3 2 2 4 4 0 0 0 0 1 3 4 4 2 2 3 3 2 1 3 1 1 1 4 4 3 3 3 2 2 2 1 3 1 1 1 4 2 3 3 1 3 3 2 2 4 4 2 2 0 0 0 0 2 2 2 2 1 1 2 4 2 1 3 3 2 2 3 4 3 3 1 3 4 2 0 0 2 2 2 1 2 1 1 1 3 3 2 2 1 1 1 1 2 2 1 1 4 4 3 3 4 4 3 3 2 2 3 3 3 3 4 2 2 2 4 1 1 1 3 3 1 1 3 1 3 3 4 4 4 4 3 4 3 1 1 1 3 3 4 2 2 2 3 4 4 2 2 4 2 4 2 2 4 3 4 3 3 3 2 2 3 3 0 0 1 1 2 2 3 3 2 2 3 3 4 4 2 2 0 0 1 1 2 2 0 0
UPT_MEI_2017_055 4 4 1 1 1 1 3 3 3 3 1 1 3 3 2 1 0 0 1 1 3 3 2 2 4 4 4 4 4 4 4 4 4 4 1 1 4 4 4 4 3 3 4 4 0 0 2 2 0 0 3 1 4 4 2 2 3 3 1 1 1 1 1 1 2 2 2 2 1 4 4 4 1 1 4 4 4 4 3 3 2 2 1 1 2 2 1 1 2 2 1 1 4 3 4 4 0 0 2 4 2 2 3 3 2 2 4 4 4 4 4 2 2 2 1 3 2 2 4 4 1 2 1 3 4 4 3 3 1 1 4 4 3 3 1 1 2 2 1 1 2 4 4 4 1 2 3 1 3 4 3 4 3 2 1 4 0 0 1 1 4 4 0 0 1 3 2 2 3 3 3 3 2 2 4 4 0 0 3 2 1 1 4 4 2 2 3 3 2 2 3 3 1 1 4 4 0 0 3 3 0 0 3 3 1 1 1 1 3 3 3 3 3 3 0 0 0 0 0 0 2 2 2 2 2 2 2 2 1 1 2 2 2 2 3 3 2 2 3 3 3 3 1 3 2 2 0 0 2 1 2 2 2 2 1 1 3 3 2 2 1 1 1 1 2 2 1 1 4 4 3 3 4 4 3 3 2 2 3 3 3 3 4 2 2 4 4 1 1 1 3 3 1 1 1 1 3 3 2 2 3 3 0 0 0 0 1 1 3 4 4 2 2 2 3 4 4 2 2 4 2 2 2 2 4 4 4 4 3 1 2 2 3 3 3 1 1 1 2 2 3 4 2 2 3 3 3 4 2 4 1 1 1 1 0 0 0 0
UPT_MEI_2017_059 4 4 1 1 1 1 3 3 3 3 1 1 3 3 0 0 1 1 1 1 3 3 2 2 4 4 4 4 4 4 4 4 4 4 1 1 4 4 4 4 3 3 4 4 4 4 2 2 4 3 3 1 4 2 2 2 3 3 1 1 1 1 1 1 2 2 4 4 1 1 4 4 1 1 4 3 4 1 3 2 2 2 1 1 2 2 1 1 2 2 1 1 4 3 4 4 4 4 2 4 2 2 3 1 2 4 4 4 4 4 4 2 2 2 1 3 2 2 4 4 1 1 1 1 4 4 3 3 1 1 4 4 1 3 1 1 4 2 1 1 2 4 4 4 1 2 3 1 3 4 3 4 3 2 1 4 1 1 1 1 4 4 1 1 1 3 2 2 3 3 3 3 2 2 4 4 0 0 3 2 1 1 4 2 2 2 3 3 2 2 3 3 1 1 4 4 3 1 3 3 2 2 3 3 1 1 1 1 2 3 3 1 3 3 2 2 0 0 2 2 2 2 2 2 2 2 2 2 1 3 2 4 2 1 3 3 2 2 3 4 3 3 1 3 4 4 2 2 2 2 2 1 2 1 1 1 3 3 2 2 1 1 1 1 2 2 1 1 4 4 3 3 4 4 3 3 2 2 3 3 3 3 4 4 2 2 4 1 1 1 3 3 1 1 3 1 3 3 4 4 4 4 3 4 3 3 1 1 3 3 4 2 2 4 3 4 4 2 2 4 2 2 2 4 4 4 4 4 3 3 2 4 3 3 3 1 1 1 2 2 3 4 2 2 3 3 4 4 2 2 1 1 1 1 2 4 3 4


0 0
0 0




0 0
0 0
0
0
0
0
0
0
