colony_input
colony_input
18
82
791991
1
2
1
0
0 0
0
1
0
0
1
2
0
10000
0
2
2
MK@
0@
0.01 0.01 0.01 0.01 0.01 0.01 0.01 0.01 0.01 0.01 0.01 0.01 0.01 0.01 0.01 0.01 0.01 0.01 0.01 0.01 0.01 0.01 0.01 0.01 0.01 0.01 0.01 0.01 0.01 0.01 0.01 0.01 0.01 0.01 0.01 0.01 0.01 0.01 0.01 0.01 0.01 0.01 0.01 0.01 0.01 0.01 0.01 0.01 0.01 0.01 0.01 0.01 0.01 0.01 0.01 0.01 0.01 0.01 0.01 0.01 0.01 0.01 0.01 0.01 0.01 0.01 0.01 0.01 0.01 0.01 0.01 0.01 0.01 0.01 0.01 0.01 0.01 0.01 0.01 0.01 0.01 0.01
0.01 0.01 0.01 0.01 0.01 0.01 0.01 0.01 0.01 0.01 0.01 0.01 0.01 0.01 0.01 0.01 0.01 0.01 0.01 0.01 0.01 0.01 0.01 0.01 0.01 0.01 0.01 0.01 0.01 0.01 0.01 0.01 0.01 0.01 0.01 0.01 0.01 0.01 0.01 0.01 0.01 0.01 0.01 0.01 0.01 0.01 0.01 0.01 0.01 0.01 0.01 0.01 0.01 0.01 0.01 0.01 0.01 0.01 0.01 0.01 0.01 0.01 0.01 0.01 0.01 0.01 0.01 0.01 0.01 0.01 0.01 0.01 0.01 0.01 0.01 0.01 0.01 0.01 0.01 0.01 0.01 0.01
WAL_MIL_2017_001 2 2 2 2 4 4 3 1 2 2 2 2 3 3 1 1 2 2 3 3 0 0 1 1 4 4 2 2 2 2 2 2 3 3 2 2 4 4 2 2 3 3 3 3 1 1 4 4 2 4 1 2 3 1 3 4 3 4 3 2 2 1 1 4 4 4 2 2 2 2 3 1 3 3 3 3 2 2 3 3 1 1 4 4 2 2 2 2 2 2 1 1 3 3 2 2 2 2 4 4 2 2 2 2 3 3 2 2 2 4 1 3 1 2 2 4 1 4 4 3 3 1 4 3 0 0 0 0 3 4 3 1 2 2 4 4 3 3 3 3 4 2 3 3 3 4 2 2 3 3 3 3 3 1 1 1 1 1 4 4 3 3 1 1
WAL_MIL_2017_003 2 1 2 2 4 4 3 1 2 2 2 2 3 3 1 1 2 2 3 3 0 0 1 1 4 4 2 2 2 2 2 2 3 3 2 2 4 4 2 2 3 3 1 3 1 1 4 2 2 4 1 2 3 1 3 4 3 4 3 2 1 1 4 4 4 4 2 2 2 2 3 3 3 3 3 3 2 2 3 3 1 1 4 4 2 2 2 2 2 2 1 1 3 3 2 2 2 2 4 4 2 2 2 2 3 3 2 2 2 4 1 3 1 2 2 4 1 4 4 3 3 1 4 3 3 4 2 4 3 4 3 1 2 2 4 4 3 3 3 3 4 2 3 3 3 4 2 2 3 3 3 3 3 1 1 1 1 1 4 4 3 3 1 1
WAL_MIL_2017_005 2 1 2 2 0 0 3 1 2 2 2 2 4 3 4 1 3 2 3 3 0 0 3 1 4 4 2 4 2 2 2 2 3 3 2 2 3 3 2 2 3 3 3 3 1 1 4 4 2 4 1 2 3 1 3 4 3 4 3 2 1 1 4 4 2 2 2 2 2 1 1 1 3 3 3 3 2 2 3 3 1 1 4 4 2 4 2 2 2 2 1 1 3 3 2 2 2 2 4 4 2 2 2 2 3 3 2 2 2 4 1 3 1 2 2 4 0 0 4 3 3 1 0 0 0 0 2 4 3 4 3 1 2 2 4 4 3 1 3 3 4 4 3 3 3 4 2 2 3 3 3 3 3 1 1 1 1 1 4 4 3 3 1 1
WAL_MIL_2017_007 2 2 2 2 4 4 3 1 2 2 2 2 4 3 4 1 3 2 3 3 2 1 1 1 4 4 2 2 2 2 2 2 3 3 2 2 3 4 2 2 3 3 1 3 1 1 4 2 2 4 1 2 3 1 3 4 3 4 3 2 2 2 1 1 2 4 2 2 2 1 3 1 3 3 3 3 2 2 3 3 1 1 4 4 4 4 2 2 2 2 1 1 3 3 2 2 2 2 4 4 2 2 2 2 3 3 2 2 2 4 1 3 1 2 2 4 1 4 4 3 3 1 4 3 3 4 2 4 3 4 3 1 2 2 4 4 3 3 3 3 4 4 3 3 3 3 2 2 3 3 3 3 3 1 1 1 1 1 4 4 3 3 1 1
WAL_MIL_2017_010 2 2 2 2 4 4 3 1 2 2 2 2 3 3 1 1 2 2 0 0 0 0 3 1 4 4 2 4 2 2 2 2 3 3 2 2 3 4 2 2 3 3 3 3 1 1 4 2 2 4 1 2 3 1 3 4 3 4 3 2 2 1 1 4 2 4 0 0 2 1 0 0 3 3 3 1 3 3 3 3 0 0 4 4 2 2 0 0 0 0 1 1 3 3 2 2 2 2 4 4 2 2 2 2 3 3 2 2 2 4 1 3 1 2 2 4 1 4 4 3 3 1 4 3 0 0 0 0 3 4 3 1 2 2 4 4 3 3 3 3 4 2 3 3 4 4 2 2 3 3 3 3 3 1 1 1 1 1 4 4 3 1 1 4
WAL_MIL_2017_011 0 0 0 0 0 0 3 1 0 0 2 2 3 3 1 1 2 2 0 0 0 0 0 0 0 0 0 0 0 0 0 0 0 0 0 0 0 0 2 3 3 3 3 3 1 3 0 0 0 0 0 0 0 0 0 0 0 0 0 0 2 1 1 4 2 4 0 0 0 0 0 0 0 0 0 0 0 0 0 0 0 0 0 0 0 0 0 0 0 0 0 0 3 3 0 0 0 0 0 0 0 0 0 0 3 3 0 0 2 4 1 3 1 2 2 4 1 4 4 3 3 1 4 3 3 4 2 4 3 4 3 1 0 0 4 4 0 0 0 0 0 0 0 0 0 0 2 4 0 0 0 0 0 0 1 1 1 1 0 0 0 0 0 0
WAL_MIL_2017_013 2 2 2 2 4 1 3 1 2 2 2 2 4 3 4 1 3 2 3 3 2 1 3 1 4 2 2 4 2 4 2 1 3 1 2 2 4 4 2 2 3 3 1 3 1 1 4 4 2 4 1 2 3 1 3 4 3 4 3 2 2 1 1 4 2 4 2 2 2 2 3 1 3 3 3 3 3 3 3 3 1 1 4 1 4 4 2 2 2 2 1 1 3 3 2 2 2 2 4 4 2 2 2 2 3 3 2 2 2 4 1 3 1 2 2 4 1 4 4 3 3 1 4 3 3 4 2 4 3 4 3 1 2 2 1 4 3 3 3 3 4 2 3 3 3 3 2 2 3 3 3 3 3 1 1 1 1 1 4 4 3 3 1 1
WAL_MIL_2017_015 0 0 2 2 4 4 3 1 2 2 2 2 4 3 4 1 3 2 3 3 0 0 3 1 4 4 2 2 2 2 2 2 3 3 2 2 4 4 2 2 3 3 1 3 1 1 4 4 2 4 1 2 3 1 3 4 3 4 3 2 2 2 1 1 2 4 2 2 2 1 1 1 3 3 3 3 2 2 3 3 0 0 4 4 4 4 2 2 2 2 1 1 3 3 2 2 2 2 4 4 2 2 2 2 3 3 2 2 2 4 1 3 1 2 2 4 1 4 4 3 3 1 4 3 3 4 2 4 3 4 3 1 2 2 4 4 3 3 3 3 4 4 3 3 3 3 2 2 3 3 3 3 3 1 1 1 1 1 4 4 3 3 0 0
WAL_MIL_2017_018 2 2 2 2 4 4 3 1 2 2 2 2 4 3 4 1 3 2 3 3 0 0 1 1 4 4 0 0 0 0 2 2 3 3 2 2 3 4 2 2 0 0 3 3 1 1 4 2 2 4 1 2 3 1 3 4 3 4 3 2 1 1 4 4 2 4 2 2 2 1 3 1 3 3 3 3 3 2 3 3 1 1 0 0 2 2 2 2 2 2 1 1 3 3 2 2 0 0 4 4 2 2 2 2 3 3 2 4 0 0 0 0 1 1 2 2 1 1 4 4 3 3 4 4 3 3 2 2 0 0 0 0 2 2 4 4 3 3 3 3 2 2 3 3 3 3 0 0 3 3 3 3 0 0 1 1 1 1 4 4 3 3 1 1
WAL_MIL_2017_019 2 1 4 2 4 4 3 1 2 4 0 0 4 3 4 1 3 2 3 3 0 0 3 1 0 0 0 0 0 0 0 0 0 0 2 2 4 4 0 0 3 3 3 3 0 0 4 2 2 4 1 2 3 1 3 4 3 3 3 3 2 2 1 1 2 4 0 0 2 2 3 1 3 4 3 3 2 2 3 3 0 0 4 1 2 2 0 0 2 1 1 1 3 3 2 2 0 0 4 4 2 2 2 2 3 3 2 2 2 4 1 3 1 2 2 4 1 4 4 3 3 1 4 3 0 0 0 0 3 4 3 1 2 2 0 0 3 3 3 1 0 0 3 3 3 4 0 0 3 3 3 3 3 1 1 1 1 1 4 4 3 3 0 0
WAL_MIL_2017_021 2 2 2 2 4 4 3 1 2 2 2 2 3 3 1 1 2 2 3 3 0 0 1 1 4 4 2 2 2 2 2 2 3 3 2 2 3 4 2 2 3 3 3 3 1 1 4 2 2 4 1 2 3 1 3 4 3 4 3 2 2 2 1 1 2 4 2 2 2 2 3 1 3 3 3 3 3 2 3 3 1 1 4 4 2 2 2 2 0 0 1 1 3 3 2 2 2 2 4 4 2 2 2 2 3 3 2 2 2 4 1 3 1 2 2 4 1 1 4 3 0 0 4 4 3 3 2 2 3 4 3 1 2 2 4 4 3 3 3 3 4 4 3 3 3 3 2 2 3 3 3 3 3 1 1 1 1 1 4 4 3 3 1 1
WAL_MIL_2017_026 2 2 2 2 4 4 3 1 2 2 2 2 3 3 1 1 2 2 3 3 0 0 1 1 4 4 2 4 2 2 2 2 3 3 2 2 3 4 2 2 3 3 1 3 1 1 4 4 2 4 1 2 3 1 3 4 3 4 3 2 2 1 1 4 2 4 2 2 2 2 3 1 3 3 3 3 3 3 3 3 1 1 4 4 2 2 2 2 2 2 1 1 3 3 2 2 2 2 4 4 2 2 2 2 3 3 2 2 2 4 1 3 1 2 2 4 1 1 4 3 3 1 0 0 3 3 2 2 3 4 3 1 2 2 4 4 3 3 3 3 4 4 3 3 3 4 2 2 3 3 3 3 3 1 1 1 1 1 4 4 3 3 1 1
WAL_MIL_2017_027 2 1 2 2 4 4 3 1 2 2 2 2 3 3 1 1 2 2 4 3 0 0 3 3 4 4 2 4 0 0 0 0 0 0 2 2 4 4 2 2 3 3 3 3 1 1 4 4 2 4 1 2 3 1 3 4 3 4 3 2 2 1 1 4 2 2 0 0 2 2 3 3 3 3 0 0 3 2 3 3 1 4 4 4 2 4 2 2 2 2 1 1 3 3 2 2 2 2 1 4 0 0 0 0 0 0 2 2 2 4 1 3 1 2 2 4 1 4 4 3 3 1 4 3 0 0 0 0 3 4 3 1 2 2 4 4 3 3 3 3 4 4 0 0 3 3 2 2 3 3 3 3 0 0 0 0 1 1 4 4 3 3 0 0
WAL_MIL_2017_030 2 1 2 2 0 0 3 1 2 2 2 2 4 3 4 1 3 2 3 3 0 0 3 1 4 4 2 2 2 2 2 2 3 3 2 2 3 4 2 2 3 1 3 3 1 1 4 2 2 4 1 2 3 1 3 4 3 4 3 2 2 1 1 4 0 0 2 2 2 1 3 1 3 3 3 3 2 2 3 4 1 1 4 4 0 0 2 2 2 2 1 1 3 1 2 2 2 2 4 4 2 2 2 2 3 3 2 2 2 4 1 3 1 2 2 4 1 4 4 3 3 1 4 3 3 4 2 4 3 4 3 1 4 2 4 4 3 3 3 3 2 2 3 4 0 0 2 4 3 3 3 3 3 1 1 1 1 2 4 4 3 3 0 0
WAL_MIL_2017_032 2 2 2 2 0 0 3 1 2 2 2 2 3 3 1 1 2 2 4 3 0 0 1 1 0 0 0 0 2 2 2 2 3 3 2 2 4 4 2 2 3 3 0 0 1 1 0 0 2 2 1 1 3 3 0 0 0 0 0 0 0 0 0 0 2 4 0 0 0 0 3 1 3 3 0 0 0 0 3 3 0 0 0 0 2 2 2 1 2 1 3 1 3 3 0 0 2 2 4 4 2 4 2 4 3 1 2 2 2 4 1 3 1 2 2 4 1 4 4 3 3 1 4 3 3 4 2 4 3 4 3 1 2 2 0 0 3 1 3 3 0 0 3 3 0 0 2 4 0 0 0 0 0 0 1 3 1 1 4 4 3 3 0 0
WAL_MIL_2017_033 2 2 2 2 4 4 3 1 2 2 2 2 3 3 1 1 2 2 3 3 0 0 3 1 4 4 2 4 2 2 2 2 3 3 2 2 4 4 2 2 3 3 3 3 1 1 4 4 2 4 1 2 3 1 3 4 3 4 3 2 2 1 1 4 2 2 0 0 2 2 3 3 3 3 3 3 3 2 3 3 1 1 4 4 2 4 2 2 2 2 1 1 3 3 2 2 2 2 4 4 2 2 2 2 3 3 2 2 2 4 1 3 1 2 2 4 1 4 4 3 3 1 4 3 3 4 2 4 3 4 3 1 4 4 4 4 3 3 3 3 4 2 3 3 3 3 2 2 3 3 3 3 3 1 1 1 1 1 4 4 3 3 1 1
WAL_MIL_2017_034 2 2 2 2 4 4 3 1 2 2 2 4 3 3 1 1 2 2 4 3 0 0 1 1 0 0 2 2 2 2 2 2 3 3 2 2 3 4 2 2 3 3 1 3 1 1 4 2 2 4 1 2 3 1 3 4 3 4 3 2 2 1 1 4 4 4 2 3 2 2 0 0 3 3 3 3 2 2 3 3 1 1 4 4 2 4 2 2 2 2 1 1 3 3 2 1 2 2 4 4 2 2 2 2 3 3 2 2 2 4 1 3 1 2 2 4 1 4 4 3 3 1 4 3 3 4 2 4 3 4 3 1 2 2 4 4 3 3 3 3 0 0 3 3 3 4 2 2 4 3 4 3 3 1 1 1 1 1 4 4 3 3 1 1
WAL_MIL_2017_036 2 2 4 2 4 4 3 1 2 2 2 2 3 3 1 1 2 2 0 0 0 0 3 1 4 4 0 0 2 2 2 2 3 3 2 4 3 4 2 2 3 3 1 3 1 1 4 2 2 4 1 2 3 1 3 4 3 4 3 2 2 1 1 4 4 4 2 2 2 1 1 1 3 3 3 3 2 2 3 3 1 1 4 4 2 4 2 2 0 0 1 1 3 3 2 2 2 1 4 4 0 0 0 0 0 0 2 2 2 4 1 3 1 2 2 4 1 4 4 3 3 1 4 3 3 4 2 4 3 4 3 1 2 2 4 4 3 3 3 3 4 2 3 3 3 4 0 0 3 3 3 3 0 0 1 1 1 1 4 2 3 3 0 0


0 0
0 0




0 0
0 0
0
0
0
0
0
0
