colony_input
colony_input
58
345
794357
1
2
1
0
0 0
0
1
0
0
1
2
0
10000
0
2
2
MK@
0@
0.01 0.01 0.01 0.01 0.01 0.01 0.01 0.01 0.01 0.01 0.01 0.01 0.01 0.01 0.01 0.01 0.01 0.01 0.01 0.01 0.01 0.01 0.01 0.01 0.01 0.01 0.01 0.01 0.01 0.01 0.01 0.01 0.01 0.01 0.01 0.01 0.01 0.01 0.01 0.01 0.01 0.01 0.01 0.01 0.01 0.01 0.01 0.01 0.01 0.01 0.01 0.01 0.01 0.01 0.01 0.01 0.01 0.01 0.01 0.01 0.01 0.01 0.01 0.01 0.01 0.01 0.01 0.01 0.01 0.01 0.01 0.01 0.01 0.01 0.01 0.01 0.01 0.01 0.01 0.01 0.01 0.01 0.01 0.01 0.01 0.01 0.01 0.01 0.01 0.01 0.01 0.01 0.01 0.01 0.01 0.01 0.01 0.01 0.01 0.01 0.01 0.01 0.01 0.01 0.01 0.01 0.01 0.01 0.01 0.01 0.01 0.01 0.01 0.01 0.01 0.01 0.01 0.01 0.01 0.01 0.01 0.01 0.01 0.01 0.01 0.01 0.01 0.01 0.01 0.01 0.01 0.01 0.01 0.01 0.01 0.01 0.01 0.01 0.01 0.01 0.01 0.01 0.01 0.01 0.01 0.01 0.01 0.01 0.01 0.01 0.01 0.01 0.01 0.01 0.01 0.01 0.01 0.01 0.01 0.01 0.01 0.01 0.01 0.01 0.01 0.01 0.01 0.01 0.01 0.01 0.01 0.01 0.01 0.01 0.01 0.01 0.01 0.01 0.01 0.01 0.01 0.01 0.01 0.01 0.01 0.01 0.01 0.01 0.01 0.01 0.01 0.01 0.01 0.01 0.01 0.01 0.01 0.01 0.01 0.01 0.01 0.01 0.01 0.01 0.01 0.01 0.01 0.01 0.01 0.01 0.01 0.01 0.01 0.01 0.01 0.01 0.01 0.01 0.01 0.01 0.01 0.01 0.01 0.01 0.01 0.01 0.01 0.01 0.01 0.01 0.01 0.01 0.01 0.01 0.01 0.01 0.01 0.01 0.01 0.01 0.01 0.01 0.01 0.01 0.01 0.01 0.01 0.01 0.01 0.01 0.01 0.01 0.01 0.01 0.01 0.01 0.01 0.01 0.01 0.01 0.01 0.01 0.01 0.01 0.01 0.01 0.01 0.01 0.01 0.01 0.01 0.01 0.01 0.01 0.01 0.01 0.01 0.01 0.01 0.01 0.01 0.01 0.01 0.01 0.01 0.01 0.01 0.01 0.01 0.01 0.01 0.01 0.01 0.01 0.01 0.01 0.01 0.01 0.01 0.01 0.01 0.01 0.01 0.01 0.01 0.01 0.01 0.01 0.01 0.01 0.01 0.01 0.01 0.01 0.01 0.01 0.01 0.01 0.01 0.01 0.01 0.01 0.01 0.01 0.01 0.01 0.01 0.01 0.01 0.01 0.01 0.01 0.01 0.01 0.01 0.01 0.01 0.01 0.01 0.01 0.01 0.01 0.01 0.01 0.01
0.01 0.01 0.01 0.01 0.01 0.01 0.01 0.01 0.01 0.01 0.01 0.01 0.01 0.01 0.01 0.01 0.01 0.01 0.01 0.01 0.01 0.01 0.01 0.01 0.01 0.01 0.01 0.01 0.01 0.01 0.01 0.01 0.01 0.01 0.01 0.01 0.01 0.01 0.01 0.01 0.01 0.01 0.01 0.01 0.01 0.01 0.01 0.01 0.01 0.01 0.01 0.01 0.01 0.01 0.01 0.01 0.01 0.01 0.01 0.01 0.01 0.01 0.01 0.01 0.01 0.01 0.01 0.01 0.01 0.01 0.01 0.01 0.01 0.01 0.01 0.01 0.01 0.01 0.01 0.01 0.01 0.01 0.01 0.01 0.01 0.01 0.01 0.01 0.01 0.01 0.01 0.01 0.01 0.01 0.01 0.01 0.01 0.01 0.01 0.01 0.01 0.01 0.01 0.01 0.01 0.01 0.01 0.01 0.01 0.01 0.01 0.01 0.01 0.01 0.01 0.01 0.01 0.01 0.01 0.01 0.01 0.01 0.01 0.01 0.01 0.01 0.01 0.01 0.01 0.01 0.01 0.01 0.01 0.01 0.01 0.01 0.01 0.01 0.01 0.01 0.01 0.01 0.01 0.01 0.01 0.01 0.01 0.01 0.01 0.01 0.01 0.01 0.01 0.01 0.01 0.01 0.01 0.01 0.01 0.01 0.01 0.01 0.01 0.01 0.01 0.01 0.01 0.01 0.01 0.01 0.01 0.01 0.01 0.01 0.01 0.01 0.01 0.01 0.01 0.01 0.01 0.01 0.01 0.01 0.01 0.01 0.01 0.01 0.01 0.01 0.01 0.01 0.01 0.01 0.01 0.01 0.01 0.01 0.01 0.01 0.01 0.01 0.01 0.01 0.01 0.01 0.01 0.01 0.01 0.01 0.01 0.01 0.01 0.01 0.01 0.01 0.01 0.01 0.01 0.01 0.01 0.01 0.01 0.01 0.01 0.01 0.01 0.01 0.01 0.01 0.01 0.01 0.01 0.01 0.01 0.01 0.01 0.01 0.01 0.01 0.01 0.01 0.01 0.01 0.01 0.01 0.01 0.01 0.01 0.01 0.01 0.01 0.01 0.01 0.01 0.01 0.01 0.01 0.01 0.01 0.01 0.01 0.01 0.01 0.01 0.01 0.01 0.01 0.01 0.01 0.01 0.01 0.01 0.01 0.01 0.01 0.01 0.01 0.01 0.01 0.01 0.01 0.01 0.01 0.01 0.01 0.01 0.01 0.01 0.01 0.01 0.01 0.01 0.01 0.01 0.01 0.01 0.01 0.01 0.01 0.01 0.01 0.01 0.01 0.01 0.01 0.01 0.01 0.01 0.01 0.01 0.01 0.01 0.01 0.01 0.01 0.01 0.01 0.01 0.01 0.01 0.01 0.01 0.01 0.01 0.01 0.01 0.01 0.01 0.01 0.01 0.01 0.01 0.01 0.01 0.01 0.01 0.01 0.01 0.01 0.01 0.01 0.01 0.01 0.01
WAL_BYD_2015_001 4 4 2 2 4 2 0 0 0 0 0 0 3 3 3 3 2 2 0 0 0 0 0 0 0 0 2 2 0 0 0 0 1 1 2 2 4 4 0 0 0 0 0 0 2 2 1 1 2 2 3 3 3 1 0 0 0 0 0 0 4 4 1 1 4 4 1 1 1 1 0 0 2 2 0 0 0 0 0 0 0 0 0 0 0 0 0 0 1 1 4 4 4 4 4 4 3 3 1 1 1 1 2 2 1 1 4 4 1 1 1 1 3 3 4 4 0 0 0 0 1 1 2 2 4 4 0 0 3 3 4 3 0 0 3 3 0 0 0 0 3 3 0 0 0 0 0 0 0 0 0 0 0 0 0 0 0 0 0 0 0 0 4 4 2 2 0 0 4 4 2 2 0 0 0 0 0 0 2 4 2 2 1 1 1 1 0 0 0 0 0 0 2 2 3 3 2 2 2 2 3 3 4 4 1 1 0 0 4 4 3 3 0 0 0 0 0 0 4 2 0 0 0 0 0 0 0 0 0 0 0 0 2 2 3 3 0 0 0 0 0 0 0 0 0 0 0 0 1 1 0 0 0 0 0 0 0 0 1 1 3 3 0 0 0 0 0 0 1 4 0 0 4 4 0 0 4 4 1 1 0 0 0 0 0 0 4 4 3 3 2 2 1 1 0 0 0 0 2 2 2 1 1 4 1 1 0 0 2 2 0 0 4 4 4 4 1 1 1 1 1 3 2 2 0 0 0 0 0 0 0 0 3 3 2 2 2 2 3 3 0 0 3 3 0 0 1 1 4 4 3 3 4 4 1 1 1 1 0 0 0 0 0 0 4 2 1 1 2 2 0 0 2 2 0 0 0 0 0 0 3 3 4 4 2 4 0 0 0 0 2 2 3 3 0 0 3 3 0 0 0 0 0 0 3 3 2 2 0 0 0 0 0 0 3 3 0 0 0 0 0 0 0 0 0 0 0 0 2 2 0 0 3 3 4 4 1 1 1 1 2 2 3 3 4 4 0 0 4 4 2 2 0 0 0 0 0 0 0 0 0 0 0 0 0 0 1 1 0 0 3 3 2 2 0 0 3 1 0 0 0 0 0 0 4 4 1 1 0 0 0 0 0 0 0 0 0 0 0 0 0 0 0 0 1 1 0 0 0 0 0 0 2 2 4 4 2 2 1 1 0 0 0 0 1 1 3 3 4 4 0 0 0 0 0 0 0 0 0 0 0 0 0 0 0 0 0 0 0 0 0 0 0 0 0 0 0 0 0 0 0 0 0 0 0 0 0 0 0 0 4 4 3 3 1 4 3 3 0 0 3 3 3 3 0 0 3 3 1 1 0 0 0 0 0 0 0 0 4 2 0 0 0 0 0 0 0 0 4 4 3 3 1 1 3 3 1 1 4 4 4 4 3 3 0 0 0 0 0 0 0 0 0 0 0 0 0 0 0 0 2 2 3 3 3 3 3 3 3 1 0 0 0 0 1 1 0 0 3 3 4 4 1 1 0 0 0 0 4 4 2 2 0 0 0 0 3 3 0 0 0 0 0 0 3 3 0 0 0 0
WAL_BYD_2015_002 4 4 2 2 4 4 4 4 2 2 4 4 3 3 0 0 0 0 0 0 0 0 0 0 0 0 2 2 4 4 4 4 0 0 4 2 4 4 4 1 2 2 4 4 2 2 0 0 2 2 3 3 3 1 3 3 4 4 0 0 0 0 1 1 4 4 1 1 1 1 0 0 0 0 1 1 1 1 4 4 2 2 2 2 1 1 4 4 1 1 4 4 4 3 4 1 3 2 1 1 1 1 2 2 1 1 4 4 1 1 1 1 3 3 0 0 3 3 2 2 1 1 2 2 4 4 3 3 3 3 3 3 0 0 0 0 0 0 0 0 3 3 0 0 0 0 0 0 4 4 4 4 2 2 2 2 0 0 0 0 0 0 4 2 2 4 3 3 4 4 2 2 2 2 0 0 0 0 2 2 2 1 0 0 1 1 3 3 1 1 2 2 2 2 3 3 2 2 2 2 3 3 4 4 1 1 0 0 0 0 3 3 1 1 3 3 2 2 2 2 3 4 3 3 3 3 1 1 1 1 4 4 2 2 3 3 3 3 2 2 1 3 3 3 4 4 3 3 1 1 0 0 1 1 1 1 2 4 1 2 3 1 3 4 3 4 3 2 0 0 0 0 4 4 2 2 4 4 1 1 0 0 0 0 4 4 4 4 3 3 2 2 1 1 2 2 4 4 2 2 2 1 1 4 1 1 3 3 2 2 4 4 4 4 4 4 1 1 1 1 1 1 0 0 0 0 0 0 0 0 0 0 3 3 2 2 0 0 3 3 2 2 0 0 2 2 1 1 4 4 3 3 4 4 1 1 1 1 3 3 1 1 3 3 0 0 0 0 0 0 2 1 2 2 2 2 0 0 0 0 3 3 4 4 2 2 0 0 0 0 2 2 3 3 0 0 3 3 0 0 0 0 4 4 3 3 2 2 0 0 3 3 0 0 3 3 0 0 0 0 3 3 3 3 0 0 1 1 2 2 1 1 3 3 4 4 1 1 1 1 2 2 3 3 4 4 0 0 4 4 2 2 1 1 3 3 0 0 0 0 0 0 0 0 0 0 3 1 1 1 3 3 2 2 0 0 3 3 4 4 1 1 3 3 4 4 1 1 0 0 0 0 0 0 3 3 3 4 0 0 0 0 1 3 1 1 3 3 3 3 0 0 2 2 4 4 2 2 1 1 2 2 0 0 1 1 3 3 4 4 1 1 3 3 0 0 2 2 3 3 3 3 3 3 0 0 0 0 1 1 2 2 1 4 4 4 3 1 4 3 3 3 2 4 3 3 3 3 2 2 4 4 3 3 0 0 0 0 0 0 3 3 3 3 0 0 3 3 1 1 1 1 3 3 3 3 3 3 4 4 0 0 0 0 0 0 0 0 3 3 3 3 1 1 3 3 0 0 0 0 4 4 3 3 0 0 0 0 0 0 4 4 2 2 3 3 1 1 2 2 0 0 0 0 0 0 0 0 0 0 0 0 0 0 1 2 0 0 3 3 4 4 1 1 2 2 3 3 4 4 2 2 3 3 3 3 3 3 2 2 1 1 4 4 3 3 2 4 3 4
WAL_BYD_2015_003 4 4 2 2 4 4 4 4 2 2 4 4 3 3 3 3 2 2 0 0 0 0 0 0 0 0 2 2 4 4 4 4 1 1 4 2 4 4 0 0 2 2 0 0 2 2 0 0 2 2 3 3 3 1 3 3 4 4 4 4 4 4 1 1 4 4 1 1 1 1 0 0 2 2 1 1 1 1 4 4 2 2 2 2 1 1 4 4 1 1 4 4 4 3 4 1 3 2 1 1 1 1 2 2 1 1 4 4 1 1 1 1 3 3 4 4 0 0 0 0 1 1 2 2 4 4 3 3 1 3 3 3 3 3 3 3 0 0 3 3 3 3 0 0 0 0 0 0 4 4 4 4 0 0 2 2 4 4 1 1 4 4 4 2 2 2 3 3 4 4 2 2 2 2 2 2 2 2 2 2 2 2 1 1 1 1 3 3 1 1 2 2 2 2 3 3 2 2 2 2 3 3 4 4 1 1 4 4 4 4 3 3 1 1 3 3 2 2 2 2 3 4 3 3 0 0 1 1 1 1 4 4 2 2 3 3 3 3 2 2 1 3 3 3 4 4 3 3 1 1 4 2 1 1 1 1 2 4 1 2 3 1 3 4 3 4 3 2 4 4 4 4 4 4 2 2 4 4 1 1 0 0 0 0 4 4 4 4 3 3 2 2 1 1 2 2 4 4 2 2 0 0 0 0 1 1 3 3 0 0 0 0 4 4 4 4 1 1 1 1 1 1 0 0 1 1 1 1 4 4 3 3 3 3 2 2 0 0 3 3 0 0 3 3 2 2 1 1 4 4 3 3 4 4 1 1 1 1 0 0 0 0 3 3 4 2 1 1 2 2 2 2 2 2 2 2 3 1 2 2 3 3 4 4 2 2 0 0 0 0 2 2 3 3 0 0 0 0 0 0 0 0 4 4 3 3 3 2 1 1 3 3 0 0 0 0 1 1 0 0 3 3 3 3 2 2 1 1 2 2 1 1 3 3 4 4 1 1 1 1 2 2 3 3 4 4 0 0 4 4 2 2 1 1 3 3 2 2 2 1 2 1 2 2 1 1 1 1 1 1 3 1 2 2 4 4 3 3 0 0 0 0 3 3 4 4 1 1 3 3 3 3 1 1 3 3 3 3 1 1 2 2 1 1 1 1 3 3 3 3 0 0 2 2 4 4 2 2 1 1 2 1 0 0 1 1 3 3 0 0 1 1 3 3 2 2 2 2 3 3 3 3 0 0 2 2 1 1 1 1 2 2 1 1 4 4 3 3 4 4 3 3 2 2 3 3 3 3 2 2 4 4 3 3 1 4 3 3 1 1 3 3 3 3 1 1 3 1 1 1 1 1 3 3 0 0 0 0 4 2 3 3 2 2 3 3 1 1 0 0 3 3 1 1 3 3 1 1 4 4 0 0 3 3 0 0 0 0 0 0 4 4 2 2 3 3 1 1 2 2 0 0 3 3 3 3 3 3 3 1 4 4 2 2 1 1 2 2 3 3 4 4 1 1 0 0 3 3 4 4 2 2 3 3 3 3 3 3 2 2 1 1 4 4 3 3 2 2 0 0
WAL_BYD_2015_004 0 0 0 0 4 4 0 0 0 0 0 0 0 0 0 0 0 0 0 0 0 0 0 0 0 0 2 2 0 0 0 0 1 1 2 2 4 4 4 4 2 2 0 0 2 2 0 0 2 2 3 3 3 1 3 3 4 4 4 4 4 4 1 1 4 4 1 1 1 1 0 0 0 0 0 0 0 0 4 4 0 0 2 2 0 0 4 4 1 1 4 4 4 3 4 1 3 2 1 1 1 1 2 2 1 1 4 4 0 0 1 1 3 3 0 0 3 3 0 0 1 1 0 0 0 0 0 0 0 0 3 3 3 3 0 0 3 1 0 0 3 3 4 4 1 1 3 3 4 4 4 4 0 0 2 2 4 4 1 1 4 4 0 0 0 0 0 0 4 4 2 2 2 2 2 2 2 4 2 2 2 2 1 3 1 1 0 0 0 0 0 0 2 2 3 3 2 4 2 1 3 1 4 2 1 3 0 0 0 0 3 3 1 3 0 0 2 3 2 2 4 4 3 3 3 3 0 0 0 0 0 0 0 0 3 3 0 0 0 0 0 0 0 0 0 0 0 0 1 3 2 2 1 1 1 1 2 4 1 2 3 1 3 4 3 4 3 2 0 0 2 4 4 4 0 0 0 0 0 0 0 0 0 0 0 0 0 0 0 0 2 2 1 1 2 2 4 4 2 2 2 2 1 1 0 0 3 3 2 2 0 0 4 4 4 4 1 1 1 1 1 1 2 2 0 0 0 0 0 0 0 0 3 3 0 0 2 3 3 3 0 0 0 0 0 0 0 0 4 4 3 3 4 4 1 1 0 0 3 3 1 1 3 3 0 0 1 1 2 2 0 0 2 2 2 2 0 0 0 0 0 0 0 0 2 2 0 0 0 0 2 2 3 3 3 3 3 3 1 1 0 0 0 0 3 3 0 0 0 0 0 0 0 0 3 3 1 1 4 4 0 0 0 0 0 0 1 1 2 2 0 0 3 3 4 4 1 1 1 1 2 2 3 3 4 4 2 4 0 0 2 2 1 1 3 3 2 2 0 0 0 0 0 0 0 0 3 1 0 0 3 3 2 1 0 0 0 0 4 4 1 1 3 3 4 4 1 1 0 0 0 0 0 0 0 0 0 0 0 0 0 0 0 0 1 1 3 3 3 3 3 3 2 2 0 0 2 2 1 1 2 2 0 0 0 0 3 3 0 0 0 0 0 0 0 0 0 0 0 0 0 0 3 3 2 4 1 3 1 2 0 0 0 0 0 0 3 1 0 0 3 3 2 2 3 4 3 1 2 2 4 4 3 3 4 4 3 3 1 1 3 3 3 3 1 1 3 1 1 1 1 1 3 3 0 0 0 0 4 4 3 3 2 2 3 3 1 1 0 0 3 3 1 1 3 3 0 0 4 4 2 4 3 3 2 2 4 4 2 2 4 4 2 2 3 3 1 1 0 0 0 0 4 3 4 3 0 0 3 1 4 4 2 1 1 2 2 2 3 3 4 4 1 1 0 0 3 3 4 4 2 2 0 0 0 0 3 3 2 2 1 1 4 4 3 3 2 2 0 0
WAL_BYD_2015_005 4 4 2 2 4 4 4 4 2 2 4 4 3 3 0 0 2 2 0 0 0 0 0 0 0 0 2 2 4 4 4 4 1 1 2 2 4 4 0 0 2 4 0 0 2 2 1 1 0 0 0 0 3 1 3 3 4 4 4 4 4 4 1 1 4 4 1 1 0 0 0 0 2 2 1 1 1 1 4 4 0 0 0 0 0 0 0 0 1 1 4 4 4 3 4 1 3 2 1 1 1 1 2 2 0 0 0 0 1 1 1 1 3 3 4 4 0 0 2 2 1 1 2 2 4 4 3 3 1 3 3 3 3 3 3 3 3 1 0 0 3 3 4 4 1 1 3 3 4 4 4 4 0 0 2 2 4 1 1 4 4 3 4 4 2 2 3 3 4 4 2 2 0 0 2 2 2 2 2 2 0 0 0 0 0 0 3 3 1 1 2 2 2 2 3 3 2 2 2 2 3 3 4 4 1 1 4 4 0 0 3 3 1 1 3 3 2 2 2 2 4 4 3 3 3 3 1 1 1 1 4 4 2 3 3 3 3 1 2 2 1 3 3 3 4 4 3 4 1 1 4 2 0 0 0 0 0 0 0 0 0 0 0 0 0 0 0 0 1 4 2 4 4 4 2 2 4 4 1 1 2 2 0 0 4 4 4 4 3 3 2 2 1 1 2 2 4 4 2 2 2 2 1 1 1 1 0 0 2 2 4 4 4 4 4 4 1 1 1 1 1 1 2 2 0 0 0 0 0 0 0 0 3 3 2 2 2 2 3 1 2 2 3 3 2 4 1 1 4 2 3 3 4 4 1 1 1 1 3 3 1 1 3 3 4 2 0 0 2 2 2 1 2 2 0 0 0 0 0 0 0 0 0 0 2 2 0 0 0 0 2 2 3 3 3 3 3 3 1 1 3 3 4 4 3 3 2 2 1 1 3 3 0 0 0 0 0 0 4 4 3 3 3 3 0 0 1 1 2 2 1 1 3 3 4 4 1 1 1 1 2 2 3 1 4 4 2 4 4 4 2 2 1 1 3 3 2 2 0 0 0 0 0 0 0 0 3 1 0 0 3 3 2 2 0 0 0 0 4 4 1 1 3 3 4 4 1 1 3 3 3 3 1 1 3 3 3 3 1 1 2 2 1 1 1 1 3 3 3 3 3 3 2 2 0 0 2 2 1 1 2 2 0 0 1 1 3 3 4 4 0 0 0 0 0 0 0 0 0 0 3 3 0 0 2 4 1 3 0 0 0 0 0 0 0 0 0 0 0 0 3 3 2 2 3 4 3 1 2 2 4 4 3 3 1 4 3 3 1 3 3 3 3 3 0 0 3 1 0 0 1 1 3 3 3 3 3 3 4 4 3 3 2 2 3 3 1 1 3 4 3 3 1 1 3 3 0 0 0 0 4 4 3 3 0 0 0 0 0 0 4 4 2 2 3 4 1 1 2 4 0 0 3 3 3 3 3 3 3 1 4 4 2 2 1 1 2 2 3 3 4 4 1 1 0 0 3 3 4 4 2 2 0 0 0 0 3 3 2 2 1 1 4 4 0 0 2 2 0 0
WAL_BYD_2015_006 4 4 2 2 4 4 4 4 2 2 4 4 3 3 3 3 2 2 3 3 2 2 1 1 4 4 2 2 4 4 4 4 1 1 2 2 4 4 4 4 2 2 0 0 2 2 1 1 2 2 3 3 3 1 3 3 4 4 4 4 4 4 1 1 4 4 1 1 1 1 0 0 2 2 1 1 1 1 4 4 0 0 0 0 0 0 0 0 1 1 4 4 4 3 4 1 3 2 1 1 1 1 2 2 1 1 4 4 1 1 1 1 3 3 4 4 3 3 2 2 1 1 2 2 4 4 3 3 0 0 3 3 3 3 3 3 1 1 0 0 3 3 4 4 1 1 3 3 4 4 4 4 0 0 0 0 0 0 0 0 0 0 4 4 2 2 3 3 4 4 2 2 2 2 2 2 2 2 2 4 2 2 1 1 1 1 3 3 1 1 2 2 2 2 3 3 0 0 0 0 3 3 4 4 1 1 0 0 4 4 3 3 1 1 3 3 2 2 2 2 0 0 1 3 3 3 0 0 0 0 0 0 2 2 3 3 3 3 2 2 1 3 3 3 4 4 3 3 1 1 2 2 1 1 1 1 2 4 1 2 3 1 3 4 3 4 3 2 4 4 0 0 4 4 2 2 4 4 1 1 0 0 0 0 0 0 4 4 3 3 2 2 1 1 2 2 4 4 2 2 2 2 1 1 1 1 0 0 2 2 0 0 4 4 4 4 1 1 1 1 1 1 2 4 1 1 1 1 4 4 3 3 3 3 2 2 2 2 3 3 2 2 0 0 2 2 1 1 4 4 3 3 4 4 1 1 1 1 3 3 1 1 3 3 2 2 1 1 2 2 2 1 2 2 2 2 3 1 2 2 3 3 4 4 2 2 1 1 1 1 2 2 0 0 0 0 3 3 1 1 0 0 4 4 3 3 2 2 0 0 3 3 1 1 3 3 1 1 4 4 0 0 0 0 2 2 1 1 2 2 1 1 3 3 4 4 1 1 1 1 2 1 3 3 4 4 0 0 4 2 2 2 1 1 3 3 2 2 2 2 2 2 2 2 1 1 1 1 1 1 3 3 2 2 0 0 3 3 0 0 1 1 3 3 4 4 1 1 3 3 3 3 1 1 3 3 3 3 1 1 0 0 0 0 1 1 0 0 3 3 3 3 2 2 4 4 2 2 1 1 2 2 0 0 1 1 3 3 4 4 1 1 3 3 0 0 2 2 3 3 3 3 3 3 2 2 1 1 1 1 2 2 1 1 4 4 3 3 4 4 3 3 2 2 0 0 0 0 2 2 0 0 3 3 4 4 3 3 1 1 3 3 3 1 0 0 3 1 0 0 1 1 3 3 3 3 3 3 4 2 3 3 2 2 3 3 1 1 3 4 3 3 1 1 3 3 1 1 4 4 2 4 3 3 0 0 0 0 0 0 4 4 2 2 3 3 1 1 2 2 2 2 3 3 3 3 3 3 3 1 4 4 2 2 1 2 2 2 3 3 4 4 1 1 2 2 3 3 4 4 2 2 3 3 3 3 3 3 2 2 1 4 4 4 3 4 2 2 3 3
WAL_BYD_2015_007 0 0 0 0 4 4 0 0 2 2 4 4 3 3 0 0 0 0 0 0 0 0 0 0 0 0 2 2 4 4 4 4 1 1 4 2 4 4 4 4 0 0 0 0 0 0 1 4 2 2 3 3 3 1 3 3 0 0 0 0 0 0 1 1 4 4 1 1 1 1 0 0 2 1 1 1 1 1 4 4 2 2 2 2 1 1 4 4 1 1 4 4 0 0 0 0 0 0 1 1 1 1 2 2 0 0 0 0 1 1 1 1 3 3 0 0 0 0 2 2 1 1 2 2 4 4 3 3 1 3 3 3 0 0 3 3 0 0 0 0 3 3 4 4 1 1 0 0 4 4 4 4 0 0 0 0 0 0 0 0 0 0 4 2 2 4 0 0 0 0 2 2 0 0 2 2 2 2 2 2 2 2 0 0 1 1 0 0 0 0 0 0 0 0 0 0 2 2 2 2 3 3 4 4 1 1 4 4 4 2 3 3 1 1 3 3 2 2 2 2 3 4 3 3 3 3 1 1 1 1 4 4 2 2 4 3 0 0 2 2 1 3 3 3 4 4 3 3 1 1 4 2 1 1 1 1 2 2 1 1 3 3 0 0 0 0 0 0 4 4 0 0 0 0 2 2 4 4 1 1 2 2 0 0 0 0 4 4 3 3 2 2 1 1 0 0 0 0 0 0 2 1 1 4 0 0 3 3 2 2 0 0 4 4 4 4 1 1 1 1 1 1 2 4 0 0 0 0 0 0 0 0 0 0 0 0 2 2 3 3 2 2 0 0 2 4 1 1 0 0 3 3 4 4 1 4 0 0 0 0 0 0 0 0 0 0 1 1 0 0 2 1 2 2 0 0 3 1 0 0 3 3 4 4 2 2 1 3 1 4 0 0 3 3 0 0 3 3 1 1 0 0 0 0 3 3 3 2 0 0 3 3 0 0 3 3 0 0 4 4 3 3 3 3 2 2 1 1 2 2 1 1 3 3 4 4 1 1 1 1 0 0 0 0 0 0 2 4 0 0 2 2 1 1 3 3 2 2 0 0 2 2 2 2 1 1 3 1 1 1 3 3 0 0 0 0 3 3 4 4 0 0 3 3 4 4 1 1 3 3 3 3 1 1 0 0 0 0 0 0 0 0 0 0 0 0 3 3 3 3 0 0 2 2 4 4 2 2 1 1 2 2 0 0 0 0 0 0 4 4 1 1 3 3 0 0 0 0 0 0 0 0 0 0 2 2 1 1 1 1 2 2 1 1 4 4 3 3 4 4 3 3 2 2 3 3 3 3 2 2 4 4 3 1 1 4 3 3 1 1 3 3 3 3 1 1 1 1 0 0 0 0 0 0 0 0 0 0 0 0 3 3 2 2 3 3 0 0 0 0 3 3 1 1 3 3 1 4 4 4 4 4 3 3 0 0 0 0 0 0 0 0 0 0 0 0 0 0 0 0 0 0 0 0 0 0 0 0 0 0 0 0 0 0 0 0 0 0 0 0 0 0 0 0 0 0 0 0 0 0 0 0 0 0 0 0 0 0 2 2 0 0 4 4 3 3 2 4 3 4
WAL_BYD_2015_008 0 0 0 0 4 4 4 4 2 2 4 4 3 3 0 0 0 0 0 0 0 0 0 0 0 0 2 2 4 4 4 4 1 1 2 2 4 4 0 0 2 2 4 3 0 0 0 0 0 0 0 0 3 1 3 3 4 4 0 0 4 4 1 1 4 2 0 0 0 0 0 0 2 2 1 1 1 1 0 0 2 2 2 2 1 1 4 4 1 1 4 4 3 3 1 1 2 2 1 1 1 1 2 2 1 1 4 4 1 1 1 1 3 3 4 4 0 0 0 0 1 1 2 2 0 0 0 0 1 3 3 3 0 0 0 0 0 0 0 0 0 0 0 0 0 0 0 0 0 0 4 4 0 0 0 0 0 0 0 0 0 0 4 4 2 2 3 3 4 4 2 2 2 2 2 2 2 2 2 2 2 2 1 3 0 0 3 3 1 1 2 2 0 0 0 0 2 2 2 2 3 3 0 0 1 1 0 0 4 4 3 3 0 0 0 0 2 2 2 2 0 0 3 3 3 3 1 1 1 1 4 4 2 2 4 3 3 3 0 0 1 3 0 0 0 0 0 0 1 1 4 2 0 0 0 0 2 4 1 2 3 1 3 4 3 4 3 2 0 0 2 4 4 4 2 2 4 4 1 1 0 0 0 0 4 4 4 4 3 3 2 2 1 1 2 2 4 4 2 2 2 1 1 4 0 0 0 0 2 2 4 4 4 4 4 4 1 1 1 1 1 1 2 4 1 1 1 1 4 4 0 0 3 3 2 2 2 2 0 0 2 2 3 3 2 4 1 1 4 4 3 3 4 4 1 1 1 1 3 3 1 1 3 3 0 0 1 1 2 2 2 1 2 2 0 0 3 1 0 0 3 3 4 4 0 0 1 1 1 1 2 2 3 3 0 0 3 3 1 1 0 0 4 1 3 3 3 2 0 0 3 3 0 0 0 0 1 1 0 0 3 3 3 3 0 0 1 1 2 2 1 1 3 3 4 4 1 1 1 1 0 0 0 0 0 0 0 0 0 0 2 2 0 0 0 0 0 0 0 0 0 0 0 0 0 0 0 0 0 0 3 1 2 2 0 0 3 3 4 4 1 1 3 3 0 0 0 0 0 0 0 0 0 0 0 0 0 0 0 0 0 0 0 0 1 1 3 1 3 3 0 0 2 2 4 4 2 2 1 1 2 2 2 2 1 1 3 3 1 4 1 1 3 3 2 2 2 2 3 3 3 3 3 3 2 4 1 3 1 2 2 4 1 4 4 3 3 1 4 3 3 4 2 4 3 4 3 1 2 2 0 0 3 3 4 4 3 3 1 1 3 3 3 3 0 0 0 0 1 1 1 1 3 3 0 0 0 0 0 0 0 0 0 0 0 0 0 0 4 4 3 3 1 1 3 3 0 0 0 0 4 4 3 3 2 2 0 0 0 0 0 0 0 0 0 0 1 1 0 0 0 0 3 3 3 3 3 3 0 0 4 4 2 2 1 1 0 0 3 3 4 4 1 1 0 0 0 0 0 0 2 2 3 3 3 3 3 3 2 2 1 4 4 4 3 3 2 2 0 0
WAL_BYD_2015_009 4 4 2 2 4 4 4 4 2 2 4 4 3 3 3 3 2 2 0 0 0 0 0 0 0 0 2 2 4 4 4 4 1 1 2 2 4 4 4 4 2 2 0 0 2 2 1 4 2 2 3 3 3 1 3 3 4 4 0 0 4 4 1 1 4 4 1 1 1 1 1 1 2 2 1 1 1 1 4 2 0 0 0 0 0 0 0 0 1 1 4 4 4 3 4 1 3 2 1 1 1 1 2 2 1 1 4 4 1 1 1 1 3 3 0 0 3 3 0 0 1 1 2 2 4 4 3 3 1 3 4 3 3 3 3 3 3 1 3 3 3 3 4 4 1 1 3 3 0 0 0 0 0 0 0 0 0 0 0 0 0 0 4 4 2 2 0 0 4 4 2 2 2 2 2 2 2 2 2 2 2 2 1 1 1 1 0 0 0 0 2 2 2 2 3 3 2 2 2 2 3 3 4 4 1 1 0 0 4 4 3 3 1 1 3 3 2 2 2 2 3 4 3 3 3 3 1 1 1 1 4 4 2 2 3 3 3 3 2 2 1 3 3 3 4 4 3 3 1 1 4 4 0 0 0 0 0 0 0 0 0 0 3 4 0 0 0 0 4 4 0 0 4 4 0 0 0 0 1 1 0 0 0 0 0 0 4 4 3 3 2 2 1 1 2 2 4 4 2 2 2 1 1 4 1 1 3 3 2 2 4 4 4 4 4 4 1 1 1 1 1 1 2 2 1 1 1 1 4 4 3 3 3 3 2 2 2 3 3 3 2 2 3 3 2 2 1 1 4 4 3 3 4 4 1 1 1 1 3 3 1 1 3 3 4 2 1 1 0 0 0 0 2 2 2 2 3 1 0 0 3 3 0 0 2 2 1 1 1 1 2 2 3 3 3 3 0 0 0 0 0 0 4 4 3 3 3 2 0 0 3 3 0 0 3 3 1 1 4 4 3 3 3 3 2 2 1 1 2 2 1 1 3 3 4 4 1 1 1 1 2 2 3 3 4 4 2 4 4 4 2 2 1 1 3 3 2 2 0 0 0 0 0 0 0 0 1 1 0 0 3 3 2 2 4 4 3 3 4 4 0 0 3 3 4 4 1 1 3 3 3 3 1 1 0 0 0 0 0 0 0 0 1 1 1 1 3 3 3 3 1 3 2 2 4 4 2 2 1 1 2 2 2 2 1 3 3 3 1 4 1 1 3 3 2 2 2 2 3 3 3 3 3 3 2 2 1 1 1 1 2 2 1 1 4 4 3 3 4 4 3 3 2 2 3 3 3 3 0 0 4 4 3 3 4 4 3 3 1 1 3 3 3 3 0 0 3 3 1 1 1 1 3 3 0 0 3 3 4 4 3 3 2 2 3 3 1 1 4 4 3 3 1 1 3 3 1 1 4 4 4 4 3 3 0 0 0 0 0 0 4 4 2 2 3 3 1 1 0 0 0 0 0 0 0 0 3 1 3 1 4 4 2 2 1 1 2 2 3 3 4 4 1 1 2 2 3 3 4 4 2 4 3 3 3 3 0 0 2 2 1 1 4 4 3 3 2 2 0 0
WAL_BYD_2015_010 0 0 0 0 4 4 0 0 2 2 0 0 0 0 0 0 0 0 0 0 0 0 0 0 0 0 2 2 4 4 4 4 1 1 4 2 4 4 4 4 0 0 0 0 2 2 0 0 0 0 0 0 3 1 3 3 4 4 0 0 0 0 0 0 0 0 0 0 0 0 0 0 2 2 0 0 0 0 4 4 0 0 0 0 0 0 0 0 1 1 4 4 4 3 4 1 3 2 1 1 1 1 2 2 1 1 4 4 0 0 1 1 1 3 4 4 0 0 0 0 0 0 0 0 0 0 0 0 0 0 4 3 3 3 0 0 0 0 0 0 3 3 0 0 0 0 0 0 0 0 4 4 2 2 0 0 0 0 0 0 0 0 4 4 2 2 0 0 0 0 2 2 2 4 2 2 2 2 2 2 2 2 1 1 0 0 0 0 1 1 2 2 2 2 3 3 2 4 2 1 3 1 0 0 1 1 0 0 4 2 0 0 1 1 3 3 2 2 0 0 4 4 3 3 0 0 0 0 0 0 0 0 2 2 4 3 3 3 0 0 3 3 0 0 0 0 0 0 1 1 0 0 0 0 0 0 2 2 1 1 3 3 0 0 0 0 0 0 4 4 0 0 4 4 0 0 0 0 0 0 0 0 0 0 0 0 0 0 0 0 2 2 1 1 2 2 4 4 2 2 0 0 0 0 1 1 3 3 0 0 0 0 4 4 4 4 1 1 1 1 1 1 2 4 1 3 1 1 4 4 0 0 3 3 2 2 2 3 0 0 0 0 0 0 0 0 1 1 4 4 3 3 4 4 1 1 1 1 0 0 0 0 0 0 0 0 0 0 2 2 0 0 2 2 0 0 3 1 0 0 3 3 4 4 2 2 0 0 0 0 2 2 3 3 3 3 3 3 1 1 0 0 0 0 3 1 3 2 0 0 0 0 0 0 0 0 1 1 0 0 0 0 0 0 2 2 1 1 2 2 1 1 3 3 4 4 1 1 1 1 0 0 0 0 0 0 0 0 0 0 2 2 1 1 3 3 2 2 2 1 2 1 2 2 1 1 1 1 1 1 0 0 2 2 0 0 0 0 4 4 1 1 3 3 4 4 1 1 0 0 3 3 1 1 0 0 0 0 0 0 0 0 0 0 1 1 3 3 3 3 0 0 2 2 4 2 2 2 1 1 2 2 2 1 1 1 3 3 0 0 0 0 0 0 0 0 0 0 0 0 3 3 3 3 0 0 0 0 0 0 0 0 0 0 0 0 0 0 0 0 0 0 0 0 0 0 0 0 2 2 4 4 3 3 1 4 0 0 0 0 3 3 3 3 1 3 0 0 1 1 0 0 0 0 3 3 3 3 4 4 3 3 2 2 3 3 1 1 3 4 0 0 0 0 0 0 1 1 4 4 4 4 3 3 0 0 0 0 0 0 4 4 2 2 3 3 1 1 0 0 0 0 4 3 4 3 3 3 3 1 4 4 2 2 1 1 0 0 3 3 4 4 1 1 2 2 0 0 0 0 2 2 0 0 3 3 3 3 0 0 1 1 4 4 3 3 0 0 0 0
WAL_BYD_2015_011 4 4 2 2 4 4 0 0 2 2 0 0 3 3 0 0 0 0 0 0 0 0 0 0 0 0 2 2 4 4 4 4 1 1 4 2 4 4 4 4 2 2 0 0 2 2 1 1 2 2 3 3 3 1 3 3 4 4 4 4 4 4 1 1 4 4 1 1 1 1 1 1 2 2 0 0 0 0 0 0 2 2 0 0 0 0 0 0 1 1 4 4 4 3 4 1 3 2 1 1 1 1 2 2 1 1 4 4 1 1 1 1 1 3 4 4 0 0 2 2 1 1 2 2 4 4 3 3 1 3 4 3 3 3 0 0 3 1 0 0 3 3 0 0 0 0 0 0 0 0 0 0 0 0 0 0 0 0 0 0 0 0 0 0 0 0 0 0 0 0 2 2 2 2 2 2 2 2 2 2 2 2 1 1 0 0 3 3 1 1 2 2 2 2 3 3 2 2 2 2 3 3 4 4 1 1 0 0 4 4 3 3 1 1 3 3 2 2 2 2 3 4 0 0 3 3 0 0 0 0 0 0 0 0 3 3 0 0 2 2 3 3 3 3 4 4 3 3 1 1 4 4 0 0 1 1 2 4 1 2 3 1 3 4 3 4 3 2 0 0 0 0 4 4 2 2 4 4 1 1 2 2 0 0 0 0 0 0 0 0 2 2 1 1 0 0 4 4 2 2 2 2 1 1 1 3 0 0 0 0 0 0 4 4 4 4 1 1 1 1 1 1 2 2 0 0 0 0 0 0 0 0 3 3 0 0 0 0 3 3 0 0 0 0 2 2 1 1 4 4 3 3 4 4 1 1 1 1 3 3 1 1 3 3 0 0 1 1 2 2 2 1 2 2 2 2 0 0 2 2 3 3 4 4 0 0 0 0 0 0 2 2 0 0 0 0 3 3 1 1 0 0 0 0 3 3 3 2 1 1 0 0 0 0 0 0 1 1 0 0 3 3 0 0 0 0 1 1 2 2 1 1 3 3 4 4 1 1 1 1 2 2 3 3 4 4 2 4 4 4 2 2 1 1 3 3 0 0 0 0 0 0 0 0 0 0 3 1 1 1 0 0 2 2 4 4 0 0 4 4 1 1 3 3 4 4 1 1 3 3 3 3 1 1 3 3 3 3 0 0 0 0 1 1 1 1 3 3 3 3 3 3 2 2 4 4 2 2 1 1 2 2 0 0 1 1 3 3 4 4 0 0 0 0 0 0 0 0 0 0 3 3 3 1 0 0 0 0 0 0 0 0 0 0 0 0 0 0 0 0 0 0 0 0 0 0 0 0 2 2 4 1 3 3 1 4 3 3 1 1 3 3 3 3 0 0 3 3 1 1 1 1 3 3 0 0 0 0 4 4 3 3 2 2 3 3 1 1 3 4 3 3 1 1 3 3 1 1 4 4 4 4 3 3 0 0 0 0 0 0 4 4 2 2 3 3 1 1 0 0 2 4 3 3 3 3 3 3 1 1 0 0 0 0 1 1 0 0 3 3 4 4 1 1 0 0 3 3 4 4 2 2 3 3 3 3 3 3 2 2 1 4 0 0 3 3 2 2 3 3
WAL_BYD_2015_012 4 4 0 0 4 4 0 0 0 0 0 0 3 3 3 3 2 2 3 3 0 0 0 0 0 0 0 0 0 0 0 0 1 1 4 2 0 0 0 0 0 0 0 0 2 2 0 0 2 2 3 3 3 1 3 3 4 4 4 4 4 4 1 1 4 2 1 1 1 1 1 1 2 2 0 0 0 0 0 0 2 2 2 2 1 1 4 4 1 1 4 4 4 3 4 1 3 2 1 1 1 1 2 2 1 1 4 4 1 1 0 0 0 0 0 0 3 3 2 2 1 1 2 2 4 4 3 3 1 3 4 3 3 3 0 0 3 3 3 3 3 3 4 4 1 1 3 3 0 0 0 0 0 0 0 0 4 4 1 1 4 4 4 4 2 2 0 0 4 4 2 2 0 0 2 2 2 4 2 2 0 0 0 0 1 1 3 3 1 1 2 2 2 2 3 3 2 2 2 2 3 3 0 0 0 0 4 4 4 4 3 3 0 0 0 0 0 0 0 0 3 4 3 3 0 0 1 1 1 1 4 4 2 2 0 0 3 3 2 2 1 3 3 3 4 4 3 3 0 0 0 0 0 0 0 0 2 4 1 2 3 1 3 4 3 4 3 2 0 0 4 4 4 4 2 2 4 4 1 1 2 2 3 3 0 0 0 0 0 0 0 0 0 0 2 2 4 4 0 0 0 0 0 0 1 1 3 3 2 2 4 4 0 0 0 0 0 0 0 0 1 1 2 2 1 1 1 1 4 4 3 3 0 0 0 0 0 0 3 3 2 2 0 0 0 0 1 1 4 4 3 3 4 4 1 1 1 1 3 3 1 1 3 3 4 4 0 0 0 0 0 0 0 0 0 0 0 0 2 2 3 3 4 4 0 0 0 0 0 0 2 2 0 0 0 0 3 3 1 1 3 3 4 4 3 3 2 2 0 0 3 3 1 1 3 3 1 1 0 0 3 3 3 3 2 2 1 1 0 0 0 0 3 3 4 4 0 0 0 0 0 0 0 0 0 0 2 4 4 4 2 2 1 1 3 3 2 2 2 2 2 2 2 2 1 1 3 1 0 0 3 3 2 2 4 4 0 0 4 4 0 0 3 3 4 4 1 1 3 3 3 3 1 1 3 3 3 4 1 1 2 2 1 1 0 0 3 3 3 3 3 3 2 2 4 4 0 0 0 0 2 2 2 1 0 0 0 0 0 0 1 3 3 2 0 0 0 0 0 0 0 0 0 0 2 2 1 1 1 1 2 2 1 1 4 4 3 3 4 4 0 0 0 0 0 0 0 0 2 2 4 4 3 3 0 0 0 0 0 0 0 0 0 0 0 0 3 3 1 4 1 1 3 3 0 0 0 0 0 0 0 0 0 0 3 4 0 0 0 0 0 0 0 0 0 0 0 0 0 0 4 4 3 3 2 2 4 4 2 2 4 4 2 2 3 3 1 1 2 2 2 2 3 3 3 3 3 3 3 1 4 4 2 2 0 0 0 0 0 0 0 0 0 0 2 2 0 0 0 0 0 0 3 3 3 3 3 3 2 2 0 0 0 0 3 3 2 2 3 3
WAL_BYD_2015_013 4 2 0 0 0 0 0 0 0 0 0 0 0 0 0 0 0 0 0 0 0 0 0 0 0 0 0 0 0 0 0 0 0 0 2 2 0 0 0 0 0 0 0 0 2 4 0 0 0 0 0 0 0 0 3 3 4 4 0 0 0 0 0 0 0 0 0 0 0 0 0 0 0 0 0 0 0 0 0 0 0 0 0 0 0 0 0 0 0 0 0 0 0 0 0 0 0 0 1 1 1 1 2 2 1 1 0 0 0 0 0 0 0 0 0 0 0 0 0 0 1 1 2 2 4 4 3 3 0 0 0 0 0 0 0 0 0 0 0 0 0 0 0 0 0 0 0 0 0 0 0 0 0 0 0 0 0 0 0 0 0 0 0 0 0 0 0 0 0 0 2 4 0 0 0 0 0 0 0 0 0 0 0 0 0 0 3 3 1 1 2 2 0 0 0 0 0 0 0 0 0 0 0 0 1 1 0 0 0 0 0 0 0 0 0 0 0 0 0 0 0 0 0 0 0 0 1 1 1 1 4 4 0 0 0 0 0 0 0 0 0 0 0 0 0 0 0 0 0 0 0 0 0 0 0 0 0 0 0 0 0 0 0 0 0 0 0 0 0 0 0 0 0 0 0 0 0 0 0 0 0 0 0 0 0 0 4 4 3 3 0 0 0 0 0 0 0 0 0 0 0 0 0 0 0 0 0 0 0 0 0 0 0 0 0 0 0 0 0 0 0 0 2 2 0 0 0 0 0 0 0 0 0 0 0 0 2 3 3 3 0 0 0 0 0 0 0 0 0 0 3 3 4 4 1 1 1 3 0 0 0 0 0 0 0 0 1 1 0 0 0 0 0 0 0 0 0 0 0 0 0 0 0 0 0 0 0 0 0 0 0 0 0 0 0 0 0 0 0 0 0 0 0 0 0 0 0 0 0 0 0 0 0 0 3 3 0 0 0 0 0 0 0 0 0 0 0 0 0 0 0 0 0 0 0 0 0 0 0 0 0 0 0 0 0 0 0 0 0 0 0 0 0 0 0 0 0 0 0 0 0 0 0 0 0 0 0 0 0 0 0 0 0 0 0 0 0 0 4 4 0 0 0 0 0 0 0 0 0 0 0 0 0 0 0 0 0 0 0 0 0 0 0 0 0 0 0 0 0 0 0 0 0 0 0 0 0 0 0 0 2 2 0 0 0 0 0 0 0 0 0 0 3 3 0 0 0 0 0 0 3 3 0 0 0 0 0 0 0 0 0 0 0 0 0 0 0 0 0 0 0 0 0 0 0 0 0 0 0 0 0 0 0 0 0 0 0 0 0 0 0 0 0 0 0 0 0 0 0 0 0 0 3 3 0 0 0 0 0 0 0 0 0 0 0 0 0 0 3 4 0 0 0 0 0 0 1 1 4 4 4 4 3 3 2 2 4 4 2 2 0 0 0 0 0 0 0 0 0 0 0 0 0 0 0 0 3 3 0 0 0 0 0 0 0 0 0 0 0 0 0 0 0 0 2 2 0 0 0 0 0 0 3 3 3 3 0 0 0 0 0 0 0 0 0 0 2 2 0 0
WAL_BYD_2015_014 4 4 0 0 4 4 4 4 2 2 4 4 3 3 0 0 0 0 0 0 0 0 0 0 0 0 2 2 4 4 4 4 1 1 4 2 4 4 4 4 2 2 0 0 2 2 1 4 2 2 3 3 3 1 3 3 4 4 0 0 0 0 0 0 4 4 1 1 1 1 0 0 2 2 1 1 1 1 4 2 2 2 2 2 1 1 4 4 1 1 4 4 4 3 4 1 3 2 1 1 1 1 2 2 1 1 4 4 1 1 1 1 3 3 0 0 0 0 2 2 1 1 2 2 4 4 3 3 3 3 4 3 0 0 3 3 3 1 0 0 3 3 0 0 0 0 0 0 4 4 4 4 2 2 2 2 4 4 1 1 4 4 0 0 0 0 3 3 4 4 2 2 0 0 2 2 2 2 2 4 0 0 0 0 1 1 3 3 1 1 2 2 2 2 3 3 2 2 2 2 3 3 4 4 1 1 4 4 4 4 3 3 1 1 3 3 2 2 2 2 3 4 0 0 3 3 0 0 1 1 4 4 2 2 3 3 3 3 2 2 1 3 3 3 4 4 3 3 1 1 4 2 1 1 1 1 2 4 1 2 3 1 3 4 3 4 3 2 1 4 4 4 4 4 2 2 4 4 1 1 0 0 0 0 0 0 4 4 3 3 2 2 1 1 2 2 4 4 2 2 0 0 0 0 1 1 3 3 0 0 0 0 4 4 4 4 1 1 1 1 1 1 2 4 1 1 1 1 4 4 3 3 3 3 2 2 0 0 3 3 0 0 3 3 2 2 1 1 4 4 3 3 4 4 1 1 1 1 0 0 0 0 0 0 0 0 1 1 2 2 2 1 2 2 2 2 3 1 2 2 3 3 4 4 0 0 1 1 1 1 2 1 3 3 0 0 3 3 1 1 0 0 4 4 3 3 3 2 1 1 3 3 0 0 3 3 0 0 4 4 3 3 3 3 2 2 1 1 2 2 1 1 3 3 4 4 1 1 1 1 2 2 3 3 0 0 0 0 4 4 2 2 1 1 3 3 2 2 2 2 2 2 2 2 1 1 1 1 0 0 3 3 2 2 0 0 3 3 4 4 1 1 3 3 4 4 1 1 3 3 3 3 1 1 3 3 3 3 1 1 2 2 1 1 1 1 3 3 3 3 3 3 2 2 4 4 2 2 1 1 2 2 0 0 1 1 3 3 4 4 1 1 3 3 2 2 0 0 3 3 3 3 3 3 0 0 0 0 0 0 0 0 0 0 0 0 0 0 0 0 0 0 0 0 0 0 0 0 2 2 4 4 3 3 1 4 3 3 1 1 3 3 3 3 0 0 3 1 1 1 1 1 3 3 3 3 3 3 4 2 3 3 2 2 3 3 1 1 3 4 3 3 1 1 3 3 1 1 4 4 0 0 3 3 0 0 0 0 0 0 4 4 2 2 3 3 1 1 2 2 2 2 3 3 3 3 0 0 3 1 4 4 2 2 1 1 2 2 3 3 4 4 1 1 2 4 0 0 0 0 0 0 3 3 3 3 3 3 2 2 1 1 4 4 3 3 2 2 3 3
WAL_BYD_2015_015 0 0 2 1 4 4 0 0 0 0 0 0 0 0 0 0 0 0 0 0 0 0 0 0 0 0 2 2 4 4 4 4 1 1 0 0 0 0 4 4 2 2 0 0 0 0 1 1 2 2 3 3 3 1 3 3 4 4 0 0 4 4 1 1 4 4 1 1 1 1 1 1 2 2 1 1 1 1 0 0 2 2 2 2 1 1 4 4 1 1 4 4 4 3 4 1 3 2 1 1 1 1 2 2 0 0 0 0 1 1 1 1 3 3 4 4 0 0 2 2 1 1 2 2 4 4 3 3 3 3 4 3 0 0 0 0 0 0 0 0 3 3 0 0 0 0 0 0 4 4 4 4 2 2 0 0 0 0 0 0 0 0 4 2 2 4 0 0 0 0 2 2 2 2 2 2 2 2 2 2 0 0 0 0 0 0 3 3 1 1 2 2 0 0 0 0 0 0 0 0 0 0 4 4 1 1 4 4 4 4 3 3 0 0 0 0 0 0 2 2 3 4 3 3 3 3 1 1 1 1 4 4 0 0 0 0 3 3 0 0 0 0 0 0 0 0 0 0 1 1 0 0 1 1 1 1 2 4 1 2 3 1 3 4 0 0 0 0 0 0 4 4 4 4 2 2 4 4 1 1 0 0 0 0 0 0 0 0 0 0 2 2 1 1 0 0 4 4 2 2 0 0 0 0 1 1 3 3 0 0 0 0 4 4 4 4 1 1 1 1 1 1 2 2 0 0 0 0 0 0 0 0 3 3 2 2 2 2 0 0 0 0 3 3 2 2 1 1 4 4 3 3 4 4 1 1 0 0 3 3 1 1 3 3 0 0 0 0 2 2 2 2 2 2 2 1 3 1 0 0 0 0 0 0 0 0 0 0 0 0 2 2 0 0 3 3 3 3 1 1 0 0 0 0 0 0 3 2 0 0 0 0 0 0 0 0 1 1 0 0 0 0 0 0 0 0 1 1 2 2 0 0 3 3 4 4 1 1 1 1 2 2 3 3 4 4 2 2 4 4 2 2 0 0 0 0 2 2 0 0 0 0 0 0 0 0 3 1 0 0 0 0 2 2 0 0 3 3 4 4 0 0 3 3 0 0 0 0 0 0 0 0 0 0 0 0 0 0 0 0 0 0 0 0 1 1 0 0 0 0 0 0 2 2 0 0 2 2 1 1 0 0 0 0 1 1 3 3 0 0 0 0 0 0 0 0 0 0 0 0 3 3 0 0 2 2 1 1 1 1 2 2 1 1 4 4 3 3 4 4 3 3 2 2 3 3 3 3 2 2 4 4 3 3 1 4 3 3 1 1 3 3 3 3 0 0 3 1 0 0 0 0 0 0 0 0 0 0 4 2 0 0 0 0 0 0 0 0 0 0 3 3 1 1 3 3 1 1 4 4 4 4 3 3 2 2 4 4 2 2 4 4 2 2 3 3 1 1 0 0 0 0 3 3 3 3 3 3 3 1 0 0 0 0 1 1 2 2 3 3 4 4 1 1 2 2 3 3 4 4 2 2 3 3 3 3 3 3 0 0 1 1 0 0 0 0 2 2 0 0
WAL_BYD_2015_016 4 4 0 0 0 0 0 0 2 2 0 0 0 0 3 3 2 2 3 1 2 1 1 2 4 3 0 0 0 0 0 0 1 1 0 0 0 0 0 0 0 0 0 0 2 2 0 0 0 0 0 0 3 1 0 0 0 0 4 4 0 0 0 0 0 0 0 0 0 0 0 0 2 2 0 0 0 0 0 0 2 2 0 0 1 4 0 0 0 0 0 0 4 4 4 4 3 3 0 0 0 0 0 0 0 0 0 0 1 1 1 1 0 0 0 0 3 3 0 0 0 0 0 0 0 0 0 0 0 0 3 3 0 0 3 3 0 0 0 0 0 0 0 0 0 0 0 0 4 4 4 4 0 0 0 0 0 0 0 0 0 0 4 4 2 2 0 0 0 0 0 0 0 0 0 0 0 0 2 4 0 0 0 0 1 3 0 0 0 0 0 0 0 0 0 0 0 0 0 0 3 3 0 0 1 1 0 0 4 4 0 0 0 0 0 0 0 0 2 2 3 4 1 3 0 0 0 0 0 0 0 0 0 0 0 0 3 3 2 2 3 3 3 3 4 4 3 3 0 0 4 2 0 0 0 0 0 0 0 0 0 0 0 0 0 0 0 0 0 0 0 0 0 0 2 2 4 4 1 1 2 2 3 3 0 0 4 4 3 3 2 2 1 1 2 2 4 4 2 2 2 1 1 4 0 0 3 3 2 2 4 4 4 4 4 4 1 1 1 1 1 1 2 2 0 0 0 0 0 0 0 0 3 3 2 2 0 0 0 0 0 0 0 0 0 0 1 1 4 4 3 3 4 4 1 1 0 0 0 0 0 0 0 0 0 0 1 1 2 2 0 0 2 4 0 0 3 1 0 0 3 3 4 4 0 0 0 0 0 0 2 2 0 0 0 0 3 3 1 1 0 0 4 1 3 3 3 2 0 0 3 3 0 0 0 0 0 0 0 0 3 3 3 3 0 0 1 1 2 4 0 0 3 3 4 4 1 1 1 1 0 0 0 0 0 0 0 0 0 0 2 2 1 1 3 3 2 2 0 0 0 0 0 0 0 0 0 0 1 3 0 0 2 2 4 4 0 0 0 0 0 0 0 0 4 4 1 1 0 0 0 0 0 0 0 0 0 0 0 0 0 0 1 3 1 1 3 3 0 0 0 0 2 2 0 0 2 2 1 1 2 2 0 0 0 0 3 3 0 0 0 0 0 0 0 0 0 0 0 0 3 3 0 0 0 0 0 0 0 0 0 0 0 0 0 0 0 0 0 0 0 0 0 0 0 0 0 0 0 0 4 1 3 3 0 0 0 0 0 0 0 0 3 3 0 0 0 0 0 0 1 1 3 3 3 3 3 3 0 0 3 3 2 2 3 3 1 1 4 4 3 3 1 1 3 3 1 1 4 4 2 4 3 3 2 2 4 4 2 2 4 4 2 2 3 3 1 1 2 2 0 0 0 0 0 0 0 0 0 0 0 0 0 0 1 1 0 0 0 0 0 0 0 0 0 0 0 0 0 0 0 0 3 3 3 3 0 0 2 2 0 0 0 0 0 0 2 2 0 0
WAL_BYD_2015_017 4 4 2 2 4 4 0 0 2 2 4 4 0 0 0 0 0 0 0 0 0 0 0 0 0 0 2 2 4 4 4 4 0 0 0 0 0 0 4 4 0 0 0 0 0 0 0 0 0 0 0 0 3 1 3 3 4 4 0 0 4 4 1 1 4 4 1 1 1 1 0 0 0 0 0 0 0 0 4 4 0 0 0 0 0 0 0 0 1 1 4 4 4 3 4 1 3 2 1 1 1 1 2 2 1 1 4 4 1 1 0 0 1 3 4 4 0 0 0 0 1 1 2 2 4 4 3 3 3 3 0 0 0 0 0 0 0 0 0 0 0 0 0 0 0 0 0 0 4 4 4 4 0 0 0 0 0 0 0 0 0 0 4 4 2 2 0 0 4 4 2 2 0 0 0 0 0 0 0 0 2 2 1 1 0 0 3 3 1 1 2 2 2 2 3 3 2 2 2 2 3 3 4 4 1 1 0 0 0 0 3 3 0 0 0 0 0 0 2 2 0 0 0 0 3 3 0 0 0 0 0 0 2 2 3 3 0 0 0 0 0 0 0 0 0 0 0 0 1 1 4 2 0 0 0 0 2 4 1 2 3 1 3 4 3 4 3 2 0 0 0 0 0 0 0 0 0 0 0 0 0 0 0 0 0 0 4 4 3 3 2 2 1 1 2 2 4 4 0 0 0 0 0 0 1 1 0 0 0 0 0 0 4 4 4 4 1 1 1 1 1 1 0 0 1 1 1 1 4 4 0 0 3 3 2 2 2 2 0 0 0 0 0 0 0 0 1 1 4 4 3 3 4 4 1 1 1 1 3 3 1 1 3 3 0 0 1 1 2 2 2 1 2 2 0 0 3 3 0 0 3 3 4 4 0 0 0 0 0 0 2 2 3 3 0 0 3 3 0 0 0 0 0 0 3 3 2 2 0 0 3 3 0 0 0 0 0 0 0 0 0 0 0 0 0 0 0 0 2 2 0 0 0 0 0 0 0 0 0 0 0 0 0 0 0 0 0 0 4 4 2 2 0 0 0 0 0 0 0 0 0 0 0 0 0 0 0 0 0 0 0 0 0 0 0 0 0 0 4 4 0 0 0 0 4 4 1 1 0 0 0 0 1 1 0 0 0 0 0 0 0 0 0 0 1 1 0 0 3 3 0 0 2 2 4 4 2 2 1 1 2 2 2 2 1 1 3 3 4 4 0 0 0 0 0 0 0 0 0 0 3 3 0 0 2 4 1 3 1 2 2 4 0 0 4 3 3 1 0 0 3 4 2 4 3 4 3 1 0 0 4 1 3 3 1 4 3 3 1 1 3 3 0 0 0 0 3 1 0 0 0 0 0 0 0 0 0 0 4 4 3 3 2 2 3 3 1 1 3 4 3 3 1 1 3 3 1 1 4 4 2 4 3 3 0 0 0 0 0 0 0 0 0 0 3 3 1 1 0 0 0 0 4 3 4 3 0 0 3 1 0 0 0 0 0 0 0 0 3 3 4 4 1 1 0 0 3 3 4 4 2 2 3 1 0 0 3 3 0 0 0 0 0 0 3 3 2 2 0 0
WAL_BYD_2015_018 0 0 0 0 0 0 0 0 0 0 0 0 3 3 0 0 0 0 0 0 0 0 0 0 0 0 2 2 4 4 4 4 1 1 2 2 0 0 4 4 0 0 4 4 0 0 0 0 2 2 3 3 3 1 3 3 4 4 0 0 0 0 1 1 4 4 1 1 0 0 0 0 0 0 1 1 1 1 0 0 0 0 0 0 0 0 0 0 0 0 0 0 4 3 4 1 3 2 0 0 0 0 0 0 0 0 0 0 0 0 0 0 3 3 0 0 0 0 0 0 0 0 0 0 0 0 0 0 0 0 0 0 3 3 0 0 0 0 0 0 0 0 0 0 0 0 0 0 0 0 0 0 0 0 2 4 0 0 0 0 0 0 4 4 2 2 0 0 0 0 0 0 0 0 0 0 0 0 2 2 0 0 0 0 0 0 3 3 1 1 2 2 0 0 0 0 0 0 0 0 0 0 0 0 1 1 4 4 0 0 3 3 1 1 3 3 2 2 0 0 0 0 0 0 0 0 0 0 0 0 0 0 2 2 4 3 3 3 0 0 1 3 0 0 0 0 0 0 0 0 0 0 0 0 0 0 2 4 1 2 3 1 0 0 0 0 0 0 0 0 4 4 0 0 0 0 0 0 0 0 0 0 0 0 0 0 0 0 0 0 2 2 1 1 0 0 0 0 0 0 0 0 0 0 0 0 0 0 0 0 0 0 0 0 0 0 0 0 0 0 0 0 0 0 0 0 0 0 0 0 0 0 3 3 2 2 2 2 0 0 0 0 0 0 0 0 0 0 0 0 3 3 4 4 1 1 1 1 0 0 0 0 0 0 0 0 1 1 0 0 0 0 0 0 0 0 0 0 0 0 0 0 0 0 0 0 0 0 0 0 2 2 0 0 0 0 0 0 0 0 0 0 0 0 0 0 3 2 0 0 0 0 0 0 0 0 1 1 4 4 0 0 0 0 0 0 1 1 2 2 0 0 3 3 4 4 1 1 1 1 0 0 3 3 4 4 0 0 0 0 2 2 0 0 0 0 0 0 0 0 0 0 0 0 0 0 1 1 0 0 0 0 0 0 0 0 0 0 0 0 0 0 0 0 4 4 1 1 3 3 3 3 1 1 0 0 0 0 0 0 0 0 0 0 1 1 0 0 0 0 3 3 2 2 0 0 2 2 1 1 0 0 0 0 0 0 3 3 4 4 0 0 0 0 0 0 0 0 0 0 3 3 0 0 2 4 1 3 0 0 0 0 0 0 0 0 0 0 0 0 0 0 2 4 0 0 0 0 0 0 4 4 3 3 0 0 0 0 0 0 0 0 3 3 0 0 0 0 0 0 1 1 3 3 0 0 0 0 4 2 0 0 0 0 0 0 0 0 3 3 3 3 1 1 3 3 0 0 0 0 4 4 3 3 0 0 0 0 0 0 0 0 0 0 0 0 0 0 0 0 0 0 0 0 0 0 0 0 3 1 4 4 2 2 1 1 0 0 0 0 0 0 0 0 0 0 3 3 4 4 2 2 0 0 0 0 3 3 2 2 0 0 0 0 3 3 0 0 0 0
WAL_BYD_2015_019 4 4 0 0 4 4 4 4 2 2 4 4 0 0 0 0 0 0 0 0 0 0 0 0 0 0 2 2 4 4 4 4 1 1 2 2 4 4 0 0 2 2 0 0 2 2 1 4 2 2 3 3 3 1 3 3 4 4 0 0 0 0 0 0 0 0 1 1 0 0 1 1 0 0 0 0 0 0 4 4 2 2 0 0 0 0 0 0 1 1 4 4 4 3 4 1 3 2 1 1 1 1 2 2 0 0 0 0 1 1 1 1 3 3 4 4 3 3 0 0 1 1 0 0 0 0 0 0 1 3 0 0 0 0 3 1 0 0 0 0 3 3 0 0 0 0 0 0 4 4 4 4 2 2 2 2 0 0 0 0 0 0 4 4 2 2 0 0 4 4 0 0 2 2 0 0 0 0 2 4 2 2 1 1 0 0 3 3 1 1 2 2 0 0 0 0 0 0 0 0 0 0 4 4 1 1 0 0 4 4 3 3 1 1 3 3 2 2 0 0 4 4 0 0 0 0 0 0 0 0 0 0 2 3 3 3 3 3 0 0 1 3 0 0 0 0 0 0 0 0 2 2 1 1 1 3 2 4 1 2 3 1 3 4 3 4 3 2 4 4 0 0 4 4 0 0 0 0 0 0 0 0 0 0 4 4 4 4 3 3 0 0 0 0 2 2 4 4 2 2 2 2 1 1 0 0 3 3 2 2 0 0 4 4 4 4 1 1 1 1 1 1 0 0 0 0 0 0 0 0 0 0 0 0 0 0 2 3 3 3 0 0 3 2 0 0 0 0 4 4 3 3 4 4 1 1 1 1 3 3 1 1 3 3 0 0 1 1 2 2 2 1 0 0 0 0 0 0 0 0 3 3 4 4 0 0 1 3 0 0 2 2 0 0 0 0 3 3 0 0 0 0 0 0 3 1 0 0 0 0 3 3 0 0 0 0 0 0 4 4 0 0 0 0 2 2 1 1 0 0 1 1 3 3 4 4 1 1 1 1 2 2 3 3 4 4 0 0 0 0 0 0 0 0 0 0 0 0 0 0 0 0 0 0 0 0 0 0 0 0 3 3 2 2 0 0 0 0 4 4 0 0 0 0 4 4 1 1 0 0 0 0 0 0 3 3 0 0 0 0 0 0 0 0 1 1 0 0 3 3 3 3 2 2 0 0 0 0 1 1 2 2 2 2 1 1 3 3 4 4 1 1 3 3 0 0 0 0 0 0 0 0 0 0 2 2 1 1 1 1 2 2 1 1 4 4 3 3 4 4 3 3 2 2 3 3 3 3 0 0 0 0 3 3 4 4 3 3 1 1 3 3 3 3 0 0 3 1 0 0 1 1 3 3 0 0 0 0 4 4 0 0 0 0 0 0 0 0 0 0 3 3 1 1 3 3 1 1 4 4 2 4 3 3 2 2 0 0 0 0 4 4 2 2 3 3 1 1 2 2 0 0 4 3 4 3 3 3 3 1 4 4 2 2 1 1 2 2 3 3 4 4 1 1 0 0 0 0 0 0 0 0 3 3 3 3 0 0 2 2 1 1 0 0 0 0 2 2 3 3
WAL_BYD_2015_020 0 0 0 0 0 0 0 0 0 0 0 0 0 0 0 0 0 0 0 0 0 0 0 0 0 0 0 0 0 0 0 0 0 0 0 0 0 0 0 0 0 0 0 0 0 0 0 0 0 0 0 0 3 1 0 0 0 0 0 0 0 0 0 0 0 0 0 0 0 0 0 0 0 0 0 0 0 0 0 0 0 0 0 0 0 0 0 0 0 0 0 0 0 0 0 0 0 0 1 1 1 1 0 0 0 0 0 0 0 0 0 0 0 0 0 0 0 0 0 0 0 0 0 0 0 0 0 0 0 0 0 0 0 0 0 0 0 0 0 0 3 3 0 0 0 0 0 0 0 0 0 0 0 0 0 0 0 0 0 0 0 0 0 0 0 0 0 0 0 0 0 0 0 0 0 0 0 0 2 4 0 0 0 0 0 0 0 0 0 0 0 0 0 0 0 0 0 0 0 0 0 0 0 0 1 1 0 0 0 0 0 0 0 0 0 0 0 0 0 0 0 0 0 0 0 0 0 0 1 1 4 4 0 0 0 0 0 0 0 0 0 0 0 0 0 0 0 0 0 0 0 0 0 0 0 0 0 0 0 0 0 0 0 0 0 0 0 0 0 0 0 0 0 0 0 0 0 0 0 0 0 0 0 0 0 0 0 0 0 0 0 0 0 0 0 0 0 0 0 0 0 0 0 0 0 0 0 0 2 2 0 0 0 0 0 0 0 0 0 0 0 0 0 0 0 0 0 0 0 0 0 0 0 0 0 0 0 0 0 0 0 0 0 0 0 0 0 0 0 0 0 0 0 0 0 0 0 0 0 0 0 0 0 0 0 0 0 0 0 0 0 0 0 0 0 0 0 0 0 0 0 0 0 0 0 0 0 0 0 0 0 0 0 0 0 0 0 0 0 0 0 0 0 0 0 0 0 0 0 0 0 0 0 0 0 0 0 0 0 0 0 0 0 0 0 0 0 0 0 0 0 0 0 0 0 0 0 0 0 0 0 0 0 0 0 0 0 0 0 0 0 0 0 0 0 0 0 0 0 0 0 0 0 0 0 0 0 0 0 0 0 0 0 0 0 0 0 0 0 0 0 0 0 0 0 0 0 0 0 0 0 0 0 0 3 3 3 3 1 1 2 2 0 0 0 0 0 0 0 0 0 0 0 0 0 0 0 0 0 0 0 0 0 0 0 0 0 0 0 0 0 0 0 0 0 0 0 0 0 0 0 0 0 0 0 0 0 0 0 0 0 0 0 0 0 0 0 0 0 0 0 0 0 0 0 0 0 0 0 0 0 0 0 0 0 0 0 0 0 0 0 0 0 0 0 0 0 0 0 0 0 0 0 0 0 0 0 0 0 0 0 0 0 0 0 0 0 0 0 0 0 0 0 0 0 0 0 0 0 0 0 0 0 0 0 0 0 0 0 0 0 0 0 0 0 0 0 0 0 0 0 0 0 0 0 0 0 0 3 1 0 0 0 0 0 0 0 0 0 0 0 0 0 0 0 0 0 0 0 0 0 0 0 0 0 0 0 0 0 0 0 0 0 0 0 0 0 0 0 0
WAL_BYD_2015_022 0 0 0 0 4 4 0 0 2 2 4 4 0 0 3 3 2 2 0 0 0 0 0 0 0 0 2 2 0 0 0 0 1 1 0 0 0 0 0 0 2 2 0 0 2 2 0 0 2 2 3 3 3 1 0 0 0 0 0 0 0 0 0 0 0 0 0 0 0 0 0 0 0 0 0 0 0 0 0 0 2 2 2 2 1 1 4 4 0 0 0 0 4 3 4 1 3 2 1 1 1 1 2 2 1 1 4 4 1 1 1 1 0 0 4 4 3 3 2 2 1 1 2 2 4 4 3 3 0 0 0 0 0 0 0 0 0 0 0 0 3 1 0 0 0 0 0 0 0 0 0 0 0 0 0 0 0 0 0 0 0 0 4 4 2 2 0 0 0 0 2 2 0 0 2 2 2 2 2 2 0 0 0 0 0 0 3 3 1 1 2 2 0 0 3 3 2 2 2 2 3 3 0 0 1 1 0 0 4 4 3 3 0 0 0 0 2 2 2 2 0 0 3 3 0 0 0 0 0 0 0 0 0 0 3 3 0 0 2 2 3 3 3 3 0 0 0 0 1 1 4 4 1 1 1 1 0 0 0 0 0 0 0 0 0 0 0 0 0 0 0 0 4 4 0 0 0 0 0 0 0 0 0 0 0 0 4 4 3 3 0 0 0 0 0 0 0 0 0 0 2 1 1 4 0 0 0 0 2 2 0 0 4 4 4 4 1 1 1 1 1 1 2 4 0 0 0 0 0 0 0 0 3 3 2 2 0 0 0 0 0 0 0 0 0 0 1 1 4 4 3 3 4 4 1 1 0 0 0 0 0 0 3 3 4 2 0 0 2 2 0 0 0 0 2 2 0 0 0 0 3 3 4 4 0 0 1 1 1 1 2 2 3 3 0 0 0 0 0 0 0 0 4 4 0 0 3 2 0 0 3 3 0 0 3 3 0 0 0 0 0 0 0 0 2 2 1 1 2 2 0 0 3 3 0 0 0 0 0 0 0 0 0 0 0 0 0 0 4 4 2 2 1 1 3 3 2 2 0 0 0 0 0 0 0 0 1 1 1 1 0 0 2 2 0 0 0 0 4 4 0 0 0 0 4 4 1 1 0 0 0 0 0 0 3 3 0 0 0 0 0 0 1 1 1 1 0 0 3 3 0 0 0 0 4 4 0 0 0 0 0 0 0 0 0 0 0 0 4 4 0 0 0 0 0 0 0 0 0 0 0 0 3 1 0 0 0 0 0 0 0 0 0 0 0 0 0 0 0 0 0 0 0 0 0 0 0 0 4 2 0 0 3 3 4 4 3 3 1 1 3 3 3 3 0 0 0 0 0 0 1 1 3 3 3 3 3 3 4 2 0 0 0 0 0 0 0 0 3 4 3 3 1 1 3 3 0 0 0 0 4 4 3 3 0 0 0 0 0 0 4 4 2 2 3 3 1 1 0 0 2 2 3 3 3 3 0 0 3 1 4 4 2 2 1 1 0 0 3 3 4 4 1 1 2 2 0 0 0 0 0 0 3 3 3 3 0 0 0 0 0 0 0 0 0 0 0 0 0 0
WAL_BYD_2015_037 0 0 0 0 4 4 0 0 2 2 4 4 0 0 0 0 0 0 0 0 0 0 0 0 0 0 2 2 4 4 4 4 1 1 0 0 0 0 4 4 0 0 0 0 0 0 0 0 2 2 3 3 3 1 3 3 4 4 0 0 4 4 1 1 4 4 1 1 1 1 0 0 0 0 1 2 0 0 0 0 2 2 0 0 0 0 0 0 0 0 0 0 3 3 0 0 0 0 0 0 0 0 0 0 0 0 0 0 0 0 1 1 3 3 4 4 0 0 0 0 1 1 0 0 0 0 0 0 1 3 4 3 3 3 0 0 0 0 3 3 3 3 0 0 0 0 0 0 4 4 4 4 0 0 0 0 0 0 0 0 0 0 4 4 2 2 0 0 0 0 0 0 0 0 0 0 0 0 0 0 2 2 1 1 0 0 0 0 0 0 0 0 0 0 0 0 2 2 2 2 3 3 4 4 1 1 0 0 4 2 3 3 0 0 3 3 2 2 2 2 3 4 0 0 0 0 0 0 0 0 0 0 2 2 0 0 0 0 2 2 1 3 0 0 4 4 3 4 1 1 2 2 0 0 0 0 2 2 1 1 3 3 0 0 0 0 0 0 4 4 0 0 4 4 0 0 0 0 0 0 0 0 0 0 0 0 0 0 0 0 2 4 1 1 2 2 4 4 0 0 0 0 0 0 0 0 0 0 2 2 0 0 4 4 4 4 1 1 1 1 1 1 2 2 0 0 0 0 0 0 0 0 3 3 2 2 0 0 3 3 0 0 0 0 0 0 1 1 4 4 3 3 4 4 1 1 1 1 0 0 0 0 0 0 0 0 1 1 2 1 0 0 2 2 0 0 0 0 0 0 0 0 0 0 2 2 1 1 1 1 2 2 3 3 0 0 0 0 0 0 0 0 0 0 0 0 3 2 0 0 0 0 1 1 3 3 0 0 0 0 0 0 0 0 0 0 1 1 2 2 0 0 3 3 4 4 1 1 1 1 0 0 3 3 4 4 0 0 4 4 2 2 0 0 0 0 0 0 0 0 0 0 0 0 0 0 3 1 0 0 0 0 2 2 0 0 0 0 4 4 0 0 0 0 0 0 0 0 3 3 3 3 1 1 0 0 0 0 0 0 0 0 0 0 1 1 0 0 0 0 0 0 2 2 4 4 0 0 0 0 2 2 0 0 0 0 0 0 4 4 0 0 0 0 0 0 0 0 0 0 3 3 0 0 0 0 0 0 0 0 0 0 0 0 0 0 0 0 0 0 0 0 0 0 0 0 0 0 2 2 0 0 3 3 0 0 0 0 0 0 0 0 3 3 0 0 0 0 1 4 0 0 0 0 0 0 0 0 4 4 3 3 2 2 3 3 0 0 3 4 3 3 1 1 3 3 0 0 4 4 2 4 0 0 0 0 0 0 0 0 4 4 2 2 3 3 1 1 2 2 0 0 4 3 4 3 0 0 0 0 0 0 0 0 1 1 0 0 3 3 4 4 1 1 0 0 3 4 4 4 2 2 3 3 3 3 3 3 2 2 1 1 4 4 0 0 0 0 0 0
WAL_BYD_2015_038 0 0 0 0 0 0 0 0 0 0 0 0 3 3 0 0 0 0 0 0 0 0 0 0 0 0 2 2 4 4 4 4 0 0 0 0 0 0 0 0 0 0 0 0 2 2 0 0 0 0 0 0 3 1 3 3 4 4 0 0 0 0 0 0 4 4 0 0 0 0 0 0 0 0 0 0 0 0 0 0 0 0 0 0 0 0 0 0 1 1 4 4 0 0 0 0 0 0 0 0 0 0 0 0 0 0 0 0 0 0 1 1 0 0 0 0 3 1 0 0 0 0 0 0 0 0 0 0 0 0 0 0 0 0 0 0 0 0 0 0 3 3 0 0 0 0 0 0 0 0 0 0 0 0 0 0 0 0 0 0 0 0 4 4 2 2 0 0 0 0 0 0 0 0 2 4 0 0 0 0 0 0 0 0 0 0 3 3 1 1 2 2 0 0 0 0 0 0 0 0 0 0 0 0 0 0 0 0 0 0 0 0 1 1 3 3 2 2 0 0 0 0 3 3 0 0 0 0 0 0 0 0 0 0 0 0 0 0 0 0 0 0 0 0 0 0 0 0 1 3 4 2 0 0 0 0 2 4 1 2 3 1 3 4 3 4 3 2 0 0 0 0 0 0 0 0 0 0 0 0 0 0 0 0 0 0 0 0 0 0 0 0 0 0 0 0 0 0 0 0 0 0 0 0 0 0 0 0 2 2 0 0 0 0 0 0 0 0 0 0 1 1 2 4 0 0 0 0 0 0 0 0 3 3 2 2 0 0 0 0 0 0 3 3 0 0 0 0 4 4 0 0 0 0 0 0 0 0 0 0 0 0 3 3 0 0 0 0 2 2 0 0 0 0 0 0 0 0 0 0 0 0 0 0 0 0 0 0 0 0 2 2 0 0 0 0 0 0 0 0 0 0 0 0 0 0 0 0 0 0 0 0 0 0 3 3 0 0 0 0 0 0 0 0 0 0 0 0 0 0 0 0 0 0 0 0 0 0 0 0 0 0 3 3 4 4 2 4 0 0 0 0 0 0 0 0 0 0 0 0 0 0 0 0 0 0 0 0 0 0 0 0 2 2 0 0 0 0 4 4 0 0 0 0 0 0 0 0 0 0 0 0 0 0 0 0 0 0 0 0 0 0 0 0 0 0 3 3 3 3 0 0 2 2 0 0 0 0 0 0 2 2 0 0 0 0 0 0 0 0 0 0 0 0 0 0 0 0 0 0 0 0 0 0 0 0 0 0 0 0 0 0 0 0 0 0 0 0 0 0 0 0 0 0 0 0 0 0 0 0 0 0 0 0 1 4 3 3 1 1 3 3 0 0 0 0 0 0 0 0 0 0 3 3 0 0 0 0 4 4 0 0 0 0 0 0 0 0 0 0 3 1 1 2 3 3 0 0 4 4 2 4 3 3 0 0 0 0 0 0 0 0 0 0 0 0 0 0 0 0 0 0 0 0 0 0 0 0 0 0 0 0 0 0 0 0 0 0 0 0 0 0 0 0 0 0 0 0 0 0 0 0 0 0 0 0 0 0 2 2 0 0 0 0 0 0 0 0 0 0
WAL_BYD_2015_039 4 4 2 2 4 4 0 0 2 2 4 4 0 0 0 0 0 0 0 0 0 0 0 0 0 0 2 2 4 4 4 4 1 1 2 2 4 4 4 4 2 2 0 0 2 2 1 1 2 2 3 3 3 1 3 3 4 4 0 0 0 0 0 0 0 0 1 1 1 1 0 0 2 2 1 1 1 1 4 4 2 2 2 2 1 1 4 4 1 1 4 4 4 3 4 1 3 2 1 1 1 1 2 2 1 1 4 4 1 1 1 1 3 3 4 4 0 0 0 0 1 1 2 2 0 0 0 0 0 0 4 3 3 3 0 0 0 0 0 0 3 3 4 4 1 1 0 0 0 0 4 4 0 0 0 0 4 4 1 1 4 4 4 4 2 2 3 3 4 4 2 2 2 2 2 2 2 2 2 2 0 0 0 0 0 0 3 3 1 1 2 2 2 2 3 3 2 2 2 2 3 3 0 0 1 1 0 0 4 4 3 3 1 1 3 3 2 2 2 2 0 0 0 0 3 3 1 1 1 1 4 4 0 0 0 0 0 0 2 2 3 3 3 3 4 4 3 3 0 0 4 2 0 0 1 1 2 4 1 2 3 1 3 4 0 0 0 0 0 0 4 4 0 0 2 2 4 4 0 0 2 2 0 0 4 4 4 4 3 3 2 2 1 1 2 2 4 4 2 2 2 2 1 1 1 1 3 3 2 2 0 0 4 4 4 4 1 1 1 1 1 1 2 2 0 0 0 0 0 0 0 0 3 3 2 2 0 0 3 3 2 2 3 3 2 2 0 0 4 4 3 3 4 4 1 1 1 1 3 3 1 1 3 3 0 0 1 1 2 2 0 0 2 2 0 0 0 0 0 0 3 3 4 4 2 2 1 1 1 1 2 2 3 3 0 0 3 3 0 0 0 0 4 4 0 0 2 2 0 0 3 3 0 0 3 3 1 1 0 0 3 3 3 3 2 2 1 1 2 2 1 1 3 3 4 4 1 1 1 1 2 2 3 3 4 4 0 0 4 4 2 2 1 1 3 3 2 2 2 2 2 2 2 2 0 0 1 1 1 1 0 0 2 2 4 4 3 3 4 4 0 0 0 0 0 0 0 0 3 3 3 3 1 1 0 0 0 0 0 0 0 0 1 1 1 1 3 3 0 0 3 3 2 2 4 4 2 2 1 1 2 2 0 0 0 0 3 3 4 4 0 0 0 0 0 0 0 0 0 0 0 0 3 3 0 0 0 0 0 0 0 0 0 0 0 0 0 0 0 0 0 0 0 0 0 0 0 0 2 2 4 4 3 3 4 4 3 3 1 1 3 3 3 3 0 0 3 3 0 0 1 1 3 3 0 0 0 0 4 4 3 3 0 0 0 0 0 0 3 4 3 3 1 1 3 3 1 1 4 4 4 4 3 3 2 2 4 4 0 0 4 4 2 2 3 3 1 1 2 2 2 2 3 3 3 3 0 0 3 1 4 4 2 2 0 0 0 0 3 3 4 4 1 1 0 0 3 3 4 4 2 2 3 3 3 3 3 3 2 2 1 4 4 1 0 0 2 2 0 0
WAL_BYD_2015_040 4 4 2 2 4 4 4 4 2 2 4 4 3 3 0 0 0 0 0 0 0 0 0 0 0 0 2 2 4 4 4 4 1 1 2 2 4 4 4 4 2 2 4 3 2 2 1 1 2 2 3 3 3 1 3 3 4 4 0 0 0 0 0 0 0 0 1 1 1 1 1 1 2 2 0 0 0 0 4 2 0 0 2 2 1 1 4 4 1 1 4 4 3 3 1 1 2 2 0 0 0 0 0 0 0 0 0 0 1 1 1 1 0 0 0 0 3 3 0 0 0 0 0 0 0 0 0 0 1 3 3 3 3 3 0 0 3 1 3 3 3 3 4 4 1 1 3 3 4 4 4 4 0 0 0 0 0 0 0 0 0 0 4 4 2 2 0 0 0 0 2 2 2 2 2 2 2 2 2 2 0 0 0 0 0 0 3 3 1 1 2 2 2 2 3 3 2 2 2 2 3 3 4 4 1 1 4 4 4 4 3 3 1 1 3 3 2 2 2 2 4 4 3 3 3 3 1 1 1 1 4 4 0 0 3 3 3 3 2 2 1 3 3 3 4 4 3 3 1 1 4 4 1 1 1 1 2 4 1 2 0 0 0 0 0 0 0 0 0 0 0 0 4 4 2 2 4 4 1 1 0 0 0 0 0 0 4 4 3 3 2 2 1 1 2 2 4 4 2 2 2 2 1 1 1 1 3 3 0 0 0 0 4 4 4 4 1 1 1 1 1 1 2 2 0 0 0 0 0 0 0 0 3 3 2 2 2 2 3 3 2 2 3 3 2 2 1 1 4 4 3 3 4 4 1 1 1 1 0 0 0 0 0 0 2 2 1 1 0 0 0 0 2 2 0 0 3 3 0 0 3 3 4 4 2 2 0 0 0 0 2 2 3 3 0 0 3 3 1 1 3 4 4 4 3 3 2 2 0 0 0 0 0 0 3 3 0 0 4 4 0 0 0 0 2 2 1 1 2 2 1 1 3 3 4 4 1 1 1 1 0 0 3 3 4 4 2 2 4 4 2 2 1 1 3 3 2 2 2 2 2 2 2 2 1 1 1 1 1 1 0 0 2 2 0 0 0 0 4 4 1 1 3 3 4 4 1 1 0 0 0 0 0 0 3 3 0 0 0 0 0 0 0 0 1 1 3 3 3 3 3 3 2 2 4 4 0 0 0 0 2 2 0 0 0 0 3 3 0 0 1 1 3 3 2 2 2 2 3 3 3 3 3 3 2 2 1 1 1 1 0 0 0 0 0 0 0 0 0 0 0 0 0 0 0 0 0 0 4 2 4 4 3 3 4 4 3 3 1 1 3 3 3 3 0 0 0 0 0 0 1 1 3 1 0 0 0 0 4 2 3 3 2 2 3 3 1 1 3 3 3 3 1 1 3 3 1 1 4 4 4 4 3 3 2 2 4 4 2 2 4 4 2 2 3 3 1 1 2 2 2 2 3 3 3 3 3 3 0 0 4 4 2 2 0 0 0 0 3 3 4 4 1 1 0 0 3 3 4 4 2 2 0 0 0 0 3 3 2 2 1 1 4 4 0 0 2 2 3 3
WAL_BYD_2015_041 4 4 2 2 0 0 0 0 2 2 4 4 0 0 3 3 2 2 0 0 0 0 0 0 0 0 0 0 0 0 0 0 0 0 2 2 4 4 0 0 0 0 0 0 0 0 0 0 2 2 3 3 3 1 3 3 4 4 0 0 0 0 0 0 0 0 0 0 0 0 0 0 0 0 1 1 1 1 0 0 0 0 0 0 0 0 0 0 0 0 0 0 4 3 4 1 3 2 0 0 0 0 0 0 0 0 0 0 0 0 1 1 0 0 4 4 0 0 0 0 0 0 0 0 0 0 0 0 0 0 0 0 0 0 0 0 3 1 0 0 0 0 4 4 1 1 0 0 0 0 0 0 0 0 0 0 0 0 0 0 0 0 0 0 0 0 0 0 0 0 0 0 2 2 0 0 0 0 2 4 0 0 0 0 0 0 0 0 0 0 0 0 0 0 0 0 0 0 0 0 0 0 0 0 0 0 4 4 4 4 0 0 0 0 0 0 0 0 0 0 0 0 0 0 0 0 0 0 0 0 0 0 2 2 0 0 0 0 2 2 3 3 3 3 4 4 3 3 0 0 4 2 0 0 0 0 2 4 1 2 3 1 3 4 3 4 3 2 0 0 0 0 4 4 0 0 0 0 0 0 0 0 0 0 0 0 4 4 3 3 2 2 1 1 0 0 0 0 0 0 2 1 1 4 0 0 0 0 0 0 0 0 0 0 0 0 0 0 0 0 0 0 2 4 0 0 0 0 0 0 0 0 3 3 2 2 2 3 3 3 2 2 0 0 0 0 0 0 4 4 3 3 4 4 1 1 0 0 0 0 0 0 0 0 4 4 0 0 0 0 2 1 2 2 2 2 3 1 0 0 0 0 0 0 0 0 0 0 0 0 2 2 3 3 0 0 0 0 0 0 0 0 0 0 0 0 0 0 1 4 0 0 0 0 0 0 1 1 0 0 0 0 0 0 0 0 0 0 0 0 1 1 3 3 4 4 1 1 1 1 0 0 0 0 0 0 0 0 0 0 0 0 0 0 0 0 0 0 0 0 0 0 0 0 0 0 0 0 0 0 0 0 0 0 0 0 0 0 4 4 1 1 3 3 4 4 1 1 0 0 0 0 0 0 3 3 0 0 0 0 0 0 0 0 0 0 0 0 0 0 0 0 0 0 0 0 0 0 0 0 0 0 0 0 0 0 0 0 1 4 0 0 0 0 2 2 2 2 3 3 0 0 0 0 0 0 0 0 0 0 0 0 0 0 0 0 0 0 0 0 0 0 0 0 0 0 0 0 0 0 4 4 3 3 1 4 0 0 0 0 3 3 3 3 0 0 0 0 0 0 0 0 0 0 0 0 0 0 0 0 0 0 0 0 0 0 0 0 0 0 0 0 0 0 0 0 0 0 0 0 0 0 0 0 0 0 0 0 0 0 4 4 2 2 3 3 1 1 0 0 0 0 0 0 0 0 0 0 0 0 4 4 2 2 1 1 0 0 0 0 0 0 0 0 0 0 0 0 0 0 0 0 3 3 3 3 3 3 0 0 1 1 4 4 0 0 2 4 3 4
WAL_BYD_2015_042 4 4 2 2 0 0 0 0 0 0 0 0 0 0 0 0 2 2 0 0 0 0 0 0 0 0 0 0 0 0 0 0 0 0 2 2 0 0 0 0 0 0 0 0 0 0 0 0 2 2 3 3 3 1 3 3 4 4 0 0 0 0 0 0 4 4 0 0 0 0 1 2 2 2 0 0 0 0 0 0 0 0 0 0 0 0 0 0 1 1 4 4 0 0 0 0 0 0 0 0 0 0 0 0 0 0 0 0 0 0 0 0 0 0 0 0 0 0 0 0 1 1 2 2 4 4 3 3 1 3 0 0 0 0 0 0 0 0 0 0 3 3 0 0 0 0 0 0 0 0 0 0 0 0 0 0 0 0 0 0 0 0 4 4 2 2 0 0 0 0 2 2 0 0 2 2 2 2 0 0 0 0 0 0 0 0 0 0 0 0 0 0 0 0 3 3 0 0 0 0 0 0 0 0 0 0 4 4 0 0 0 0 0 0 0 0 0 0 0 0 3 4 1 3 0 0 1 1 1 1 4 4 0 0 0 0 3 3 0 0 0 0 0 0 0 0 0 0 0 0 0 0 0 0 0 0 2 4 1 2 3 1 3 4 3 4 3 2 0 0 0 0 0 0 0 0 0 0 0 0 2 2 3 3 0 0 0 0 0 0 0 0 0 0 0 0 0 0 0 0 0 0 0 0 0 0 0 0 2 2 0 0 0 0 0 0 0 0 0 0 0 0 0 0 1 1 1 1 4 4 3 3 0 0 0 0 0 0 3 3 0 0 0 0 0 0 0 0 0 0 0 0 0 0 0 0 0 0 0 0 0 0 0 0 4 2 0 0 0 0 0 0 0 0 0 0 0 0 0 0 3 3 4 4 0 0 0 0 0 0 2 2 0 0 0 0 0 0 1 1 0 0 4 4 3 3 0 0 0 0 0 0 0 0 3 3 0 0 4 4 3 3 3 3 2 2 1 1 0 0 0 0 0 0 0 0 0 0 0 0 0 0 0 0 0 0 2 4 0 0 0 0 1 1 3 3 2 2 2 2 2 2 2 2 1 1 1 1 0 0 0 0 0 0 0 0 0 0 0 0 0 0 0 0 0 0 0 0 0 0 0 0 0 0 0 0 0 0 0 0 0 0 1 1 0 0 0 0 3 3 0 0 0 0 0 0 0 0 0 0 0 0 0 0 0 0 0 0 0 0 1 1 3 3 0 0 0 0 0 0 0 0 0 0 2 4 1 3 1 2 2 4 1 4 4 3 3 1 4 3 3 4 2 4 3 4 3 1 2 2 0 0 0 0 0 0 0 0 0 0 0 0 0 0 0 0 3 3 0 0 0 0 3 3 0 0 0 0 0 0 0 0 0 0 0 0 0 0 0 0 0 0 0 0 0 0 0 0 0 0 0 0 0 0 2 2 4 4 2 2 4 4 2 2 3 3 1 1 2 2 2 2 0 0 0 0 0 0 3 1 4 4 2 2 0 0 0 0 0 0 0 0 0 0 0 0 0 0 0 0 0 0 3 3 3 3 0 0 2 2 0 0 0 0 3 3 2 2 3 3
WAL_BYD_2015_043 4 4 0 0 4 4 4 4 2 2 4 4 3 3 3 3 2 2 0 0 0 0 0 0 0 0 2 2 4 4 4 4 1 1 2 2 4 4 4 4 2 2 0 0 2 2 0 0 2 1 3 4 3 1 0 0 0 0 0 0 4 4 1 1 4 4 1 1 1 1 0 0 0 0 0 0 0 0 4 2 2 2 2 2 0 0 0 0 1 1 4 4 4 3 4 1 3 2 0 0 0 0 0 0 0 0 0 0 1 1 1 1 0 0 4 4 0 0 2 4 1 3 2 4 4 3 3 2 1 3 4 3 0 0 0 0 0 0 0 0 3 3 0 0 0 0 0 0 0 0 4 4 0 0 0 0 0 0 0 0 0 0 4 4 2 2 0 0 0 0 2 2 2 4 0 0 0 0 0 0 2 2 1 1 0 0 0 0 0 0 2 2 0 0 0 0 2 2 2 2 3 3 4 4 1 1 0 0 4 4 3 3 1 1 3 3 2 2 2 2 0 0 3 3 3 3 0 0 0 0 0 0 2 2 3 3 0 0 2 2 3 3 3 3 4 4 3 3 1 1 4 4 0 0 1 1 2 4 1 2 3 1 3 4 0 0 0 0 4 4 0 0 4 4 2 2 4 4 1 1 0 0 0 0 0 0 4 4 3 3 2 2 1 1 2 4 4 2 2 2 2 2 1 1 1 1 0 0 0 0 0 0 4 4 4 4 1 1 1 1 1 1 4 4 0 0 0 0 0 0 0 0 3 3 2 2 0 0 3 3 0 0 3 3 2 4 1 1 4 4 0 0 0 0 0 0 1 1 3 4 1 3 3 2 0 0 1 1 2 2 2 1 2 2 0 0 3 1 0 0 3 3 4 4 2 2 0 0 0 0 2 2 0 0 0 0 3 3 0 0 0 0 0 0 0 0 2 2 0 0 0 0 0 0 0 0 1 1 0 0 3 2 3 1 0 0 1 1 2 2 1 1 3 3 4 4 1 1 1 1 2 2 3 3 4 4 0 0 4 4 2 2 1 1 3 3 2 2 0 0 0 0 0 0 0 0 3 1 1 1 0 0 2 2 0 0 0 0 0 0 1 3 3 1 4 4 1 1 0 0 0 0 0 0 0 0 0 0 0 0 0 0 0 0 0 0 3 3 3 3 0 0 2 2 0 0 2 2 1 1 2 2 0 0 1 1 3 3 0 0 0 0 0 0 0 0 0 0 0 0 3 3 0 0 0 0 0 0 0 0 2 4 1 4 4 3 0 0 4 3 0 0 0 0 0 0 0 0 2 2 0 0 3 3 4 4 3 3 1 1 3 3 3 3 0 0 0 0 1 1 1 1 3 3 0 0 0 0 4 4 3 1 2 1 3 3 1 2 3 4 3 3 0 0 3 3 1 1 4 4 4 4 3 3 2 3 4 1 2 4 4 4 2 2 3 3 1 1 2 2 0 0 3 3 3 3 0 0 3 1 0 0 0 0 1 1 2 2 0 0 0 0 0 0 2 2 0 0 0 0 0 0 0 0 0 0 0 0 2 2 1 1 4 4 0 0 0 0 0 0
WAL_BYD_2015_044 0 0 0 0 4 4 0 0 2 2 4 4 3 3 3 3 2 2 0 0 0 0 0 0 0 0 2 1 4 3 4 2 0 0 4 2 4 4 4 4 0 0 0 0 2 2 0 0 2 2 3 3 3 1 0 0 0 0 0 0 0 0 0 0 0 0 1 1 1 1 0 0 0 0 1 1 1 1 0 0 2 4 2 1 0 0 0 0 1 1 4 4 3 3 1 1 2 2 1 1 1 1 2 2 0 0 0 0 0 0 1 1 0 0 4 1 0 0 0 0 1 1 2 2 0 0 0 0 0 0 0 0 0 0 0 0 0 0 0 0 3 3 0 0 0 0 0 0 0 0 0 0 0 0 0 0 0 0 0 0 0 0 4 2 2 4 3 3 4 4 0 0 0 0 0 0 0 0 2 2 2 2 1 3 0 0 3 3 1 1 2 2 0 0 0 0 2 2 2 2 3 3 4 4 1 1 0 0 0 0 3 3 1 1 3 3 2 2 4 2 4 4 1 3 0 0 0 0 0 0 0 0 0 0 0 0 0 0 2 2 1 3 3 3 4 4 3 3 1 1 0 0 0 0 1 1 2 4 1 2 3 1 3 4 0 0 0 0 1 4 0 0 4 4 2 2 4 4 1 1 0 0 0 0 0 0 4 4 3 3 2 2 1 1 2 2 4 4 2 2 2 2 1 1 1 1 0 0 2 2 0 0 4 3 4 1 1 3 1 2 1 3 2 2 1 1 1 1 4 4 3 3 3 3 2 2 2 2 3 3 2 1 3 3 0 0 1 1 4 4 3 3 4 4 1 1 1 1 0 0 0 0 0 0 0 0 1 1 0 0 2 1 0 0 0 0 3 1 0 0 0 0 0 0 2 2 0 0 0 0 2 2 3 3 0 0 3 1 1 3 0 0 0 0 3 3 3 2 1 1 3 3 0 0 0 0 1 4 0 0 3 3 3 3 2 2 1 1 2 2 0 0 3 3 4 4 1 1 1 1 2 2 3 3 4 4 2 4 0 0 2 2 0 0 0 0 0 0 0 0 0 0 0 0 0 0 0 0 0 0 0 0 2 2 0 0 0 0 0 0 0 0 0 0 4 3 1 1 0 0 3 3 1 1 0 0 0 0 0 0 0 0 0 0 0 0 3 3 0 0 0 0 2 4 0 0 0 0 0 0 2 2 0 0 1 1 3 3 1 4 0 0 0 0 0 0 0 0 0 0 3 3 0 0 2 4 1 3 1 2 2 4 1 4 4 3 3 1 4 3 3 3 2 2 3 4 3 1 2 2 4 4 0 0 4 4 3 3 1 1 3 3 3 3 0 0 0 0 0 0 1 1 3 3 0 0 0 0 4 4 0 0 0 0 0 0 0 0 0 0 0 0 0 0 0 0 0 0 0 0 4 4 3 3 2 3 0 0 0 0 4 4 2 2 3 3 1 1 0 0 2 2 3 3 3 3 0 0 3 1 4 2 2 2 1 2 0 0 3 3 4 4 1 1 0 0 0 0 0 0 0 0 0 0 0 0 0 0 2 2 1 4 4 4 0 0 2 2 0 0
WAL_BYD_2015_045 4 4 2 2 4 4 0 0 0 0 0 0 0 0 0 0 0 0 0 0 0 0 0 0 0 0 2 2 4 4 4 4 0 0 4 2 0 0 0 0 0 0 0 0 2 2 0 0 2 2 3 3 3 1 0 0 0 0 0 0 0 0 0 0 0 0 0 0 0 0 1 2 0 0 0 0 0 0 0 0 0 0 0 0 0 0 0 0 0 0 0 0 4 3 4 1 3 2 1 2 1 2 2 4 1 3 4 3 1 1 0 0 1 3 0 0 0 0 0 0 0 0 0 0 0 0 0 0 0 0 0 0 0 0 0 0 0 0 0 0 0 0 0 0 0 0 0 0 0 0 0 0 0 0 0 0 0 0 0 0 0 0 4 4 2 2 0 0 0 0 0 0 0 0 0 0 0 0 0 0 2 2 0 0 0 0 0 0 1 1 2 2 0 0 0 0 0 0 0 0 0 0 0 0 1 1 0 0 0 0 0 0 0 0 0 0 2 2 0 0 3 4 3 3 0 0 0 0 0 0 0 0 2 2 0 0 0 0 0 0 0 0 0 0 0 0 0 0 0 0 0 0 0 0 0 0 0 0 0 0 0 0 0 0 0 0 0 0 0 0 0 0 0 0 0 0 0 0 0 0 0 0 0 0 0 0 0 0 0 0 0 0 0 0 0 0 0 0 0 0 0 0 0 0 0 0 0 0 0 0 0 0 0 0 0 0 0 0 0 0 0 0 0 0 1 1 1 1 4 4 3 3 3 3 2 2 2 3 0 0 0 0 0 0 0 0 0 0 0 0 0 0 0 0 0 0 0 0 0 0 0 0 0 0 0 0 0 0 0 0 0 0 0 0 0 0 3 1 0 0 0 0 0 0 0 0 0 0 0 0 0 0 0 0 0 0 3 3 0 0 0 0 0 0 0 0 0 0 0 0 0 0 0 0 0 0 0 0 0 0 0 0 0 0 0 0 0 0 0 0 1 3 3 1 4 2 1 3 1 2 0 0 0 0 0 0 0 0 0 0 0 0 0 0 0 0 0 0 0 0 0 0 0 0 0 0 3 1 0 0 0 0 0 0 0 0 0 0 0 0 0 0 0 0 0 0 0 0 0 0 3 4 1 3 0 0 0 0 0 0 0 0 0 0 0 0 0 0 0 0 1 3 0 0 0 0 0 0 0 0 2 2 0 0 0 0 0 0 4 4 0 0 0 0 0 0 0 0 0 0 3 3 0 0 0 0 0 0 0 0 0 0 0 0 0 0 0 0 0 0 0 0 0 0 0 0 0 0 2 2 0 0 0 0 4 4 3 3 1 1 3 3 3 3 0 0 0 0 0 0 0 0 3 3 3 3 3 3 4 2 0 0 0 0 0 0 0 0 0 0 3 3 1 1 3 3 1 1 4 2 4 4 3 1 0 0 0 0 0 0 0 0 0 0 0 0 0 0 0 0 0 0 0 0 0 0 3 3 0 0 0 0 0 0 0 0 0 0 3 1 4 2 1 3 2 4 0 0 0 0 0 0 0 0 0 0 3 3 0 0 0 0 0 0 0 0 0 0 0 0
WAL_BYD_2015_046 0 0 0 0 4 4 0 0 0 0 0 0 0 0 0 0 2 2 0 0 0 0 0 0 0 0 0 0 0 0 0 0 1 1 4 2 0 0 4 4 0 0 0 0 2 2 0 0 0 0 0 0 3 1 3 3 4 4 0 0 0 0 0 0 0 0 0 0 0 0 0 0 2 2 1 2 1 3 0 0 0 0 2 2 1 1 4 1 0 0 0 0 0 0 0 0 0 0 0 0 0 0 0 0 0 0 0 0 0 0 0 0 0 0 0 0 0 0 0 0 0 0 0 0 0 0 0 0 0 0 0 0 3 4 0 0 0 0 0 0 0 0 0 0 0 0 0 0 0 0 0 0 0 0 0 0 0 0 0 0 0 0 4 4 2 2 0 0 0 0 0 0 0 0 2 4 0 0 0 0 0 0 0 0 0 0 0 0 0 0 0 0 0 0 0 0 2 2 2 2 3 3 0 0 0 0 0 0 0 0 0 0 0 0 0 0 2 2 0 0 0 0 3 3 0 0 0 0 0 0 0 0 0 0 0 0 0 0 0 0 0 0 0 0 0 0 0 0 0 0 0 0 0 0 0 0 0 0 0 0 0 0 0 0 0 0 0 0 4 4 0 0 0 0 2 2 4 4 1 1 0 0 0 0 0 0 4 4 3 3 0 0 0 0 2 2 4 4 0 0 2 1 1 4 0 0 0 0 0 0 0 0 0 0 0 0 0 0 0 0 0 0 0 0 0 0 0 0 0 0 0 0 0 0 0 0 2 3 3 3 0 0 3 2 2 2 1 1 0 0 3 1 4 2 1 4 0 0 0 0 0 0 0 0 0 0 1 1 0 0 0 0 2 2 0 0 0 0 0 0 3 3 4 4 2 2 0 0 0 0 0 0 0 0 0 0 0 0 1 3 0 0 0 0 0 0 2 2 0 0 3 4 0 0 3 3 0 0 0 0 0 0 0 0 0 0 0 0 0 0 0 0 3 3 4 4 1 1 0 0 0 0 0 0 0 0 0 0 0 0 2 1 0 0 0 0 0 0 0 0 0 0 0 0 0 0 0 0 0 0 0 0 0 0 0 0 0 0 4 4 1 1 3 3 0 0 0 0 0 0 0 0 0 0 0 0 0 0 0 0 0 0 0 0 0 0 0 0 0 0 0 0 0 0 0 0 0 0 0 0 0 0 0 0 0 0 0 0 0 0 0 0 0 0 0 0 0 0 0 0 3 3 3 1 2 2 1 1 1 1 2 2 1 1 4 4 3 3 4 4 0 0 0 0 0 0 0 0 0 0 0 0 3 3 1 4 3 3 1 1 3 3 3 3 0 0 3 1 0 0 0 0 3 3 0 0 0 0 0 0 0 0 0 0 0 0 0 0 3 4 0 0 0 0 0 0 0 0 0 0 0 0 0 0 0 0 0 0 0 0 0 0 0 0 0 0 0 0 0 0 0 0 0 0 0 0 0 0 0 0 0 0 0 0 0 0 0 0 3 3 4 4 1 1 0 0 0 0 0 0 0 0 0 0 0 0 3 3 0 0 0 0 0 0 0 0 0 0 0 0
WAL_BYD_2015_047 0 0 0 0 0 0 0 0 0 0 0 0 0 0 0 0 2 2 0 0 0 0 0 0 0 0 2 2 4 4 0 0 1 1 0 0 4 4 0 0 2 2 0 0 0 0 0 0 0 0 0 0 3 1 0 0 0 0 0 0 0 0 0 0 0 0 0 0 0 0 0 0 0 0 1 1 1 1 0 0 0 0 0 0 0 0 0 0 1 1 4 4 4 3 4 1 0 0 1 1 1 1 2 2 1 1 4 4 0 0 1 1 0 0 0 0 0 0 0 0 0 0 0 0 0 0 0 0 0 0 0 0 0 0 0 0 0 0 0 0 3 3 0 0 0 0 0 0 0 0 4 4 0 0 0 0 0 0 0 0 0 0 4 2 0 0 0 0 0 0 0 0 0 0 0 0 0 0 2 2 0 0 0 0 0 0 0 0 0 0 0 0 0 0 0 0 2 2 2 2 3 3 0 0 1 1 0 0 4 4 0 0 1 3 3 1 2 3 0 0 0 0 0 0 3 3 1 1 1 1 4 4 0 0 0 0 3 3 2 2 1 3 3 3 4 4 3 3 0 0 4 2 0 0 0 0 2 4 0 0 0 0 3 4 0 0 0 0 0 0 0 0 0 0 0 0 0 0 0 0 0 0 0 0 0 0 4 4 3 3 2 2 1 1 0 0 4 4 0 0 2 1 1 4 0 0 0 0 0 0 0 0 4 4 4 4 1 1 1 1 1 1 0 0 1 3 1 4 4 3 3 1 0 0 0 0 0 0 0 0 0 0 0 0 0 0 1 1 4 4 3 3 4 4 1 1 0 0 0 0 0 0 0 0 0 0 1 1 2 2 0 0 2 2 0 0 0 0 0 0 0 0 0 0 0 0 0 0 0 0 2 2 3 2 3 3 0 0 0 0 0 0 0 0 0 0 0 0 0 0 0 0 0 0 0 0 0 0 4 4 0 0 0 0 0 0 0 0 0 0 1 1 3 3 4 4 1 1 1 1 0 0 0 0 0 0 0 0 0 0 2 2 1 1 3 3 0 0 0 0 0 0 0 0 0 0 0 0 0 0 0 0 0 0 4 4 0 0 4 4 0 0 0 0 4 3 1 1 0 0 0 0 0 0 3 1 3 3 1 4 2 4 0 0 1 1 0 0 0 0 0 0 0 0 4 4 0 0 0 0 0 0 0 0 0 0 0 0 0 0 0 0 0 0 0 0 0 0 0 0 0 0 0 0 0 0 0 0 0 0 0 0 0 0 0 0 0 0 0 0 0 0 0 0 0 0 0 0 0 0 4 1 3 3 4 4 3 3 1 1 3 3 3 3 0 0 3 3 1 1 0 0 3 3 3 3 3 3 4 4 3 3 2 2 3 3 1 1 0 0 3 3 1 1 3 3 1 1 4 4 0 0 0 0 0 0 0 0 0 0 0 0 0 0 0 0 0 0 0 0 0 0 4 3 4 3 0 0 0 0 0 0 0 0 1 1 0 0 0 0 0 0 0 0 0 0 3 3 4 4 2 2 3 3 3 3 0 0 0 0 1 1 4 4 0 0 0 0 0 0
WAL_BYD_2015_048 0 0 0 0 0 0 0 0 0 0 0 0 0 0 0 0 0 0 0 0 0 0 0 0 0 0 2 2 4 4 0 0 0 0 2 2 0 0 0 0 0 0 0 0 2 2 0 0 0 0 0 0 3 1 0 0 0 0 4 3 4 2 1 4 4 2 0 0 0 0 0 0 0 0 0 0 0 0 0 0 0 0 0 0 0 0 0 0 0 0 0 0 0 0 0 0 0 0 1 1 1 1 2 2 1 1 4 4 0 0 1 3 0 0 0 0 0 0 2 4 1 3 2 4 0 0 3 2 1 3 0 0 0 0 3 3 0 0 0 0 0 0 0 0 0 0 0 0 0 0 0 0 0 0 0 0 0 0 0 0 0 0 0 0 0 0 0 0 0 0 0 0 0 0 0 0 0 0 0 0 0 0 0 0 0 0 0 0 0 0 0 0 0 0 0 0 0 0 0 0 0 0 0 0 0 0 0 0 0 0 3 1 0 0 0 0 0 0 0 0 0 0 0 0 0 0 1 3 1 4 4 3 2 2 0 0 0 0 0 0 0 0 0 0 0 0 0 0 0 0 0 0 0 0 0 0 2 4 1 2 3 1 3 4 3 4 3 2 0 0 0 0 0 0 0 0 0 0 0 0 0 0 0 0 0 0 0 0 0 0 2 4 1 2 0 0 0 0 0 0 0 0 0 0 0 0 3 3 0 0 0 0 0 0 0 0 0 0 0 0 0 0 0 0 0 0 0 0 0 0 0 0 0 0 0 0 0 0 0 0 0 0 0 0 0 0 0 0 0 0 0 0 0 0 0 0 0 0 0 0 0 0 0 0 0 0 1 1 0 0 0 0 0 0 0 0 0 0 0 0 0 0 0 0 0 0 0 0 0 0 0 0 0 0 0 0 0 0 0 0 0 0 0 0 0 0 0 0 0 0 0 0 0 0 0 0 0 0 0 0 0 0 0 0 2 4 1 4 2 2 1 3 3 1 4 2 1 3 1 2 0 0 0 0 0 0 0 0 0 0 0 0 0 0 0 0 0 0 0 0 0 0 0 0 0 0 0 0 0 0 0 0 2 2 0 0 0 0 0 0 0 0 0 0 0 0 0 0 0 0 0 0 0 0 0 0 0 0 0 0 0 0 0 0 1 2 0 0 0 0 0 0 0 0 0 0 0 0 0 0 0 0 0 0 0 0 0 0 0 0 0 0 0 0 0 0 0 0 0 0 0 0 0 0 0 0 0 0 0 0 0 0 0 0 0 0 0 0 0 0 0 0 0 0 0 0 0 0 0 0 4 4 3 3 0 0 3 1 1 1 3 3 0 0 0 0 3 1 0 0 0 0 0 0 0 0 0 0 0 0 0 0 0 0 0 0 0 0 0 0 0 0 0 0 0 0 0 0 0 0 0 0 0 0 0 0 0 0 0 0 0 0 0 0 3 3 1 1 0 0 0 0 4 3 4 3 0 0 0 0 4 4 2 2 1 1 0 0 0 0 0 0 0 0 0 0 0 0 4 2 2 2 3 3 3 3 0 0 0 0 0 0 0 0 0 0 0 0 0 0
WAL_BYD_2015_113 4 4 2 2 4 4 0 0 2 2 4 4 3 3 0 0 0 0 0 0 0 0 0 0 0 0 2 2 4 4 4 4 1 1 0 0 4 4 4 4 2 2 0 0 2 2 1 1 2 2 3 3 3 1 3 3 4 4 4 4 4 4 1 1 4 4 1 1 1 1 0 0 2 2 0 0 0 0 4 4 0 0 2 2 1 1 4 4 1 1 4 4 3 3 1 1 2 2 1 1 1 1 2 2 1 1 4 4 1 1 1 1 3 3 4 4 0 0 2 2 1 1 2 2 4 4 3 3 0 0 4 3 3 3 0 0 3 1 3 3 3 3 4 4 1 1 3 3 4 4 4 4 2 2 2 2 4 4 1 1 4 4 0 0 0 0 0 0 0 0 2 2 2 2 0 0 0 0 2 2 2 2 1 1 1 1 3 3 1 1 2 2 2 2 3 3 2 2 2 2 3 3 4 4 1 1 0 0 4 2 3 3 1 1 3 3 2 2 2 2 4 4 1 3 3 3 0 0 0 0 0 0 2 2 4 3 3 3 2 2 1 3 3 3 4 4 0 0 1 1 4 4 0 0 1 1 2 4 1 2 3 1 3 4 3 4 3 2 4 4 2 4 4 4 2 2 4 4 1 1 0 0 0 0 0 0 4 4 3 3 2 2 1 1 2 2 4 4 2 2 2 2 1 1 1 1 3 3 2 2 4 4 4 4 4 4 1 1 1 1 1 1 2 2 1 1 1 1 4 4 0 0 3 3 2 2 2 3 3 3 0 0 3 3 2 2 1 1 4 4 3 3 4 4 1 1 0 0 3 3 1 1 3 3 0 0 1 1 2 2 1 1 2 2 2 2 3 1 2 2 3 3 4 4 0 0 1 1 1 1 2 2 3 3 0 0 3 3 1 1 0 0 4 4 3 3 3 2 0 0 3 3 0 0 3 3 1 4 0 0 3 3 3 3 2 2 1 1 2 2 1 1 3 3 4 4 1 1 1 1 2 2 3 3 4 4 0 0 4 4 2 2 0 0 0 0 0 0 0 0 0 0 0 0 0 0 1 1 1 1 3 3 2 2 0 0 0 0 4 4 1 1 3 3 4 4 1 1 3 3 3 3 1 1 0 0 0 0 0 0 0 0 1 3 1 1 3 3 3 3 3 3 2 2 4 4 2 2 1 1 2 2 0 0 1 1 3 3 4 4 0 0 0 0 2 2 2 2 3 3 3 3 3 3 0 0 0 0 0 0 2 4 1 4 4 3 0 0 4 3 0 0 0 0 0 0 0 0 4 2 4 4 3 3 4 4 3 3 1 1 3 3 3 3 0 0 3 3 1 1 1 1 3 3 3 3 3 3 4 4 0 0 0 0 0 0 0 0 3 4 3 3 1 1 3 3 1 1 4 4 4 4 3 3 2 2 0 0 0 0 0 0 0 0 0 0 0 0 0 0 0 0 3 3 3 3 3 3 3 1 4 4 2 2 1 1 2 2 3 3 4 4 1 1 2 2 0 0 0 0 0 0 3 3 3 3 3 3 2 2 0 0 4 4 3 3 2 2 3 3
WAL_BYD_2015_114 4 4 0 0 4 4 0 0 0 0 0 0 3 3 0 0 2 2 0 0 0 0 0 0 0 0 2 2 0 0 0 0 1 1 2 2 0 0 0 0 0 0 0 0 2 2 0 0 2 2 3 3 3 1 3 3 4 4 0 0 4 4 1 1 4 4 0 0 0 0 0 0 2 2 1 1 0 0 0 0 2 2 2 2 1 4 4 4 1 1 4 4 0 0 0 0 0 0 1 1 1 1 2 2 1 1 4 4 1 1 0 0 0 0 4 4 0 0 0 0 1 1 2 2 4 4 3 3 1 3 4 3 0 0 0 0 0 0 0 0 3 3 0 0 0 0 0 0 4 4 4 4 0 0 0 0 0 0 0 0 0 0 4 4 2 2 3 3 4 4 2 2 0 0 0 0 0 0 4 4 0 0 0 0 0 0 3 3 1 1 2 2 2 2 3 3 2 2 2 2 3 3 0 0 1 1 0 0 4 4 3 3 0 0 0 0 0 0 0 0 3 3 3 3 3 3 1 1 1 1 4 4 2 2 0 0 3 3 2 2 1 3 3 3 4 4 3 3 0 0 0 0 0 0 0 0 0 0 0 0 0 0 0 0 0 0 0 0 4 4 2 4 4 4 0 0 0 0 0 0 2 2 3 3 0 0 0 0 0 0 0 0 0 0 0 0 0 0 0 0 0 0 0 0 0 0 3 3 0 0 0 0 0 0 0 0 0 0 0 0 1 3 0 0 1 1 1 1 4 4 3 3 0 0 0 0 0 0 3 3 2 2 0 0 0 0 1 1 0 0 3 3 4 4 1 1 1 1 3 4 1 1 3 3 0 0 0 0 0 0 0 0 0 0 0 0 3 1 0 0 3 3 4 4 0 0 1 1 1 1 0 0 0 0 0 0 3 3 1 1 0 0 0 0 3 3 3 2 0 0 3 3 0 0 3 3 1 1 4 4 3 3 3 3 0 0 1 1 0 0 0 0 3 3 4 4 1 1 1 1 0 0 0 0 0 0 2 4 0 0 0 0 0 0 0 0 0 0 0 0 0 0 0 0 0 0 3 1 0 0 0 0 2 2 4 4 0 0 0 0 1 1 3 3 0 0 0 0 0 0 0 0 0 0 3 3 0 0 0 0 0 0 1 1 0 0 0 0 3 3 3 3 2 2 4 4 0 0 0 0 2 2 2 2 0 0 0 0 1 4 0 0 0 0 0 0 0 0 3 3 0 0 3 3 0 0 0 0 0 0 0 0 0 0 0 0 0 0 0 0 0 0 0 0 0 0 0 0 2 2 4 4 3 3 1 4 0 0 0 0 0 0 0 0 0 0 3 1 0 0 1 1 3 3 3 3 3 3 0 0 0 0 0 0 0 0 0 0 0 0 3 3 1 1 3 3 0 0 0 0 2 4 3 3 2 2 4 4 0 0 4 4 2 2 3 3 1 1 0 0 0 0 0 0 0 0 0 0 3 1 4 4 2 2 0 0 0 0 0 0 0 0 0 0 2 2 0 0 0 0 0 0 3 3 3 3 3 3 2 2 0 0 0 0 0 0 2 2 3 3
WAL_BYD_2015_115 0 0 0 0 0 0 0 0 0 0 0 0 0 0 3 3 2 2 0 0 0 0 0 0 0 0 0 0 0 0 0 0 1 1 0 0 0 0 0 0 0 0 0 0 0 0 0 0 2 2 3 3 3 1 0 0 0 0 0 0 0 0 1 1 4 4 0 0 0 0 0 0 0 0 0 0 0 0 0 0 2 2 2 2 0 0 0 0 0 0 0 0 0 0 0 0 0 0 0 0 0 0 0 0 0 0 0 0 0 0 0 0 3 3 0 0 0 0 0 0 1 1 2 2 0 0 0 0 1 3 0 0 0 0 0 0 0 0 0 0 3 3 0 0 0 0 0 0 0 0 0 0 0 0 0 0 0 0 0 0 0 0 4 2 0 0 0 0 0 0 0 0 0 0 0 0 0 0 0 0 0 0 0 0 0 0 3 3 1 1 2 2 0 0 0 0 0 0 0 0 0 0 4 4 1 1 0 0 4 4 0 0 0 0 0 0 0 0 0 0 4 4 0 0 0 0 0 0 0 0 0 0 0 0 0 0 0 0 0 0 1 1 3 3 4 4 3 3 0 0 0 0 0 0 0 0 2 2 0 0 0 0 0 0 0 0 0 0 1 4 0 0 4 4 0 0 4 4 1 1 0 0 0 0 0 0 0 0 0 0 0 0 0 0 0 0 0 0 0 0 0 0 0 0 0 0 0 0 2 2 0 0 0 0 0 0 0 0 0 0 0 0 2 4 0 0 0 0 0 0 0 0 0 0 0 0 2 3 0 0 0 0 3 2 0 0 0 0 0 0 0 0 0 0 0 0 1 1 0 0 0 0 0 0 0 0 0 0 0 0 0 0 0 0 0 0 0 0 0 0 0 0 0 0 0 0 0 0 0 0 0 0 0 0 0 0 0 0 0 0 0 0 0 0 0 0 0 0 0 0 3 3 0 0 0 0 1 1 0 0 0 0 0 0 0 0 0 0 0 0 0 0 3 3 4 4 1 1 1 1 0 0 0 0 0 0 0 0 0 0 0 0 1 1 3 3 2 2 0 0 0 0 0 0 0 0 0 0 0 0 0 0 0 0 4 4 0 0 0 0 0 0 0 0 0 0 0 0 3 3 3 3 1 1 0 0 0 0 0 0 0 0 0 0 0 0 3 3 0 0 1 3 0 0 4 4 0 0 0 0 0 0 0 0 0 0 0 0 0 0 0 0 0 0 0 0 0 0 0 0 0 0 0 0 0 0 0 0 0 0 0 0 0 0 0 0 0 0 0 0 0 0 0 0 0 0 0 0 2 2 0 0 0 0 0 0 0 0 0 0 0 0 0 0 0 0 0 0 0 0 0 0 0 0 0 0 0 0 0 0 0 0 0 0 0 0 0 0 0 0 0 0 0 0 0 0 0 0 0 0 4 4 3 3 0 0 0 0 0 0 4 4 2 2 3 3 1 1 0 0 0 0 0 0 0 0 0 0 0 0 4 4 2 2 0 0 0 0 0 0 0 0 0 0 0 0 0 0 0 0 0 0 0 0 0 0 0 0 0 0 1 4 0 0 0 0 0 0 0 0
WAL_BYD_2015_116 4 4 2 2 4 4 4 4 2 2 4 4 3 3 0 0 0 0 0 0 0 0 0 0 0 0 2 2 4 4 4 4 1 1 2 2 4 4 4 4 2 2 0 0 2 2 0 0 2 2 3 3 3 1 3 3 4 4 4 4 4 4 1 1 4 4 1 1 1 1 1 1 2 2 1 1 1 1 4 4 0 0 0 0 0 0 0 0 1 1 4 4 3 3 1 1 2 2 1 1 1 1 2 2 1 1 4 4 1 1 1 1 0 0 4 4 3 3 2 2 1 1 2 2 4 4 3 3 3 3 4 3 0 0 0 0 0 0 0 0 3 3 0 0 0 0 0 0 4 4 4 4 2 2 0 0 4 4 1 1 4 4 0 0 2 2 0 0 0 0 2 2 2 2 0 0 0 0 2 2 2 2 1 1 0 0 3 3 1 1 2 2 2 2 3 3 2 2 2 2 3 3 4 4 1 1 0 0 4 4 3 3 1 1 0 0 2 2 2 2 4 4 3 3 3 3 0 0 0 0 0 0 2 2 3 3 0 0 2 2 1 3 3 3 4 4 3 3 1 1 4 2 1 1 1 1 2 4 1 2 3 1 3 4 3 4 3 2 1 4 0 0 4 4 2 2 4 4 1 1 0 0 0 0 4 4 4 4 3 3 2 2 1 1 2 2 4 4 2 2 2 2 1 1 1 1 3 3 2 2 4 4 4 4 4 4 1 1 1 1 1 1 2 2 1 1 1 1 4 4 3 3 3 3 2 2 2 2 3 3 2 2 0 0 0 0 1 1 4 4 3 3 4 4 1 1 1 1 3 3 1 1 3 3 4 2 1 1 2 2 2 1 2 2 2 2 3 1 2 2 3 3 4 4 2 2 1 1 1 1 2 2 3 3 0 0 3 3 1 1 0 0 0 0 3 3 2 2 0 0 0 0 1 1 3 3 1 1 0 0 3 3 3 3 2 2 1 1 2 2 1 1 3 3 4 4 1 1 1 1 2 2 3 3 4 4 0 0 4 4 2 2 1 1 3 3 2 2 2 2 2 2 2 2 1 1 1 1 1 1 0 0 2 2 0 0 3 3 4 4 1 1 3 3 4 4 1 1 3 3 3 3 1 1 3 3 3 3 1 1 2 2 1 1 1 1 3 3 3 3 3 3 2 2 0 0 2 2 1 1 2 2 2 1 1 1 3 3 0 0 0 0 0 0 0 0 0 0 0 0 3 3 3 3 2 2 1 1 1 1 2 2 1 1 4 4 3 3 4 4 3 3 2 2 3 3 3 3 2 2 0 0 3 3 4 4 3 3 1 1 3 3 3 3 0 0 3 1 1 1 1 1 3 3 3 3 3 3 4 4 3 3 2 2 3 3 0 0 3 3 3 3 1 1 3 3 1 1 4 4 2 4 3 3 2 2 4 4 2 2 4 4 2 2 3 3 1 1 2 2 2 2 0 0 0 0 3 3 3 1 4 4 2 2 1 1 2 2 3 3 4 4 1 1 2 2 3 3 4 4 2 2 3 3 3 3 3 3 0 0 1 1 4 4 3 3 2 2 3 3
WAL_BYD_2015_117 4 4 2 2 4 4 0 0 2 2 0 0 3 1 3 3 2 2 0 0 0 0 0 0 0 0 2 2 4 4 4 4 1 3 2 2 4 2 4 4 2 2 4 3 2 2 0 0 2 2 3 3 3 1 3 3 4 4 0 0 4 4 1 1 4 4 1 1 1 1 0 0 0 0 0 0 0 0 4 4 2 2 2 2 1 1 4 4 1 1 4 4 4 4 4 4 3 3 1 1 1 1 2 2 1 1 4 4 1 1 1 1 3 3 4 4 0 0 0 0 1 1 2 2 4 4 3 3 1 3 0 0 0 0 3 3 0 0 0 0 0 0 4 4 1 1 0 0 4 4 4 4 0 0 0 0 4 4 1 1 4 4 0 0 0 0 0 0 0 0 2 2 2 2 0 0 0 0 2 4 0 0 0 0 0 0 3 3 1 1 2 2 0 0 0 0 2 2 2 2 3 3 4 4 1 1 0 0 4 4 3 3 1 1 3 3 2 2 2 2 3 4 3 3 3 3 1 1 1 1 4 4 2 2 3 3 0 0 2 2 3 3 3 3 4 4 3 3 1 1 2 2 0 0 0 0 2 4 1 2 3 1 3 4 3 4 3 2 0 0 0 0 4 4 2 2 4 4 1 1 0 0 0 0 0 0 0 0 0 0 2 2 1 1 0 0 4 4 2 2 0 0 0 0 1 1 0 0 2 2 0 0 4 4 4 4 1 1 1 1 1 1 2 4 0 0 0 0 0 0 0 0 0 0 0 0 2 2 3 3 0 0 0 0 2 2 1 1 4 4 3 3 4 4 1 1 1 1 0 0 0 0 0 0 4 2 1 1 2 2 2 1 2 2 0 0 0 0 0 0 3 3 4 4 2 2 0 0 0 0 2 2 3 3 0 0 3 3 0 0 0 0 0 0 3 1 2 2 0 0 0 0 0 0 0 0 0 0 0 0 0 0 0 0 0 0 0 0 2 2 0 0 3 3 4 4 0 0 0 0 0 0 0 0 0 0 0 0 0 0 2 2 0 0 0 0 0 0 0 0 0 0 0 0 0 0 3 1 1 1 0 0 2 2 0 0 0 0 4 4 0 0 0 0 0 0 1 1 0 0 0 0 0 0 0 0 0 0 0 0 0 0 1 1 1 1 0 0 0 0 0 0 2 2 0 0 2 2 1 1 2 2 0 0 1 1 3 3 4 4 0 0 0 0 0 0 0 0 0 0 3 3 3 3 2 2 1 1 0 0 0 0 0 0 0 0 0 0 0 0 0 0 0 0 0 0 0 0 2 2 4 1 3 3 4 4 3 3 1 1 3 3 3 3 0 0 3 3 1 1 0 0 3 3 0 0 0 0 4 4 3 3 2 2 3 3 1 1 0 0 3 3 1 1 3 3 1 1 4 4 2 4 3 3 0 0 0 0 0 0 0 0 0 0 0 0 1 1 0 0 0 0 4 3 4 3 3 3 3 1 0 0 0 0 1 1 0 0 3 3 4 4 1 1 0 0 3 3 4 4 2 2 0 0 0 0 3 3 0 0 1 4 4 4 0 0 2 2 0 0
WAL_BYD_2015_118 4 4 2 2 4 4 0 0 0 0 0 0 0 0 3 3 2 2 0 0 0 0 0 0 0 0 2 2 4 4 4 4 0 0 4 2 0 0 4 4 2 2 0 0 2 2 1 1 2 2 3 3 3 1 3 3 4 4 0 0 4 4 1 1 4 2 1 1 1 1 0 0 2 2 0 0 0 0 0 0 2 2 0 0 0 0 0 0 0 0 0 0 3 3 1 1 2 2 0 0 0 0 0 0 0 0 0 0 1 1 1 1 0 0 4 4 0 0 0 0 0 0 0 0 0 0 0 0 0 0 0 0 0 0 0 0 3 1 3 1 0 0 0 0 0 0 0 0 0 0 0 0 0 0 2 2 0 0 0 0 0 0 4 4 2 2 3 3 4 4 0 0 0 0 0 0 0 0 2 2 0 0 0 0 0 0 0 0 0 0 0 0 0 0 0 0 0 0 0 0 0 0 4 4 1 1 4 2 4 4 3 3 1 1 3 3 2 2 0 0 3 4 3 3 0 0 0 0 0 0 0 0 0 0 0 0 3 3 2 2 1 1 3 3 0 0 0 0 0 0 0 0 0 0 0 0 0 0 1 1 3 3 0 0 0 0 0 0 1 4 0 0 4 4 2 2 4 4 1 1 0 0 0 0 0 0 4 4 3 3 0 0 0 0 2 2 4 4 2 2 2 1 1 4 1 1 0 0 0 0 0 0 4 4 4 4 1 1 1 1 1 1 0 0 0 0 0 0 0 0 0 0 0 0 0 0 2 3 0 0 0 0 0 0 0 0 1 1 4 4 3 3 4 4 1 1 1 1 0 0 0 0 0 0 0 0 1 1 0 0 0 0 0 0 0 0 0 0 0 0 3 3 4 4 0 0 1 1 1 1 0 0 3 3 0 0 0 0 0 0 0 0 4 1 0 0 0 0 0 0 0 0 0 0 0 0 0 0 0 0 3 3 3 3 0 0 1 1 2 2 1 1 3 3 4 4 1 1 1 1 2 2 3 3 4 4 2 4 0 0 2 2 0 0 0 0 0 0 0 0 0 0 0 0 0 0 1 1 0 0 0 0 2 2 4 4 3 3 0 0 0 0 0 0 0 0 0 0 0 0 0 0 0 0 0 0 0 0 0 0 0 0 0 0 1 1 0 0 0 0 3 3 2 2 0 0 2 2 1 1 2 2 0 0 0 0 3 3 4 4 0 0 0 0 0 0 2 2 3 3 3 3 0 0 0 0 0 0 0 0 0 0 0 0 0 0 0 0 0 0 0 0 0 0 0 0 0 0 4 2 4 1 3 3 4 4 3 3 1 3 3 3 3 3 0 0 3 1 0 0 0 0 0 0 0 0 3 3 4 2 0 0 0 0 0 0 0 0 3 4 3 3 1 1 3 3 0 0 4 4 2 4 0 0 2 2 4 4 0 0 4 4 2 2 3 3 1 1 0 0 0 0 3 3 3 3 0 0 3 1 0 0 0 0 1 1 0 0 0 0 0 0 0 0 0 0 0 0 0 0 0 0 3 3 3 3 0 0 0 0 0 0 0 0 0 0 2 2 0 0
WAL_BYD_2015_119 4 4 2 1 0 0 0 0 2 2 4 4 0 0 0 0 0 0 0 0 0 0 0 0 0 0 0 0 0 0 0 0 1 1 4 4 0 0 0 0 2 2 4 3 0 0 0 0 2 2 3 3 3 1 0 0 0 0 4 4 4 4 1 1 4 4 1 1 1 1 1 1 0 0 0 0 0 0 0 0 0 0 0 0 0 0 0 0 1 1 4 4 3 3 1 1 2 2 1 1 1 1 2 2 1 1 4 4 0 0 1 1 3 3 4 4 0 0 0 0 1 1 2 2 4 4 3 3 3 3 0 0 0 0 0 0 0 0 0 0 3 3 0 0 0 0 0 0 0 0 0 0 0 0 0 0 0 0 0 0 0 0 0 0 0 0 0 0 0 0 0 0 0 0 0 0 0 0 2 2 2 2 1 1 0 0 3 3 1 1 2 2 0 0 0 0 2 2 2 2 3 3 0 0 1 1 0 0 0 0 3 3 1 1 3 3 2 2 0 0 0 0 3 3 0 0 0 0 0 0 0 0 2 2 0 0 0 0 2 2 1 3 3 3 4 4 3 3 1 1 2 2 0 0 0 0 2 4 1 2 3 1 3 4 3 4 3 2 1 4 0 0 4 4 0 0 4 4 1 1 0 0 0 0 0 0 4 4 3 3 2 2 1 1 2 2 4 4 2 2 2 2 1 1 0 0 0 0 0 0 0 0 4 4 4 4 1 1 1 1 1 3 2 2 0 0 0 0 0 0 0 0 3 3 0 0 2 3 3 3 2 2 3 2 2 2 0 0 4 4 3 3 4 4 1 1 1 1 3 3 1 1 3 3 0 0 1 1 0 0 0 0 0 0 0 0 0 0 2 2 3 3 4 4 0 0 0 0 0 0 2 2 3 3 0 0 0 0 0 0 0 0 0 0 3 1 0 0 0 0 0 0 0 0 0 0 0 0 4 4 0 0 0 0 0 0 1 1 0 0 0 0 3 3 4 4 1 1 1 1 2 2 3 3 4 4 2 2 4 4 2 2 1 1 3 3 0 0 0 0 0 0 0 0 0 0 3 1 0 0 0 0 2 2 0 0 0 0 0 0 1 1 3 3 0 0 0 0 0 0 0 0 1 1 0 0 0 0 0 0 0 0 0 0 1 1 3 3 3 3 1 3 2 2 0 0 2 2 1 1 0 0 0 0 0 0 0 0 4 4 0 0 0 0 0 0 0 0 0 0 3 3 3 3 2 4 1 3 1 2 2 4 1 4 4 3 3 1 4 3 3 3 2 2 3 4 3 1 4 2 0 0 3 3 4 4 3 3 1 1 3 3 3 3 1 1 3 1 0 0 1 1 3 3 0 0 0 0 4 4 3 3 2 2 3 3 1 1 0 0 3 3 1 1 3 3 1 1 4 4 2 4 3 3 0 0 0 0 0 0 0 0 0 0 0 0 0 0 0 0 0 0 4 3 4 3 0 0 3 1 0 0 0 0 1 2 0 0 3 3 4 4 1 1 0 0 0 0 4 4 2 2 3 3 3 3 3 3 0 0 1 1 4 4 3 3 2 2 3 3
WAL_BYD_2015_120 4 4 0 0 4 4 0 0 0 0 0 0 3 3 0 0 0 0 0 0 0 0 0 0 0 0 2 2 4 4 0 0 0 0 2 2 4 4 0 0 2 2 0 0 2 2 1 1 2 2 3 3 3 1 0 0 0 0 0 0 4 4 1 1 4 4 1 1 1 1 0 0 0 0 1 1 1 1 0 0 0 0 0 0 0 0 0 0 1 1 4 4 4 3 4 1 3 2 1 1 0 0 0 0 0 0 0 0 0 0 1 1 3 3 4 4 0 0 0 0 1 1 2 2 4 4 3 3 3 3 4 3 3 3 0 0 0 0 0 0 3 3 0 0 0 0 0 0 4 1 4 4 0 0 0 0 0 0 0 0 0 0 4 4 2 2 0 0 0 0 2 2 0 0 2 2 2 2 2 2 2 2 0 0 1 1 3 3 1 1 2 2 0 0 3 3 2 2 2 2 3 3 4 4 1 1 0 0 4 4 3 3 1 1 3 3 2 2 4 2 3 4 3 3 3 3 0 0 0 0 0 0 2 2 4 3 3 3 0 0 1 3 0 0 0 0 0 0 1 1 2 2 1 1 1 3 2 4 1 2 3 1 3 4 0 0 0 0 4 4 0 0 4 4 2 2 4 4 1 1 2 4 0 0 0 0 4 4 3 3 2 2 1 1 2 2 4 4 2 2 2 1 1 4 1 1 0 0 2 2 0 0 0 0 0 0 1 1 1 1 1 1 2 2 0 0 0 0 0 0 0 0 3 3 2 2 2 3 3 3 0 0 3 3 2 2 0 0 4 4 3 3 4 4 1 1 1 1 0 0 0 0 0 0 0 0 0 0 2 2 0 0 2 2 2 2 0 0 0 0 0 0 0 0 2 2 0 0 0 0 2 2 3 3 0 0 3 3 0 0 0 0 4 4 3 3 2 2 0 0 3 3 1 1 3 3 0 0 4 4 0 0 0 0 0 0 1 1 2 4 0 0 3 3 4 4 1 1 1 1 2 2 3 3 4 4 2 4 0 0 2 2 1 1 3 3 0 0 0 0 0 0 0 0 0 0 3 1 1 1 3 3 2 2 0 0 0 0 4 4 0 0 3 3 4 4 1 1 3 3 3 3 1 1 3 3 3 3 1 1 2 2 0 0 1 1 3 3 3 3 3 3 2 2 0 0 2 2 1 1 0 0 0 0 0 0 3 3 4 4 0 0 0 0 0 0 0 0 0 0 3 3 0 0 2 2 1 1 1 1 2 2 1 1 4 4 3 3 4 4 3 3 2 2 3 3 3 3 2 2 4 4 3 3 0 0 0 0 0 0 0 0 3 3 0 0 0 0 1 1 1 1 3 3 3 3 3 3 4 2 0 0 0 0 0 0 0 0 3 4 3 3 1 1 3 3 1 1 4 4 4 4 3 3 0 0 0 0 0 0 0 0 0 0 0 0 0 0 0 0 0 0 3 3 3 3 3 3 3 1 0 0 0 0 1 1 2 2 3 3 4 4 1 1 2 2 0 0 4 4 2 2 3 3 3 3 3 3 2 4 1 1 4 4 3 3 2 2 0 0
WAL_BYD_2015_121 4 4 0 0 4 4 0 0 0 0 0 0 0 0 0 0 2 2 0 0 0 0 0 0 0 0 2 2 4 4 4 4 0 0 0 0 4 4 0 0 2 2 0 0 2 2 1 1 2 2 3 3 3 1 3 3 4 4 4 4 4 4 1 1 4 4 1 1 1 1 0 0 2 2 0 0 0 0 0 0 0 0 0 0 0 0 0 0 0 0 0 0 3 3 1 1 2 2 0 0 0 0 0 0 0 0 0 0 0 0 1 1 0 0 4 4 0 0 0 0 1 1 2 2 4 4 3 3 1 3 4 3 3 3 0 0 0 0 0 0 0 0 0 0 0 0 0 0 0 0 4 4 0 0 0 0 0 0 0 0 0 0 4 4 2 2 0 0 0 0 0 0 2 2 0 0 0 0 2 2 2 2 1 1 1 1 3 3 1 1 2 2 0 0 3 3 2 2 2 2 3 3 0 0 0 0 4 4 0 0 0 0 1 1 3 3 2 2 2 2 0 0 0 0 3 3 0 0 0 0 0 0 2 2 3 3 0 0 2 4 1 1 3 3 4 4 3 3 1 1 2 2 0 0 0 0 2 2 1 1 3 3 0 0 0 0 0 0 4 4 0 0 4 4 2 2 4 4 1 1 0 0 0 0 0 0 4 4 3 3 2 2 1 1 0 0 0 0 2 2 2 2 1 1 0 0 0 0 0 0 0 0 4 4 4 4 1 1 1 1 1 1 2 4 0 0 0 0 0 0 0 0 3 3 2 2 0 0 3 3 0 0 3 3 0 0 1 1 4 4 3 3 4 4 1 1 0 0 3 3 1 1 3 3 0 0 1 1 0 0 0 0 2 2 2 2 0 0 0 0 3 3 4 4 2 2 1 1 1 1 2 2 3 3 0 0 3 3 1 1 0 0 4 4 0 0 3 2 0 0 0 0 0 0 0 0 1 1 0 0 0 0 0 0 2 2 1 1 2 2 1 1 3 3 4 4 1 1 1 1 2 2 3 3 4 4 2 4 0 0 2 2 1 1 0 0 0 0 0 0 2 1 0 0 0 0 0 0 1 1 3 3 2 2 0 0 0 0 4 4 0 0 3 3 4 4 1 1 0 0 3 3 1 1 0 0 0 0 0 0 0 0 0 0 1 1 3 3 3 3 0 0 2 2 0 0 2 2 0 0 2 2 0 0 1 1 3 3 0 0 0 0 0 0 0 0 0 0 0 0 3 3 3 1 0 0 0 0 0 0 0 0 0 0 0 0 0 0 0 0 0 0 0 0 0 0 0 0 0 0 4 4 3 3 4 4 3 3 1 1 3 3 3 3 0 0 3 3 1 1 1 1 3 3 0 0 0 0 4 4 0 0 0 0 0 0 0 0 3 4 3 3 1 1 3 3 1 1 4 4 4 4 3 3 0 0 0 0 0 0 0 0 0 0 0 0 0 0 0 0 0 0 0 0 0 0 0 0 0 0 4 4 2 2 1 1 2 2 3 3 4 4 1 1 2 2 3 3 4 4 2 2 3 3 3 3 3 3 0 0 1 1 4 4 0 0 2 2 0 0
WAL_BYD_2015_122 0 0 0 0 0 0 0 0 0 0 0 0 0 0 0 0 0 0 0 0 0 0 0 0 0 0 0 0 0 0 0 0 0 0 4 2 0 0 0 0 0 0 0 0 0 0 0 0 0 0 0 0 0 0 0 0 0 0 0 0 0 0 0 0 0 0 0 0 0 0 0 0 0 0 0 0 0 0 0 0 0 0 0 0 0 0 0 0 0 0 0 0 0 0 0 0 0 0 0 0 0 0 0 0 0 0 0 0 0 0 0 0 0 0 0 0 0 0 0 0 0 0 0 0 0 0 0 0 0 0 0 0 0 0 0 0 3 1 3 3 0 0 0 0 0 0 0 0 0 0 0 0 0 0 0 0 0 0 0 0 0 0 0 0 0 0 0 0 0 0 0 0 0 0 0 0 0 0 0 0 0 0 0 0 0 0 0 0 0 0 0 0 0 0 0 0 0 0 0 0 0 0 0 0 0 0 4 4 0 0 0 0 0 0 0 0 0 0 0 0 3 4 0 0 0 0 0 0 0 0 0 0 0 0 0 0 0 0 0 0 0 0 0 0 0 0 0 0 1 3 0 0 0 0 0 0 0 0 0 0 0 0 0 0 0 0 0 0 0 0 0 0 0 0 0 0 0 0 0 0 0 0 0 0 0 0 0 0 0 0 0 0 0 0 0 0 0 0 0 0 0 0 0 0 0 0 0 0 2 2 0 0 0 0 0 0 0 0 0 0 0 0 0 0 0 0 0 0 0 0 0 0 0 0 0 0 0 0 0 0 0 0 0 0 0 0 0 0 0 0 0 0 0 0 0 0 0 0 0 0 0 0 0 0 0 0 0 0 0 0 0 0 0 0 0 0 0 0 0 0 0 0 0 0 0 0 0 0 0 0 0 0 0 0 0 0 0 0 0 0 0 0 0 0 0 0 0 0 0 0 0 0 0 0 0 0 0 0 0 0 0 0 0 0 0 0 0 0 0 0 0 0 0 0 0 0 0 0 0 0 0 0 0 0 0 0 2 4 0 0 0 0 0 0 0 0 0 0 0 0 0 0 0 0 0 0 1 1 0 0 0 0 0 0 0 0 0 0 0 0 0 0 0 0 0 0 0 0 0 0 0 0 0 0 0 0 0 0 0 0 0 0 0 0 0 0 0 0 0 0 0 0 0 0 0 0 0 0 0 0 0 0 0 0 0 0 0 0 0 0 0 0 0 0 0 0 0 0 0 0 0 0 0 0 0 0 0 0 0 0 0 0 0 0 0 0 0 0 0 0 0 0 0 0 0 0 0 0 0 0 0 0 0 0 0 0 0 0 0 0 0 0 0 0 0 0 0 0 0 0 0 0 0 0 0 0 0 0 0 0 0 0 0 0 0 0 0 0 0 0 0 0 0 0 0 0 0 0 0 0 0 0 0 0 0 0 0 0 0 0 0 0 0 0 0 0 0 0 0 0 0 0 0 0 0 0 0 0 0 0 0 0 0 0 0 0 0 0 0 0 0 0 0 0 0 0 0 0 0 0 0 0 0 0 0 0 3 4 0 0 0 0 0 0 0 0 0 0 0 0
WAL_BYD_2015_123 0 0 0 0 0 0 0 0 0 0 0 0 0 0 0 0 0 0 0 0 0 0 0 0 0 0 0 0 0 0 0 0 0 0 0 0 0 0 0 0 0 0 0 0 0 0 0 0 0 0 0 0 0 0 3 3 4 4 0 0 0 0 0 0 4 4 0 0 0 0 0 0 0 0 0 0 0 0 0 0 0 0 0 0 0 0 0 0 0 0 0 0 0 0 0 0 0 0 0 0 0 0 0 0 0 0 0 0 0 0 0 0 0 0 0 0 0 0 0 0 0 0 0 0 0 0 0 0 0 0 0 0 0 0 0 0 0 0 0 0 0 0 0 0 0 0 0 0 0 0 0 0 0 0 0 0 0 0 0 0 0 0 0 0 0 0 0 0 0 0 0 0 0 0 0 0 0 0 0 0 0 0 0 0 0 0 0 0 0 0 0 0 2 1 3 1 0 0 0 0 0 0 0 0 0 0 0 0 0 0 0 0 0 0 0 0 0 0 0 0 0 0 0 0 0 0 0 0 0 0 0 0 0 0 0 0 0 0 2 2 1 3 3 3 4 4 3 3 0 0 0 0 0 0 0 0 0 0 0 0 0 0 0 0 0 0 0 0 0 0 0 0 0 0 0 0 0 0 0 0 0 0 0 0 0 0 0 0 0 0 0 0 0 0 0 0 0 0 0 0 0 0 0 0 0 0 0 0 0 0 0 0 0 0 0 0 0 0 0 0 0 0 0 0 0 0 0 0 0 0 0 0 0 0 0 0 0 0 0 0 0 0 0 0 0 0 0 0 0 0 0 0 0 0 0 0 0 0 0 0 0 0 0 0 0 0 0 0 0 0 0 0 0 0 0 0 0 0 0 0 0 0 0 0 0 0 0 0 0 0 0 0 0 0 0 0 0 0 0 0 0 0 0 0 0 0 0 0 0 0 0 0 0 0 0 0 0 0 0 0 0 0 0 0 0 0 0 0 0 0 0 0 0 0 0 0 0 0 0 0 0 0 0 0 0 0 0 0 0 0 0 0 0 0 0 0 0 0 0 0 0 0 0 0 0 0 3 1 0 0 0 0 0 0 0 0 0 0 0 0 0 0 0 0 0 0 0 0 0 0 0 0 0 0 0 0 0 0 0 0 0 0 0 0 0 0 0 0 0 0 0 0 0 0 0 0 0 0 0 0 0 0 0 0 0 0 0 0 0 0 0 0 0 0 0 0 0 0 0 0 0 0 0 0 0 0 0 0 0 0 0 0 0 0 0 0 0 0 0 0 0 0 0 0 0 0 0 0 0 0 0 0 0 0 0 0 0 0 0 0 0 0 0 0 0 0 0 0 0 0 0 0 0 0 0 0 0 0 0 0 0 0 0 0 0 0 0 0 0 0 0 0 0 0 0 0 0 0 0 0 0 0 0 0 0 0 0 0 0 0 0 0 0 0 0 0 1 1 0 0 0 0 0 0 0 0 0 0 0 0 0 0 0 0 0 0 0 0 0 0 0 0 0 0 0 0 0 0 0 0 0 0 3 3 3 3 0 0 0 0 0 0 0 0 0 0 0 0 0 0
WAL_BYD_2015_124 0 0 0 0 4 4 4 4 2 2 4 4 3 3 0 0 2 2 0 0 0 0 0 0 0 0 2 2 4 4 4 4 1 1 0 0 4 4 4 4 2 2 0 0 2 2 1 4 2 2 3 3 3 1 3 1 4 1 0 0 4 4 1 1 4 4 1 1 1 1 0 0 2 2 0 0 0 0 0 0 0 0 0 0 0 0 0 0 1 1 4 4 4 4 4 4 3 3 1 1 1 1 2 2 1 1 4 4 1 1 1 1 3 3 4 4 0 0 2 2 1 1 2 2 4 4 3 3 3 3 0 0 0 0 0 0 0 0 0 0 3 3 0 0 0 0 0 0 4 4 4 4 0 0 0 0 4 4 1 1 4 4 4 4 2 2 0 0 0 0 0 0 0 0 0 0 0 0 2 4 0 0 0 0 0 0 3 3 1 1 2 2 2 2 3 3 0 0 0 0 3 1 4 4 1 1 4 4 4 4 3 3 1 1 3 3 2 2 0 0 4 4 3 3 0 0 0 0 0 0 0 0 0 0 3 3 3 3 2 2 1 3 3 3 4 4 3 3 0 0 4 2 1 1 1 1 2 2 1 1 0 0 0 0 0 0 0 0 4 4 0 0 4 4 0 0 0 0 0 0 0 0 0 0 0 0 4 4 3 3 2 2 1 1 2 2 4 4 2 2 2 1 1 4 1 1 0 0 2 2 4 4 0 0 0 0 1 1 1 1 1 1 2 4 0 0 0 0 0 0 0 0 0 0 0 0 0 0 3 3 0 0 3 3 0 0 1 1 0 0 3 3 4 4 1 1 1 1 3 3 1 1 3 3 0 0 0 0 2 2 0 0 0 0 2 2 0 0 0 0 3 3 4 4 2 2 0 0 0 0 2 2 3 3 3 3 3 3 1 1 0 0 0 0 3 3 2 2 0 0 0 0 1 1 3 3 1 1 4 4 0 0 0 0 2 2 1 1 2 2 1 1 3 3 4 4 1 1 1 1 0 0 3 3 4 4 0 0 4 4 2 2 0 0 0 0 0 0 0 0 0 0 0 0 0 0 1 1 0 0 0 0 2 2 0 0 0 0 4 4 1 1 3 3 0 0 1 1 3 3 3 3 1 1 0 0 0 0 0 0 0 0 1 1 0 0 0 0 3 3 3 3 2 2 4 4 0 0 0 0 2 2 0 0 0 0 0 0 4 4 1 1 3 3 0 0 0 0 0 0 3 3 3 3 2 4 1 3 1 2 2 4 1 4 4 3 3 1 0 0 0 0 0 0 3 4 3 1 2 2 0 0 3 3 0 0 3 3 1 1 3 3 3 3 0 0 3 1 1 1 1 1 3 3 3 3 3 3 4 4 3 3 2 2 3 3 1 1 4 4 3 3 1 1 3 3 1 1 4 4 2 4 3 3 2 2 0 0 0 0 0 0 0 0 3 3 1 1 0 0 0 0 3 3 3 3 3 3 3 1 4 4 2 2 1 1 2 2 3 3 4 4 1 1 2 2 0 0 0 0 0 0 0 0 0 0 3 3 2 2 0 0 0 0 3 3 2 4 3 4
WAL_BYD_2015_125 4 4 2 2 0 0 0 0 0 0 0 0 3 3 0 0 0 0 0 0 0 0 0 0 0 0 2 2 4 4 4 4 0 0 0 0 0 0 0 0 2 2 0 0 2 2 0 0 0 0 0 0 3 1 0 0 0 0 0 0 4 4 1 1 4 4 1 1 0 0 0 0 0 0 0 0 0 0 4 2 0 0 0 0 0 0 0 0 1 1 4 4 4 3 0 0 3 2 1 1 1 1 2 2 1 1 4 4 1 1 1 1 3 3 4 4 0 0 2 2 1 1 2 2 4 4 3 3 1 3 0 0 0 0 3 3 0 0 0 0 3 3 0 0 0 0 0 0 0 0 0 0 0 0 0 0 0 0 0 0 0 0 4 2 2 4 0 0 0 0 2 2 0 0 0 0 0 0 2 2 2 1 1 1 0 0 3 3 1 1 2 2 0 0 0 0 2 2 2 2 3 3 4 4 1 1 4 4 0 0 3 3 1 1 3 3 2 2 2 2 0 0 0 0 0 0 0 0 0 0 0 0 2 2 3 3 3 3 0 0 0 0 0 0 0 0 0 0 1 1 4 2 1 1 1 1 2 4 1 2 3 1 3 4 3 4 3 2 0 0 0 0 4 4 2 2 4 4 1 1 0 0 0 0 0 0 0 0 0 0 2 2 1 1 2 2 4 4 2 2 2 2 1 1 0 0 0 0 0 0 0 0 4 4 4 4 1 1 1 1 1 1 2 2 1 1 1 1 4 4 3 3 0 0 0 0 2 3 0 0 0 0 0 0 2 2 1 1 0 0 0 0 0 0 0 0 1 1 3 3 1 1 3 3 0 0 1 3 2 2 2 1 2 2 0 0 1 1 0 0 0 0 0 0 2 2 0 0 0 0 0 0 3 3 0 0 0 0 0 0 0 0 0 0 3 1 0 0 0 0 3 3 0 0 0 0 0 0 0 0 0 0 0 0 0 0 1 1 2 2 1 1 3 3 4 4 1 1 1 1 2 2 3 3 4 4 0 0 4 4 0 0 1 1 0 0 0 0 0 0 0 0 0 0 0 0 0 0 0 0 0 0 2 2 0 0 0 0 0 0 0 0 0 0 4 4 0 0 3 3 3 3 1 1 3 3 0 0 0 0 0 0 0 0 1 1 0 0 0 0 3 3 2 2 4 4 2 2 1 1 2 2 0 0 1 1 3 3 4 4 0 0 0 0 0 0 0 0 0 0 3 3 0 0 0 0 0 0 0 0 0 0 0 0 0 0 0 0 0 0 0 0 0 0 0 0 0 0 0 0 0 0 3 3 4 4 3 3 1 1 3 3 3 3 0 0 3 3 0 0 0 0 3 3 0 0 0 0 2 2 0 0 0 0 0 0 0 0 3 4 3 3 1 1 3 3 1 1 4 4 4 4 3 3 0 0 0 0 0 0 4 4 2 2 3 3 1 1 2 2 0 0 0 0 0 0 0 0 0 0 0 0 0 0 1 1 0 0 3 3 4 4 1 1 0 0 0 0 0 0 0 0 0 0 0 0 3 3 0 0 1 4 0 0 0 0 2 2 0 0
WAL_BYD_2015_213 0 0 0 0 4 4 0 0 0 0 0 0 0 0 0 0 0 0 0 0 0 0 0 0 0 0 2 2 4 4 4 4 1 1 2 2 0 0 4 1 2 2 0 0 2 2 0 0 2 2 3 3 3 1 0 0 0 0 0 0 4 4 1 1 4 4 1 1 1 1 0 0 2 2 0 0 0 0 0 0 0 0 0 0 0 0 0 0 1 1 4 4 0 0 0 0 0 0 1 1 1 1 2 2 1 1 4 4 0 0 0 0 3 3 4 4 0 0 0 0 1 1 0 0 0 0 0 0 0 0 0 0 0 0 0 0 3 3 3 3 3 3 0 0 0 0 0 0 0 0 4 4 0 0 0 0 0 0 0 0 0 0 4 4 2 2 0 0 0 0 0 0 0 0 2 2 0 0 2 2 0 0 0 0 0 0 0 0 0 0 0 0 0 0 0 0 2 2 2 2 3 3 0 0 1 1 0 0 4 4 0 0 1 1 3 3 2 2 0 0 0 0 3 3 3 3 0 0 0 0 0 0 0 0 3 3 0 0 2 4 1 3 3 3 4 4 3 3 1 1 4 2 0 0 0 0 2 4 1 2 3 1 3 4 3 4 3 2 0 0 0 0 4 4 2 2 4 4 1 1 0 0 0 0 0 0 0 0 0 0 2 2 1 1 2 2 4 4 2 2 2 1 1 4 0 0 0 0 0 0 0 0 4 4 4 4 1 1 1 1 1 1 2 4 1 1 1 1 4 4 3 3 3 1 2 4 2 2 0 0 0 0 3 3 2 2 0 0 4 4 0 0 0 0 0 0 0 0 0 0 0 0 0 0 0 0 1 1 2 2 0 0 2 2 2 2 0 0 0 0 3 3 4 4 2 2 0 0 0 0 0 0 3 3 0 0 0 0 0 0 0 0 4 4 3 3 2 2 0 0 0 0 0 0 3 3 1 1 0 0 3 3 3 3 0 0 0 0 0 0 0 0 0 0 0 0 0 0 0 0 2 2 3 3 4 4 0 0 0 0 2 2 0 0 0 0 0 0 0 0 0 0 0 0 0 0 1 1 1 1 0 0 2 2 0 0 0 0 4 4 0 0 3 3 0 0 0 0 0 0 0 0 0 0 0 0 0 0 0 0 0 0 0 0 1 1 3 3 3 3 3 3 0 0 4 4 2 2 1 1 0 0 0 0 0 0 3 3 0 0 0 0 0 0 0 0 0 0 0 0 3 3 3 3 2 2 1 1 1 1 2 2 1 1 4 4 3 3 4 4 3 3 2 2 3 3 3 3 0 0 0 0 3 3 4 4 3 3 1 1 3 3 3 3 0 0 0 0 1 1 1 1 3 3 0 0 0 0 4 4 0 0 0 0 0 0 0 0 3 4 0 0 0 0 0 0 1 1 4 4 2 4 3 3 0 0 0 0 0 0 0 0 0 0 0 0 0 0 0 0 0 0 0 0 0 0 0 0 3 1 0 0 0 0 1 1 2 2 3 3 4 4 1 1 0 0 3 4 0 0 0 0 3 3 3 3 3 3 2 2 1 1 4 4 3 3 0 0 0 0
WAL_BYD_2015_214 0 0 0 0 0 0 0 0 0 0 0 0 0 0 0 0 0 0 0 0 0 0 0 0 0 0 0 0 0 0 0 0 0 0 0 0 0 0 4 1 0 0 0 0 0 0 0 0 2 2 3 3 0 0 0 0 0 0 0 0 0 0 0 0 0 0 0 0 0 0 0 0 2 2 0 0 0 0 0 0 0 0 0 0 0 0 0 0 0 0 0 0 3 3 1 1 2 2 0 0 0 0 0 0 0 0 0 0 1 3 1 1 0 0 0 0 0 0 0 0 0 0 0 0 0 0 0 0 0 0 3 3 0 0 0 0 0 0 0 0 3 3 0 0 0 0 0 0 0 0 0 0 0 0 0 0 0 0 0 0 0 0 4 4 2 2 0 0 0 0 0 0 0 0 0 0 0 0 0 0 2 2 0 0 0 0 0 0 0 0 0 0 0 0 0 0 2 2 2 2 3 3 0 0 0 0 0 0 0 0 0 0 0 0 0 0 0 0 0 0 0 0 3 3 0 0 0 0 0 0 0 0 0 0 4 3 0 0 0 0 0 0 0 0 0 0 0 0 0 0 0 0 0 0 0 0 2 4 1 2 3 1 3 4 3 4 3 2 0 0 0 0 4 4 2 2 4 4 1 1 0 0 0 0 0 0 0 0 0 0 2 2 1 1 0 0 0 0 2 2 2 2 1 1 0 0 0 0 0 0 0 0 4 4 4 4 1 1 1 1 1 1 0 0 0 0 0 0 0 0 0 0 0 0 0 0 2 3 0 0 0 0 0 0 0 0 0 0 4 4 3 3 4 4 0 0 1 1 0 0 0 0 0 0 0 0 1 1 0 0 0 0 0 0 0 0 0 0 0 0 0 0 0 0 0 0 0 0 0 0 0 0 0 0 0 0 0 0 0 0 0 0 0 0 0 0 0 0 0 0 0 0 0 0 0 0 0 0 0 0 0 0 0 0 0 0 1 1 0 0 0 0 3 3 4 4 1 1 1 1 0 0 0 0 0 0 0 0 0 0 0 0 0 0 0 0 0 0 0 0 0 0 0 0 0 0 0 0 0 0 0 0 2 2 0 0 0 0 0 0 0 0 3 3 0 0 0 0 0 0 0 0 0 0 0 0 0 0 0 0 0 0 0 0 1 1 0 0 0 0 0 0 0 0 4 4 0 0 0 0 0 0 0 0 0 0 3 3 0 0 0 0 0 0 0 0 0 0 0 0 3 3 0 0 0 0 0 0 0 0 0 0 0 0 0 0 0 0 0 0 0 0 0 0 0 0 0 0 2 2 0 0 3 3 0 0 0 0 0 0 0 0 3 3 0 0 3 3 0 0 0 0 0 0 0 0 0 0 0 0 0 0 0 0 0 0 0 0 0 0 3 3 1 1 3 3 1 1 4 4 4 4 3 3 0 0 0 0 0 0 0 0 0 0 0 0 0 0 0 0 0 0 0 0 0 0 0 0 0 0 0 0 0 0 0 0 0 0 3 3 4 4 1 1 0 0 0 0 0 0 0 0 3 1 0 0 3 3 0 0 0 0 0 0 0 0 0 0 0 0
WAL_BYD_2015_215 4 4 0 0 4 4 0 0 2 2 4 4 3 3 0 0 0 0 0 0 0 0 0 0 0 0 2 2 4 4 4 4 1 1 2 2 4 4 4 4 2 2 0 0 2 2 1 1 2 2 3 3 3 1 3 3 4 4 4 4 4 4 1 1 4 4 1 1 1 1 0 0 2 2 0 0 0 0 4 4 2 2 2 2 1 1 4 4 1 1 4 4 4 3 4 1 3 2 1 1 1 1 2 2 0 0 0 0 1 1 1 1 3 3 4 4 0 0 2 2 1 1 2 2 4 4 3 3 3 3 3 3 3 3 3 3 3 1 0 0 3 3 4 4 1 1 3 3 4 4 4 4 0 0 0 0 4 4 1 1 4 4 4 4 2 2 0 0 0 0 2 2 0 0 2 2 2 2 2 2 2 2 1 1 1 1 3 3 1 1 2 2 2 2 3 3 2 2 2 2 3 3 0 0 1 1 0 0 4 4 3 3 1 1 3 3 2 2 2 2 0 0 3 3 3 3 1 1 1 1 4 4 2 2 3 3 0 0 2 2 3 3 3 3 0 0 0 0 1 1 4 2 1 1 1 1 2 2 1 1 3 3 3 3 3 3 0 0 0 0 0 0 0 0 2 2 4 4 1 1 0 0 0 0 0 0 4 4 3 3 2 2 1 1 2 2 4 4 2 2 2 2 1 1 1 1 3 3 0 0 0 0 4 4 4 4 1 1 1 1 1 1 2 2 1 1 1 1 4 4 3 3 3 3 2 2 0 0 3 3 0 0 3 3 2 2 1 1 4 4 3 3 4 4 1 1 1 1 3 3 1 1 3 3 0 0 1 1 2 2 2 1 2 2 2 2 1 1 2 2 3 3 4 4 2 2 1 1 1 1 2 2 3 3 3 3 3 3 1 1 0 0 4 4 3 3 3 2 1 1 3 3 0 0 3 3 0 0 4 4 3 3 3 3 2 2 1 1 2 2 1 1 3 3 4 4 1 1 1 1 0 0 3 3 4 4 2 4 4 4 2 2 1 1 3 3 2 2 0 0 0 0 0 0 0 0 1 1 1 1 0 0 2 2 0 0 3 3 4 4 1 1 3 3 4 4 1 1 3 3 3 3 1 1 0 0 0 0 0 0 0 0 1 1 1 1 3 3 3 3 0 0 2 2 4 4 2 2 1 1 2 2 0 0 1 1 3 3 4 4 1 1 3 3 0 0 2 2 3 3 3 3 3 3 2 2 1 1 1 1 2 2 1 1 4 4 3 3 0 0 0 0 0 0 0 0 0 0 2 2 4 4 3 3 1 4 3 3 1 1 3 3 3 3 0 0 3 3 0 0 1 1 3 3 0 0 0 0 4 4 3 3 2 2 0 0 0 0 4 4 3 3 1 1 3 3 1 1 4 4 4 4 3 3 2 2 4 4 2 2 4 4 2 2 3 3 1 1 0 0 2 2 0 0 4 3 3 3 3 1 4 4 2 2 1 1 2 2 3 3 4 4 1 1 0 0 3 3 4 4 2 2 3 3 3 3 3 3 2 2 1 1 4 4 3 3 2 2 0 0
WAL_BYD_2015_216 4 4 2 2 4 4 4 4 2 2 4 4 3 3 0 0 0 0 0 0 0 0 0 0 0 0 2 2 4 4 4 4 1 1 2 2 4 4 4 4 0 0 0 0 2 2 0 0 2 2 3 3 3 1 3 3 4 4 0 0 4 4 1 1 4 4 1 1 1 1 0 0 2 2 0 0 0 0 4 4 0 0 0 0 0 0 0 0 0 0 0 0 3 3 1 1 2 2 1 1 1 1 2 2 1 1 4 4 1 1 1 1 3 3 4 4 3 3 0 0 1 1 2 2 4 4 0 0 0 0 0 0 0 0 3 3 0 0 3 3 3 3 0 0 0 0 0 0 0 0 4 4 0 0 0 0 0 0 0 0 0 0 4 4 2 2 0 0 4 4 2 2 2 2 2 4 2 2 2 2 2 2 1 1 0 0 3 3 1 1 2 2 2 2 3 3 2 2 2 2 3 3 4 4 1 1 0 0 4 4 3 3 1 1 3 3 2 2 2 2 4 4 1 3 3 3 1 1 1 1 4 4 2 2 3 3 3 3 2 2 1 3 3 3 4 4 3 3 1 1 4 2 1 1 1 1 2 4 1 2 3 1 3 4 3 4 3 2 4 4 0 0 4 4 2 2 4 4 1 1 0 0 0 0 0 0 0 0 0 0 2 2 1 1 2 2 4 4 2 2 2 2 1 1 1 1 0 0 2 2 0 0 4 4 4 4 1 1 1 1 1 1 2 4 0 0 0 0 0 0 0 0 3 3 2 2 2 3 3 3 0 0 3 3 2 2 1 1 4 4 3 3 4 4 1 1 1 1 3 3 1 1 3 3 0 0 1 1 2 2 2 1 2 2 2 2 3 1 0 0 3 3 4 4 2 2 1 1 1 1 2 2 3 3 0 0 3 3 1 1 0 0 0 0 3 3 2 2 0 0 3 3 0 0 0 0 1 1 4 1 3 3 3 3 2 2 1 1 2 2 1 1 3 3 4 4 1 1 1 1 2 2 3 3 4 4 2 2 0 0 2 2 1 1 3 3 2 2 2 2 2 2 2 2 1 1 1 1 1 1 0 0 2 2 4 4 0 0 0 0 0 0 0 0 4 4 1 1 0 0 0 0 0 0 0 0 0 0 0 0 0 0 1 3 1 1 0 0 0 0 0 0 2 2 4 4 2 2 1 1 2 2 2 2 1 1 3 3 4 4 1 1 3 3 0 0 0 0 0 0 3 3 3 3 0 0 0 0 0 0 0 0 0 0 0 0 0 0 0 0 0 0 0 0 0 0 0 0 0 0 4 4 3 3 4 4 3 3 1 1 3 3 3 3 0 0 3 3 0 0 1 1 3 3 3 3 3 3 4 4 3 3 2 2 3 3 1 1 3 3 3 3 1 1 3 3 1 1 4 4 4 4 3 3 0 0 0 0 0 0 4 4 2 2 3 3 1 1 2 2 2 2 3 3 3 3 3 3 3 3 0 0 0 0 1 1 2 2 3 3 4 4 1 1 0 0 0 0 4 4 2 2 3 3 3 3 3 3 2 2 1 1 4 4 3 3 2 2 0 0
WAL_BYD_2015_217 4 4 0 0 0 0 0 0 2 2 0 0 3 3 0 0 0 0 0 0 0 0 0 0 0 0 2 2 4 4 4 4 0 0 4 2 4 4 0 0 0 0 0 0 2 2 0 0 2 2 3 3 3 1 0 0 0 0 0 0 0 0 0 0 0 0 0 0 0 0 0 0 0 0 0 0 0 0 0 0 2 2 0 0 0 0 0 0 1 1 4 4 0 0 0 0 0 0 1 1 1 1 2 2 1 1 0 0 0 0 1 1 0 0 0 0 0 0 0 0 0 0 0 0 0 0 0 0 0 0 0 0 0 0 0 0 0 0 0 0 3 3 0 0 0 0 0 0 0 0 0 0 0 0 0 0 0 0 0 0 0 0 4 4 2 2 0 0 4 4 2 2 0 0 0 0 0 0 2 4 2 2 0 0 0 0 3 3 1 1 2 2 0 0 0 0 2 2 2 2 3 3 0 0 0 0 0 0 0 0 0 0 1 1 3 3 2 2 0 0 0 0 0 0 0 0 0 0 0 0 0 0 0 0 0 0 0 0 2 2 1 3 3 3 4 4 0 0 1 1 4 4 0 0 0 0 2 4 1 2 3 1 3 4 0 0 0 0 0 0 0 0 0 0 0 0 4 4 1 1 0 0 0 0 0 0 0 0 0 0 2 2 0 0 0 0 0 0 0 0 0 0 0 0 0 0 0 0 0 0 0 0 4 4 4 4 1 1 1 1 1 3 2 4 0 0 0 0 0 0 0 0 3 3 2 2 0 0 0 0 2 2 0 0 0 0 0 0 4 4 0 0 0 0 0 0 1 1 0 0 0 0 0 0 0 0 1 1 0 0 0 0 2 2 0 0 3 1 0 0 0 0 0 0 2 2 0 0 0 0 0 0 0 0 0 0 0 0 0 0 0 0 0 0 0 0 3 2 0 0 0 0 0 0 3 3 1 1 4 4 0 0 0 0 0 0 0 0 0 0 0 0 3 3 4 4 1 1 1 1 0 0 0 0 0 0 0 0 0 0 0 0 1 1 3 3 2 2 2 1 2 1 0 0 0 0 3 1 0 0 0 0 2 2 0 0 0 0 0 0 0 0 0 0 0 0 0 0 0 0 0 0 0 0 0 0 0 0 0 0 0 0 0 0 1 1 0 0 0 0 1 3 0 0 0 0 0 0 0 0 0 0 0 0 0 0 0 0 0 0 0 0 0 0 2 2 2 2 3 3 3 4 0 0 0 0 0 0 0 0 0 0 0 0 0 0 0 0 0 0 0 0 0 0 0 0 0 0 0 0 0 0 3 3 0 0 0 0 0 0 0 0 3 3 0 0 0 0 1 1 0 0 3 3 0 0 0 0 4 2 0 0 0 0 0 0 0 0 3 4 3 3 1 1 3 3 0 0 0 0 0 0 0 0 0 0 0 0 0 0 0 0 0 0 0 0 0 0 0 0 0 0 0 0 0 0 0 0 0 0 0 0 0 0 1 2 0 0 0 0 0 0 0 0 0 0 3 3 4 4 2 2 0 0 0 0 0 0 0 0 0 0 0 0 0 0 2 2 0 0
WAL_BYD_2015_218 4 4 2 2 0 0 0 0 0 0 0 0 3 3 0 0 0 0 0 0 0 0 0 0 0 0 0 0 0 0 0 0 1 1 0 0 0 0 0 0 0 0 0 0 0 0 0 0 2 2 3 3 3 1 3 3 4 4 0 0 0 0 0 0 4 4 0 0 0 0 1 1 0 0 0 0 0 0 0 0 0 0 0 0 0 0 0 0 1 1 4 4 0 0 0 0 0 0 1 1 1 1 2 2 0 0 0 0 0 0 0 0 0 0 0 0 0 0 2 2 1 1 2 2 4 4 3 3 1 3 0 0 0 0 0 0 0 0 0 0 0 0 0 0 0 0 0 0 0 0 0 0 0 0 0 0 0 0 0 0 0 0 0 0 0 0 0 0 0 0 2 2 0 0 0 0 0 0 0 0 0 0 0 0 0 0 0 0 0 0 0 0 0 0 0 0 0 0 0 0 0 0 0 0 0 0 0 0 4 4 3 3 0 0 0 0 0 0 0 0 4 4 0 0 0 0 0 0 0 0 0 0 2 2 0 0 0 0 0 0 0 0 0 0 0 0 0 0 0 0 0 0 0 0 0 0 2 2 1 1 3 3 0 0 0 0 0 0 0 0 4 4 4 4 0 0 0 0 0 0 0 0 0 0 0 0 0 0 0 0 0 0 0 0 0 0 0 0 0 0 0 0 0 0 0 0 0 0 2 2 0 0 0 0 0 0 0 0 0 0 0 0 2 4 0 0 0 0 0 0 0 0 0 0 0 0 0 0 0 0 0 0 0 0 0 0 0 0 0 0 3 3 4 4 1 1 0 0 0 0 0 0 0 0 0 0 0 0 0 0 0 0 0 0 0 0 0 0 0 0 0 0 0 0 0 0 0 0 0 0 0 0 0 0 0 0 0 0 0 0 0 0 0 0 0 0 0 0 0 0 3 3 0 0 3 3 1 1 0 0 0 0 0 0 2 2 1 1 0 0 0 0 0 0 0 0 0 0 0 0 0 0 0 0 0 0 0 0 0 0 0 0 1 1 0 0 0 0 0 0 0 0 0 0 0 0 1 1 0 0 0 0 2 2 0 0 0 0 0 0 1 1 3 3 0 0 0 0 3 3 3 3 1 1 0 0 0 0 0 0 0 0 0 0 0 0 0 0 0 0 0 0 0 0 0 0 0 0 0 0 0 0 0 0 0 0 0 0 0 0 0 0 0 0 0 0 0 0 0 0 0 0 0 0 0 0 0 0 0 0 0 0 0 0 0 0 0 0 0 0 0 0 0 0 0 0 0 0 2 2 0 0 0 0 0 0 0 0 0 0 0 0 0 0 0 0 3 3 0 0 1 1 3 3 0 0 0 0 0 0 3 3 2 2 3 3 1 1 0 0 0 0 0 0 0 0 0 0 0 0 4 4 0 0 0 0 0 0 0 0 4 4 2 2 3 3 1 1 2 2 0 0 0 0 0 0 0 0 3 1 4 4 2 2 0 0 0 0 0 0 0 0 0 0 0 0 0 0 0 0 0 0 0 0 0 0 3 3 2 2 0 0 0 0 0 0 2 2 0 0
WAL_BYD_2015_219 4 4 2 2 4 4 0 0 0 0 0 0 3 3 3 1 2 4 0 0 0 0 0 0 0 0 2 2 4 4 4 4 0 0 4 2 4 4 4 4 2 2 0 0 2 2 1 1 2 2 3 3 3 1 3 3 4 4 0 0 4 4 1 1 4 4 1 3 1 4 0 0 2 2 0 0 0 0 4 4 0 0 0 0 0 0 0 0 1 1 4 4 3 3 1 1 2 2 1 1 1 1 2 2 0 0 0 0 0 0 1 1 3 3 4 4 0 0 2 2 1 1 2 2 4 4 3 3 3 3 4 3 3 3 3 3 0 0 0 0 3 3 4 2 1 2 3 2 4 4 4 2 2 4 0 0 0 0 1 1 4 4 4 4 2 2 3 3 4 4 2 2 2 2 0 0 0 0 2 2 2 2 1 1 0 0 3 1 1 2 2 4 2 2 3 3 2 2 2 2 3 3 4 4 1 1 4 4 0 0 0 0 1 1 3 3 2 2 2 2 3 4 3 3 3 3 1 1 1 1 4 4 2 2 3 3 3 3 2 2 0 0 3 3 4 4 3 3 1 1 4 2 0 0 0 0 2 4 1 2 3 1 3 4 3 4 3 2 4 4 0 0 4 4 2 1 4 3 1 2 2 4 3 4 0 0 4 4 3 3 2 2 1 1 2 2 4 4 2 2 2 2 1 1 1 1 3 4 0 0 0 0 4 4 4 4 1 1 1 1 1 1 0 0 0 0 0 0 0 0 0 0 3 3 2 2 2 3 3 3 0 0 3 3 2 2 1 1 4 4 3 3 4 4 1 1 1 1 0 0 0 0 0 0 0 0 0 0 2 2 2 2 2 2 2 2 1 1 2 2 3 3 4 4 2 2 0 0 0 0 2 2 3 3 0 0 3 3 1 1 0 0 4 1 3 3 3 2 0 0 3 3 0 0 3 3 1 1 0 0 3 3 3 3 2 2 1 1 2 2 1 1 3 3 4 4 1 1 1 1 2 2 3 3 4 1 2 2 4 4 2 2 1 1 3 3 2 2 2 2 2 2 2 1 0 0 3 1 1 3 0 0 2 2 4 4 3 3 4 2 1 1 3 3 4 4 1 1 3 1 3 4 1 3 0 0 0 0 0 0 0 0 1 1 1 1 3 3 3 3 3 3 2 2 4 4 2 2 1 1 2 2 0 0 1 1 3 3 4 4 0 0 0 0 2 2 2 2 3 3 3 3 3 3 2 4 1 3 1 2 2 4 1 4 4 3 3 1 4 3 3 3 2 2 3 4 3 1 2 2 4 4 3 3 4 4 3 3 1 1 3 3 3 3 0 0 3 1 1 1 1 2 3 1 3 3 3 3 4 2 3 3 2 2 3 3 1 1 3 4 3 3 1 1 3 3 1 1 0 0 4 4 3 3 2 3 4 1 2 4 4 4 2 2 3 3 1 1 2 2 2 4 3 3 3 3 3 3 3 3 0 0 0 0 1 1 2 1 3 3 4 4 1 1 2 4 0 0 0 0 0 0 3 3 3 3 3 3 2 2 1 1 4 4 0 0 2 2 3 3
WAL_BYD_2015_220 0 0 0 0 0 0 0 0 2 2 4 4 3 3 0 0 0 0 0 0 0 0 0 0 0 0 2 2 4 4 4 4 1 1 4 2 0 0 4 4 2 2 0 0 0 0 0 0 2 1 3 4 3 1 3 3 4 4 0 0 0 0 0 0 4 4 1 1 0 0 0 0 0 0 0 0 0 0 0 0 0 0 0 0 0 0 0 0 0 0 0 0 4 3 4 1 3 2 1 1 1 1 2 2 0 0 0 0 0 0 1 1 0 0 4 4 0 0 0 0 1 1 2 2 4 4 3 3 3 3 0 0 0 0 0 0 0 0 0 0 0 0 0 0 0 0 0 0 4 4 0 0 2 4 2 2 4 4 1 1 4 4 4 4 2 2 0 0 0 0 2 2 2 2 0 0 0 0 2 2 2 2 1 1 0 0 0 0 0 0 0 0 0 0 0 0 2 2 2 2 3 3 4 2 1 3 0 0 0 0 3 3 1 1 3 3 2 2 2 2 0 0 0 0 0 0 0 0 0 0 0 0 0 0 0 0 0 0 2 4 1 3 3 4 4 2 0 0 1 1 2 2 0 0 0 0 2 2 1 1 3 3 0 0 0 0 0 0 0 0 2 4 4 4 0 0 0 0 0 0 0 0 0 0 4 2 4 4 3 3 2 2 1 1 0 0 0 0 2 2 2 2 1 1 1 1 0 0 0 0 0 0 4 4 4 4 1 1 1 1 1 1 2 2 0 0 0 0 0 0 0 0 0 0 0 0 2 3 3 3 0 0 0 0 0 0 0 0 4 4 3 3 4 4 0 0 1 1 3 3 1 1 3 3 4 2 1 1 0 0 2 1 2 2 0 0 0 0 0 0 0 0 0 0 0 0 0 0 0 0 2 2 3 3 3 1 3 3 1 1 0 0 4 1 3 3 2 2 0 0 0 0 1 2 3 1 0 0 4 4 0 0 0 0 2 4 0 0 2 2 0 0 0 0 4 2 1 3 1 2 0 0 3 3 4 4 2 4 0 0 2 2 0 0 3 1 2 4 0 0 0 0 0 0 0 0 0 0 1 1 0 0 2 2 0 0 0 0 4 4 0 0 0 0 0 0 0 0 3 3 0 0 1 1 0 0 0 0 0 0 0 0 0 0 0 0 3 3 0 0 0 0 2 2 4 4 2 2 1 1 2 2 0 0 1 1 3 3 0 0 0 0 0 0 0 0 2 2 3 3 3 3 0 0 2 4 1 3 1 2 2 4 1 4 4 3 3 1 4 3 0 0 0 0 3 4 3 1 4 2 0 0 3 3 1 4 3 1 1 1 3 3 3 3 0 0 3 3 0 0 1 1 3 3 0 0 0 0 0 0 3 3 2 2 0 0 0 0 4 4 3 3 1 1 3 3 0 0 0 0 2 4 3 3 0 0 0 0 0 0 0 0 0 0 0 0 0 0 0 0 2 2 0 0 0 0 0 0 0 0 0 0 0 0 1 1 2 1 3 3 4 4 1 1 2 2 0 0 4 2 2 2 3 3 3 3 0 0 2 2 1 4 0 0 0 0 0 0 0 0
WAL_BYD_2015_221 0 0 0 0 0 0 0 0 2 2 4 4 0 0 0 0 0 0 0 0 0 0 0 0 0 0 2 2 4 4 4 4 0 0 0 0 0 0 0 0 0 0 0 0 0 0 1 4 0 0 0 0 3 1 0 0 0 0 0 0 0 0 0 0 0 0 1 1 0 0 0 0 0 0 0 0 0 0 0 0 0 0 0 0 0 0 0 0 0 0 0 0 0 0 0 0 0 0 0 0 0 0 0 0 0 0 0 0 0 0 0 0 0 0 0 0 0 0 0 0 1 1 0 0 0 0 0 0 1 3 0 0 0 0 0 0 0 0 0 0 3 3 0 0 0 0 0 0 4 4 4 4 0 0 0 0 0 0 0 0 0 0 0 0 0 0 0 0 0 0 0 0 0 0 0 0 0 0 2 2 0 0 0 0 0 0 0 0 0 0 0 0 0 0 0 0 2 2 2 2 3 3 0 0 0 0 0 0 4 4 3 3 0 0 0 0 0 0 0 0 3 4 0 0 0 0 0 0 0 0 0 0 0 0 4 3 0 0 0 0 0 0 0 0 0 0 0 0 1 1 0 0 1 4 0 0 0 0 0 0 0 0 0 0 0 0 0 0 4 4 0 0 0 0 0 0 0 0 0 0 0 0 0 0 0 0 4 3 3 4 0 0 0 0 0 0 0 0 0 0 0 0 0 0 0 0 0 0 0 0 0 0 0 0 0 0 1 1 1 1 1 1 0 0 0 0 0 0 0 0 0 0 0 0 0 0 2 3 0 0 0 0 0 0 0 0 0 0 0 0 3 3 4 4 1 1 1 1 0 0 0 0 0 0 0 0 0 0 2 2 2 1 2 2 0 0 3 1 0 0 3 3 4 4 0 0 0 0 0 0 2 2 0 0 0 0 3 3 0 0 0 0 0 0 3 1 0 0 0 0 3 3 0 0 0 0 0 0 0 0 0 0 0 0 0 0 0 0 0 0 1 3 3 1 4 2 1 3 1 2 0 0 0 0 0 0 0 0 4 4 0 0 0 0 0 0 0 0 0 0 0 0 0 0 0 0 0 0 0 0 0 0 0 0 0 0 0 0 4 4 0 0 0 0 0 0 0 0 0 0 0 0 0 0 3 3 3 3 1 1 2 2 0 0 0 0 0 0 0 0 0 0 0 0 4 4 2 4 1 4 0 0 0 0 0 0 3 3 0 0 1 3 0 0 0 0 0 0 0 0 3 3 0 0 0 0 0 0 0 0 2 4 1 4 4 3 0 0 4 3 0 0 0 0 0 0 0 0 2 2 0 0 0 0 0 0 0 0 0 0 0 0 0 0 0 0 3 3 0 0 0 0 3 3 0 0 0 0 4 2 0 0 0 0 0 0 0 0 0 0 3 3 1 1 3 3 0 0 0 0 2 4 3 3 0 0 0 0 0 0 0 0 0 0 3 3 1 1 0 0 0 0 3 3 3 3 0 0 0 0 0 0 0 0 0 0 0 0 0 0 0 0 0 0 0 0 0 0 0 0 0 0 3 1 3 1 0 0 2 2 0 0 0 0 0 0 0 0 0 0
WAL_BYD_2015_223 0 0 0 0 0 0 0 0 0 0 0 0 0 0 3 1 2 4 0 0 0 0 0 0 0 0 2 2 4 4 0 0 1 1 0 0 4 4 0 0 2 2 0 0 0 0 0 0 2 2 3 3 3 1 3 3 4 4 0 0 4 4 1 1 4 4 0 0 0 0 0 0 0 0 0 0 0 0 0 0 0 0 0 0 0 0 0 0 1 1 4 4 3 3 1 1 2 2 0 0 0 0 0 0 0 0 0 0 0 0 1 1 0 0 0 0 0 0 0 0 1 3 2 2 4 4 3 3 1 3 0 0 0 0 0 0 0 0 0 0 0 0 0 0 0 0 0 0 0 0 0 0 0 0 2 2 0 0 0 0 0 0 0 0 2 2 0 0 0 0 2 2 0 0 0 0 0 0 2 2 0 0 0 0 1 1 0 0 0 0 0 0 0 0 0 0 0 0 0 0 0 0 0 0 1 1 0 0 0 0 0 0 0 0 0 0 2 2 0 0 4 4 0 0 0 0 0 0 0 0 0 0 0 0 0 0 0 0 2 2 1 1 3 3 4 4 3 3 1 1 0 0 0 0 0 0 0 0 0 0 0 0 0 0 0 0 0 0 1 4 0 0 4 1 0 0 0 0 0 0 0 0 0 0 0 0 0 0 0 0 2 2 1 1 0 0 0 0 2 2 2 1 1 4 0 0 0 0 2 2 0 0 4 4 4 4 1 1 1 1 1 3 0 0 1 1 1 1 4 4 3 3 3 3 0 0 0 0 3 3 0 0 0 0 0 0 0 0 0 0 3 3 4 4 1 1 1 1 0 0 0 0 0 0 0 0 0 0 0 0 0 0 0 0 0 0 0 0 0 0 3 4 0 0 2 2 0 0 0 0 0 0 0 0 0 0 0 0 0 0 0 0 0 0 0 0 2 2 0 0 0 0 0 0 0 0 0 0 4 4 0 0 0 0 0 0 0 0 0 0 0 0 3 3 4 4 0 0 0 0 0 0 3 3 4 4 0 0 4 4 0 0 1 1 3 3 2 2 0 0 0 0 0 0 0 0 0 0 1 1 0 0 2 2 0 0 0 0 0 0 1 1 3 3 4 3 1 2 0 0 0 0 0 0 0 0 0 0 0 0 0 0 0 0 1 1 3 3 0 0 1 3 0 0 0 0 0 0 0 0 2 2 2 2 0 0 0 0 0 0 0 0 0 0 0 0 0 0 0 0 0 0 0 0 0 0 0 0 0 0 0 0 0 0 0 0 0 0 0 0 0 0 0 0 0 0 0 0 2 2 0 0 3 3 1 4 0 0 0 0 3 3 3 3 1 3 0 0 0 0 1 1 3 3 0 0 0 0 4 4 0 0 0 0 0 0 0 0 3 4 3 3 1 1 3 3 1 1 4 4 2 4 3 3 2 3 4 1 2 4 4 4 2 2 3 3 1 1 0 0 0 0 0 0 0 0 0 0 0 0 0 0 0 0 0 0 0 0 0 0 0 0 0 0 0 0 3 3 4 4 2 2 0 0 0 0 0 0 0 0 1 1 4 4 0 0 2 2 0 0
WAL_BYD_2015_224 0 0 0 0 0 0 4 2 2 4 4 2 3 3 0 0 0 0 0 0 0 0 0 0 0 0 2 2 0 0 0 0 1 1 2 2 0 0 4 4 2 2 0 0 2 2 0 0 0 0 0 0 3 1 0 0 0 0 4 3 4 2 1 4 4 2 1 1 1 1 0 0 0 0 0 0 0 0 0 0 0 0 0 0 0 0 0 0 0 0 0 0 0 0 0 0 0 0 0 0 0 0 0 0 0 0 0 0 1 1 1 1 0 0 4 4 0 0 0 0 0 0 0 0 0 0 0 0 0 0 0 0 0 0 0 0 0 0 3 3 3 3 0 0 0 0 0 0 0 0 4 4 0 0 0 0 0 0 0 0 0 0 4 4 2 2 0 0 0 0 0 0 2 2 0 0 0 0 2 4 2 2 1 1 0 0 3 3 1 1 2 2 0 0 0 0 2 2 2 2 3 3 0 0 1 1 0 0 4 4 3 3 0 0 3 3 2 2 2 2 3 4 3 3 3 3 0 0 0 0 0 0 0 0 3 3 0 0 2 2 1 3 0 0 0 0 0 0 1 1 0 0 0 0 0 0 2 4 1 2 3 1 3 4 3 4 3 2 0 0 0 0 4 4 0 0 0 0 0 0 0 0 0 0 0 0 4 4 3 3 2 2 1 1 0 0 0 0 2 2 2 2 1 1 0 0 3 4 2 4 4 2 4 4 4 4 1 1 1 1 1 1 2 4 0 0 0 0 0 0 0 0 3 3 2 2 0 0 0 0 0 0 3 3 2 2 0 0 4 4 3 3 4 4 1 1 1 1 3 3 1 1 3 3 0 0 0 0 0 0 2 2 2 2 2 2 0 0 0 0 3 3 4 4 0 0 0 0 1 4 2 2 3 3 0 0 0 0 0 0 0 0 0 0 0 0 0 0 0 0 0 0 0 0 0 0 1 4 0 0 0 0 0 0 0 0 0 0 2 2 1 1 3 3 4 4 1 1 1 1 0 0 0 0 0 0 0 0 0 0 2 2 1 4 3 1 2 4 2 2 2 2 2 2 1 2 3 1 0 0 0 0 2 2 4 2 0 0 0 0 0 0 0 0 0 0 0 0 3 3 3 3 1 1 0 0 0 0 0 0 0 0 0 0 1 1 0 0 0 0 1 3 2 2 0 0 2 2 1 1 2 2 0 0 0 0 3 3 4 4 0 0 0 0 2 4 2 4 3 1 0 0 0 0 0 0 0 0 0 0 2 4 1 4 4 3 0 0 4 3 0 0 0 0 0 0 0 0 2 2 0 0 3 3 1 4 0 0 0 0 3 3 3 3 0 0 0 0 0 0 0 0 0 0 3 2 3 2 0 0 0 0 0 0 0 0 0 0 3 3 0 0 0 0 0 0 1 1 4 4 2 4 3 3 2 2 0 0 0 0 4 3 2 1 0 0 1 4 0 0 0 0 3 3 3 3 0 0 3 1 0 0 0 0 0 0 0 0 3 3 4 4 1 1 2 2 0 0 0 0 0 0 0 0 0 0 0 0 2 2 0 0 0 0 3 3 0 0 0 0
WAL_BYD_2015_225 4 4 2 1 4 4 4 4 2 2 4 4 3 3 0 0 0 0 0 0 0 0 0 0 0 0 2 2 0 0 0 0 0 0 0 0 0 0 4 4 0 0 0 0 2 2 0 0 2 2 3 3 3 1 0 0 0 0 0 0 0 0 0 0 0 0 1 1 1 1 0 0 0 0 0 0 0 0 4 2 0 0 0 0 0 0 0 0 1 4 4 3 0 0 0 0 0 0 0 0 0 0 0 0 0 0 0 0 0 0 1 3 0 0 4 4 0 0 0 0 0 0 0 0 0 0 0 0 1 3 0 0 0 0 0 0 0 0 0 0 3 3 0 0 0 0 0 0 4 4 4 4 0 0 0 0 0 0 0 0 0 0 4 2 2 2 3 4 4 3 2 2 0 0 0 0 0 0 2 4 0 0 0 0 1 3 0 0 1 1 2 2 2 1 0 0 0 0 2 2 3 3 0 0 0 0 0 0 0 0 3 3 0 0 0 0 0 0 0 0 0 0 0 0 3 1 0 0 0 0 0 0 2 2 3 3 0 0 2 2 1 3 3 3 4 4 3 3 1 1 0 0 0 0 0 0 2 4 1 2 3 1 3 4 3 4 3 2 0 0 0 0 4 1 2 1 4 3 1 2 0 0 0 0 0 0 4 4 3 3 2 2 1 1 0 0 4 4 2 4 2 1 1 4 0 0 0 0 2 2 0 0 0 0 0 0 1 1 1 1 1 1 0 0 0 0 0 0 0 0 0 0 3 3 2 2 2 3 3 3 0 0 0 0 0 0 1 3 4 4 3 3 4 4 1 1 0 0 0 0 0 0 0 0 0 0 0 0 0 0 0 0 0 0 0 0 0 0 2 3 3 4 4 3 0 0 0 0 0 0 0 0 0 0 0 0 0 0 0 0 0 0 4 4 3 3 3 2 0 0 0 0 0 0 0 0 0 0 0 0 0 0 0 0 2 2 1 1 0 0 1 3 3 1 4 2 1 3 1 2 0 0 0 0 0 0 0 0 0 0 2 2 0 0 0 0 0 0 0 0 0 0 0 0 0 0 3 1 0 0 3 1 2 2 4 2 0 0 0 0 0 0 0 0 0 0 0 0 0 0 0 0 0 0 0 0 0 0 0 0 0 0 0 0 1 1 0 0 3 1 0 0 2 2 0 0 2 2 1 1 0 0 0 0 0 0 3 1 1 4 0 0 0 0 0 0 0 0 0 0 3 3 0 0 2 2 1 1 1 1 2 2 1 1 4 4 3 3 4 4 0 0 2 2 0 0 0 0 0 0 4 4 3 3 4 4 3 3 1 1 3 1 3 3 0 0 0 0 0 0 0 0 0 0 0 0 0 0 0 0 0 0 0 0 0 0 0 0 0 0 3 3 1 2 3 4 1 1 4 4 4 4 3 3 0 0 0 0 0 0 0 0 0 0 0 0 0 0 0 0 0 0 0 0 0 0 0 0 3 1 4 4 2 2 0 0 0 0 3 3 4 4 1 1 2 4 0 0 0 0 0 0 3 3 3 3 0 0 0 0 1 4 4 4 0 0 0 0 0 0


0 0
0 0




0 0
0 0
0
0
0
0
0
0
