colony_input
colony_input
19
172
104730
1
2
1
0
0 0
0
1
0
0
1
2
0
10000
0
2
2
MK@
0@
0.01 0.01 0.01 0.01 0.01 0.01 0.01 0.01 0.01 0.01 0.01 0.01 0.01 0.01 0.01 0.01 0.01 0.01 0.01 0.01 0.01 0.01 0.01 0.01 0.01 0.01 0.01 0.01 0.01 0.01 0.01 0.01 0.01 0.01 0.01 0.01 0.01 0.01 0.01 0.01 0.01 0.01 0.01 0.01 0.01 0.01 0.01 0.01 0.01 0.01 0.01 0.01 0.01 0.01 0.01 0.01 0.01 0.01 0.01 0.01 0.01 0.01 0.01 0.01 0.01 0.01 0.01 0.01 0.01 0.01 0.01 0.01 0.01 0.01 0.01 0.01 0.01 0.01 0.01 0.01 0.01 0.01 0.01 0.01 0.01 0.01 0.01 0.01 0.01 0.01 0.01 0.01 0.01 0.01 0.01 0.01 0.01 0.01 0.01 0.01 0.01 0.01 0.01 0.01 0.01 0.01 0.01 0.01 0.01 0.01 0.01 0.01 0.01 0.01 0.01 0.01 0.01 0.01 0.01 0.01 0.01 0.01 0.01 0.01 0.01 0.01 0.01 0.01 0.01 0.01 0.01 0.01 0.01 0.01 0.01 0.01 0.01 0.01 0.01 0.01 0.01 0.01 0.01 0.01 0.01 0.01 0.01 0.01 0.01 0.01 0.01 0.01 0.01 0.01 0.01 0.01 0.01 0.01 0.01 0.01 0.01 0.01 0.01 0.01 0.01 0.01 0.01 0.01 0.01 0.01 0.01 0.01
0.01 0.01 0.01 0.01 0.01 0.01 0.01 0.01 0.01 0.01 0.01 0.01 0.01 0.01 0.01 0.01 0.01 0.01 0.01 0.01 0.01 0.01 0.01 0.01 0.01 0.01 0.01 0.01 0.01 0.01 0.01 0.01 0.01 0.01 0.01 0.01 0.01 0.01 0.01 0.01 0.01 0.01 0.01 0.01 0.01 0.01 0.01 0.01 0.01 0.01 0.01 0.01 0.01 0.01 0.01 0.01 0.01 0.01 0.01 0.01 0.01 0.01 0.01 0.01 0.01 0.01 0.01 0.01 0.01 0.01 0.01 0.01 0.01 0.01 0.01 0.01 0.01 0.01 0.01 0.01 0.01 0.01 0.01 0.01 0.01 0.01 0.01 0.01 0.01 0.01 0.01 0.01 0.01 0.01 0.01 0.01 0.01 0.01 0.01 0.01 0.01 0.01 0.01 0.01 0.01 0.01 0.01 0.01 0.01 0.01 0.01 0.01 0.01 0.01 0.01 0.01 0.01 0.01 0.01 0.01 0.01 0.01 0.01 0.01 0.01 0.01 0.01 0.01 0.01 0.01 0.01 0.01 0.01 0.01 0.01 0.01 0.01 0.01 0.01 0.01 0.01 0.01 0.01 0.01 0.01 0.01 0.01 0.01 0.01 0.01 0.01 0.01 0.01 0.01 0.01 0.01 0.01 0.01 0.01 0.01 0.01 0.01 0.01 0.01 0.01 0.01 0.01 0.01 0.01 0.01 0.01 0.01
LHU_ABE_2016_001 1 1 3 3 2 2 3 3 4 4 2 2 4 4 3 3 0 0 0 0 1 1 2 2 4 4 4 4 4 4 1 1 4 4 3 3 3 1 3 3 1 1 1 1 4 4 2 2 2 2 0 0 4 4 4 4 3 3 4 1 1 1 4 4 2 2 3 3 3 3 4 4 2 2 1 1 1 1 2 2 4 4 2 2 2 2 2 2 3 3 4 4 2 2 2 2 3 3 2 2 1 1 4 2 1 1 3 3 1 1 1 1 4 4 4 3 1 1 3 1 1 1 1 1 4 2 2 4 1 2 3 1 3 4 3 4 3 2 1 1 4 4 4 4 4 4 1 1 4 4 4 4 4 4 1 1 1 1 1 1 4 4 2 4 3 3 2 2 3 3 2 2 1 1 4 4 2 2 2 1 1 1 1 1 3 3 1 1 3 3 1 1 4 4 3 3 3 3 1 1 3 3 1 1 2 2 4 4 3 3 4 4 2 2 2 2 1 1 2 2 2 2 3 1 4 4 1 1 3 3 3 3 3 3 1 2 1 2 1 3 3 4 1 3 1 1 2 2 1 1 3 3 0 0 1 1 1 1 1 1 2 2 1 1 3 3 3 3 3 3 1 1 1 1 4 4 1 1 1 1 3 3 3 3 3 3 4 4 3 3 3 3 2 2 3 1 1 2 3 4 4 4 2 2 3 3 4 4 2 2 1 1 2 2 2 2 2 2 4 3 4 3 3 3 3 1 1 1 2 2 4 4 3 3 1 1 4 1 2 4 2 2 3 3
LHU_ABE_2016_002 1 1 3 3 2 2 3 3 0 0 2 2 4 4 3 3 0 0 0 0 0 0 2 2 4 4 4 4 4 4 1 1 4 4 3 3 3 1 3 3 1 1 1 1 4 4 2 2 2 2 1 1 4 4 4 4 3 3 1 1 1 1 4 4 2 2 3 1 3 3 4 4 2 2 1 1 0 0 2 2 4 4 0 0 2 2 2 2 3 3 4 3 2 2 2 2 3 3 2 2 1 1 4 4 1 1 3 3 1 1 1 1 4 4 4 4 1 1 3 3 1 1 0 0 4 2 2 4 1 2 3 1 3 4 3 4 3 2 1 1 4 4 4 4 0 0 2 1 1 4 4 4 4 4 1 1 1 1 1 1 0 0 0 0 1 3 2 2 3 3 2 2 1 1 4 4 2 2 2 2 0 0 0 0 3 3 0 0 3 3 1 1 4 4 3 3 3 3 1 1 0 0 1 1 2 2 4 4 3 3 1 4 2 1 2 1 1 1 0 0 2 2 3 1 4 4 1 1 3 3 3 3 1 3 1 1 1 1 1 1 3 3 1 1 1 1 2 2 1 1 3 3 0 0 1 1 1 1 1 1 2 2 1 1 3 3 3 3 3 3 1 1 1 1 4 4 1 1 1 1 3 3 3 3 3 3 4 4 3 3 3 3 2 2 3 1 1 1 3 3 4 2 2 2 3 3 4 4 2 2 1 1 2 2 2 4 2 2 4 3 4 3 3 3 0 0 1 1 2 2 4 2 3 3 1 1 4 4 2 2 2 2 0 0
LHU_ABE_2016_003 1 1 3 3 2 2 3 3 0 0 0 0 0 0 0 0 0 0 0 0 0 0 0 0 0 0 0 0 4 4 0 0 4 3 3 3 3 1 3 3 1 1 1 1 0 0 2 2 2 2 0 0 0 0 0 0 0 0 0 0 0 0 4 4 2 2 0 0 0 0 0 0 0 0 1 1 0 0 0 0 0 0 0 0 0 0 0 0 3 3 0 0 0 0 0 0 0 0 0 0 2 2 0 0 3 1 0 0 1 1 1 1 4 4 0 0 0 0 0 0 1 1 0 0 0 0 0 0 0 0 0 0 0 0 0 0 0 0 0 0 0 0 0 0 0 0 0 0 0 0 0 0 0 0 1 1 1 1 0 0 0 0 0 0 1 3 0 0 0 0 0 0 1 1 4 2 2 2 0 0 0 0 0 0 3 2 1 1 3 3 1 1 4 4 0 0 0 0 0 0 0 0 1 1 2 2 4 4 0 0 0 0 0 0 0 0 1 1 2 4 0 0 0 0 4 4 0 0 3 3 0 0 1 3 0 0 0 0 0 0 0 0 0 0 0 0 0 0 1 1 3 3 0 0 0 0 0 0 0 0 0 0 0 0 0 0 0 0 0 0 1 1 1 1 0 0 1 1 1 1 3 3 0 0 0 0 0 0 0 0 0 0 2 2 3 3 0 0 0 0 0 0 2 2 3 3 4 4 2 1 1 1 2 2 2 4 0 0 0 0 0 0 0 0 3 3 1 1 0 0 0 0 3 3 0 0 0 0 0 0 2 2 0 0
LHU_ABE_2016_005 2 1 0 0 0 0 0 0 0 0 0 0 0 0 0 0 0 0 0 0 0 0 0 0 0 0 0 0 0 0 0 0 0 0 0 0 3 1 3 3 1 1 0 0 0 0 0 0 0 0 0 0 0 0 0 0 0 0 0 0 0 0 0 0 2 1 0 0 0 0 0 0 0 0 1 1 0 0 0 0 0 0 0 0 0 0 0 0 0 0 0 0 0 0 0 0 0 0 0 0 1 2 0 0 0 0 3 3 1 1 1 1 4 4 0 0 0 0 3 3 1 1 0 0 0 0 0 0 0 0 0 0 0 0 0 0 0 0 1 1 4 2 0 0 0 0 0 0 0 0 0 0 0 0 0 0 0 0 0 0 0 0 0 0 0 0 0 0 0 0 0 0 0 0 0 0 0 0 0 0 0 0 0 0 0 0 0 0 3 3 0 0 0 0 0 0 0 0 0 0 0 0 0 0 0 0 0 0 0 0 0 0 0 0 0 0 0 0 0 0 0 0 0 0 4 4 0 0 0 0 0 0 3 3 0 0 0 0 0 0 0 0 0 0 0 0 0 0 0 0 0 0 0 0 0 0 0 0 0 0 0 0 0 0 0 0 0 0 0 0 0 0 0 0 0 0 1 1 0 0 0 0 0 0 0 0 0 0 0 0 0 0 0 0 0 0 0 0 0 0 0 0 0 0 0 0 4 3 2 1 1 4 2 4 0 0 0 0 0 0 0 0 0 0 0 0 0 0 1 2 0 0 0 0 0 0 0 0 0 0 2 2 0 0
LHU_ABE_2016_008 1 1 0 0 0 0 0 0 0 0 2 2 4 4 3 3 2 2 1 1 1 1 2 2 4 4 4 4 0 0 0 0 0 0 3 3 3 1 3 2 1 1 1 1 0 0 2 2 2 2 1 1 4 4 4 4 3 3 4 1 1 1 2 4 2 2 0 0 3 3 4 4 2 2 1 1 0 0 2 2 4 4 0 0 0 0 2 2 3 3 0 0 2 2 2 2 3 3 2 2 2 2 0 0 3 1 3 3 1 1 1 1 4 4 4 4 1 1 3 3 0 0 1 1 4 2 2 4 1 2 3 1 3 4 3 3 3 3 1 1 4 4 4 4 4 4 1 1 4 4 4 4 4 4 1 1 1 1 0 0 4 4 2 4 1 3 2 3 3 3 0 0 1 1 4 4 2 2 2 1 1 1 1 1 3 2 1 1 3 3 0 0 0 0 0 0 3 3 1 1 3 4 0 0 2 2 0 0 3 4 4 4 2 2 2 2 0 0 2 2 2 2 3 1 4 4 1 2 0 0 3 3 3 3 1 1 1 1 1 1 3 3 1 1 1 1 2 2 1 3 3 2 3 3 1 3 1 3 1 3 2 2 1 1 3 3 3 3 3 3 1 3 4 1 4 1 1 1 1 1 3 3 3 3 3 3 4 4 3 3 3 3 2 2 3 1 1 1 3 3 4 4 2 2 3 3 4 4 2 2 1 1 2 2 2 2 2 4 4 3 4 3 3 1 3 1 1 1 2 2 4 2 3 3 1 4 0 0 0 0 2 2 3 3
LHU_ABE_2016_009 0 0 3 3 2 2 3 3 0 0 0 0 0 0 3 3 2 2 1 1 1 1 2 1 4 3 4 2 4 1 1 1 4 4 3 3 3 1 3 3 1 1 0 0 4 2 2 2 2 2 0 0 4 4 4 4 3 3 0 0 1 1 2 2 2 2 3 3 3 2 4 4 2 4 1 1 1 1 0 0 0 0 0 0 2 4 2 1 3 1 0 0 2 2 0 0 0 0 2 2 0 0 0 0 3 1 3 3 0 0 0 0 0 0 0 0 1 2 3 3 0 0 0 0 4 4 2 4 1 2 3 1 3 4 3 4 3 2 0 0 4 4 4 4 0 0 2 1 1 4 4 4 4 4 1 1 1 1 1 1 4 4 4 4 0 0 2 3 3 3 2 2 1 3 4 4 2 2 2 1 1 1 1 1 3 3 1 3 3 3 0 0 0 0 3 3 3 3 1 1 3 3 1 1 2 2 4 4 3 3 4 4 2 2 2 2 0 0 2 2 2 2 0 0 4 4 1 1 3 3 3 3 1 3 1 1 1 1 1 1 0 0 1 1 0 0 0 0 1 1 3 3 3 1 1 1 1 1 1 1 2 4 1 3 3 1 3 4 3 1 1 1 1 1 4 4 1 1 0 0 0 0 3 3 3 3 4 4 3 3 3 3 2 2 1 1 1 1 3 3 4 4 2 2 3 3 4 4 2 2 1 1 2 2 0 0 0 0 4 3 4 3 3 3 0 0 1 3 2 2 4 2 3 3 1 1 4 1 2 4 2 2 3 3
LHU_ABE_2016_010 1 1 0 0 0 0 0 0 0 0 2 2 4 4 0 0 0 0 0 0 0 0 2 2 0 0 0 0 0 0 1 1 0 0 3 3 3 1 0 0 0 0 0 0 4 2 0 0 0 0 1 1 4 4 4 4 3 3 0 0 1 1 4 4 2 2 3 3 3 3 0 0 0 0 0 0 0 0 2 3 4 2 2 2 0 0 2 2 3 3 0 0 0 0 0 0 0 0 2 2 1 2 2 2 0 0 0 0 1 1 1 1 4 4 0 0 0 0 3 3 0 0 0 0 0 0 0 0 0 0 0 0 0 0 0 0 0 0 0 0 4 4 4 4 0 0 0 0 0 0 0 0 0 0 0 0 0 0 0 0 0 0 0 0 0 0 2 2 0 0 0 0 1 1 4 4 0 0 0 0 0 0 0 0 3 3 1 1 0 0 1 1 4 4 0 0 3 3 1 1 3 3 1 1 2 2 4 4 3 3 0 0 0 0 0 0 1 3 0 0 0 0 0 0 4 4 0 0 0 0 3 3 1 3 0 0 0 0 0 0 0 0 1 3 1 1 2 2 0 0 0 0 0 0 1 1 1 1 0 0 0 0 0 0 0 0 0 0 0 0 1 1 1 1 4 4 0 0 0 0 0 0 0 0 0 0 4 4 3 3 3 3 2 2 3 1 1 1 3 3 4 4 2 2 3 3 0 0 2 2 1 1 0 0 2 4 0 0 0 0 0 0 0 0 3 1 0 0 1 2 0 0 3 1 0 0 0 0 0 0 2 2 0 0
LHU_ABE_2016_011 1 1 3 1 2 1 3 4 4 2 2 4 4 2 3 3 2 2 1 1 1 1 2 2 4 4 0 0 4 4 1 1 0 0 0 0 3 1 3 3 1 1 1 1 0 0 2 2 2 2 0 0 0 0 0 0 0 0 0 0 1 1 4 4 0 0 3 3 0 0 4 4 2 2 0 0 1 1 2 3 4 2 2 1 0 0 0 0 0 0 4 4 2 2 4 2 1 3 2 2 0 0 4 4 0 0 3 3 0 0 0 0 0 0 0 0 0 0 3 3 1 1 0 0 4 2 0 0 0 0 0 0 0 0 0 0 0 0 0 0 4 4 4 4 0 0 2 1 1 4 0 0 0 0 0 0 0 0 0 0 0 0 0 0 0 0 0 0 0 0 0 0 1 1 0 0 2 2 2 1 0 0 0 0 3 3 0 0 0 0 0 0 0 0 0 0 0 0 1 1 3 3 0 0 0 0 0 0 0 0 0 0 2 2 2 2 1 3 0 0 2 2 3 1 4 2 1 1 3 3 3 3 1 1 1 1 1 1 1 1 3 3 1 1 0 0 0 0 1 3 3 2 0 0 1 1 1 1 1 1 0 0 0 0 0 0 0 0 0 0 1 1 0 0 0 0 0 0 1 1 3 3 0 0 0 0 4 4 3 3 3 3 0 0 0 0 1 1 3 3 4 4 2 2 3 3 0 0 0 0 0 0 0 0 0 0 0 0 4 3 4 3 3 3 3 1 1 1 2 2 4 2 3 3 1 1 4 1 2 4 2 2 3 3
LHU_ABE_2016_012 1 1 0 0 0 0 0 0 4 4 2 2 4 4 3 3 2 2 1 1 1 1 2 2 4 4 4 2 0 0 0 0 0 0 0 0 3 1 3 3 1 1 0 0 4 2 2 2 2 2 0 0 4 4 4 4 3 3 4 4 1 1 0 0 2 2 3 3 3 3 4 4 2 2 1 1 1 1 0 0 4 4 2 2 2 2 2 2 3 3 0 0 2 2 4 2 1 3 2 4 0 0 4 2 3 3 3 3 0 0 0 0 0 0 4 4 1 1 3 3 1 1 0 0 4 4 2 4 1 2 3 1 0 0 0 0 0 0 1 1 4 4 4 3 4 3 1 1 4 4 4 4 4 4 1 1 1 1 1 1 4 2 2 4 0 0 2 2 0 0 2 2 1 1 4 4 2 2 0 0 1 3 1 4 0 0 1 1 3 3 1 1 4 4 3 3 3 3 1 1 3 3 1 1 2 2 4 4 3 3 4 4 2 2 2 2 0 0 2 2 2 2 3 1 4 4 1 1 3 3 0 0 1 3 1 1 1 1 1 1 3 3 1 3 1 4 2 2 1 1 3 3 0 0 1 1 1 1 1 1 0 0 0 0 0 0 0 0 0 0 0 0 0 0 0 0 1 1 1 1 3 3 3 3 3 3 4 4 3 3 3 3 0 0 0 0 0 0 0 0 4 4 2 2 3 3 4 4 2 2 1 1 2 2 2 4 0 0 4 3 4 3 3 3 0 0 1 1 0 0 2 2 3 3 1 1 1 1 4 4 2 2 0 0
LHU_ABE_2016_014 1 1 0 0 0 0 0 0 0 0 2 4 4 2 3 1 2 1 1 1 0 0 2 2 4 4 4 4 4 4 0 0 0 0 3 3 3 1 3 3 1 1 0 0 0 0 2 2 2 2 1 1 4 4 4 4 3 3 4 1 1 1 0 0 2 2 0 0 3 3 4 4 2 2 1 1 1 1 0 0 0 0 2 2 0 0 2 1 0 0 4 4 2 1 4 2 1 3 2 2 1 2 4 4 3 1 3 3 0 0 0 0 0 0 0 0 1 1 3 3 1 1 0 0 4 4 2 2 1 1 3 3 3 3 3 3 3 3 1 1 4 4 4 4 4 4 1 1 4 4 4 4 4 4 1 1 1 1 1 1 0 0 0 0 1 1 2 3 3 3 2 2 1 1 0 0 2 2 0 0 0 0 0 0 3 3 0 0 3 3 1 1 4 1 3 3 0 0 0 0 3 3 0 0 2 2 4 4 3 3 0 0 2 2 2 2 0 0 2 2 0 0 1 1 4 4 1 1 0 0 3 3 1 3 0 0 0 0 0 0 0 0 1 1 1 1 2 2 1 1 3 3 3 3 1 1 1 1 1 1 2 2 1 1 3 3 3 3 3 3 1 1 1 1 0 0 1 1 1 2 3 1 3 3 3 3 4 1 3 4 3 3 0 0 3 3 0 0 0 0 4 4 2 2 3 3 4 4 2 2 1 1 2 2 2 4 0 0 0 0 0 0 3 3 0 0 1 1 0 0 2 2 3 3 1 1 1 1 4 4 2 2 3 3
LHU_ABE_2016_015 1 1 0 0 0 0 0 0 4 4 2 2 4 4 3 3 2 2 1 1 1 4 0 0 0 0 0 0 4 4 1 1 0 0 0 0 3 1 3 3 1 1 1 1 0 0 2 2 2 2 0 0 4 4 4 4 3 3 0 0 1 1 0 0 2 2 0 0 3 3 4 4 2 2 1 1 1 1 0 0 0 0 0 0 2 2 2 2 3 3 4 4 2 2 4 2 1 3 0 0 1 2 4 4 1 1 3 3 0 0 0 0 0 0 0 0 1 1 3 3 1 1 1 1 4 2 2 2 1 1 3 3 0 0 0 0 0 0 1 1 4 4 4 4 4 4 2 1 1 4 4 4 4 4 1 1 1 1 1 1 0 0 0 0 1 1 2 2 3 3 2 2 0 0 4 4 2 2 0 0 0 0 0 0 3 3 0 0 3 3 1 4 4 4 3 3 3 3 1 1 3 3 1 1 2 2 4 4 3 3 4 4 0 0 0 0 0 0 2 2 2 2 3 1 4 4 1 1 3 3 3 3 1 1 0 0 0 0 0 0 0 0 0 0 0 0 0 0 1 1 3 3 3 3 1 1 1 1 1 1 2 2 1 1 3 3 3 3 3 3 0 0 0 0 0 0 1 1 1 1 3 3 3 3 3 3 0 0 0 0 0 0 0 0 3 1 0 0 0 0 4 4 2 2 3 3 4 4 2 2 1 1 2 2 2 4 0 0 3 3 3 3 3 3 3 1 1 1 0 0 4 2 1 1 1 1 4 1 2 4 2 2 3 3
LHU_ABE_2016_017 0 0 0 0 0 0 0 0 0 0 0 0 0 0 0 0 0 0 0 0 0 0 0 0 0 0 0 0 4 4 1 1 0 0 0 0 3 1 3 3 1 1 0 0 0 0 0 0 0 0 0 0 0 0 0 0 0 0 0 0 0 0 0 0 2 2 0 0 0 0 4 4 2 2 0 0 1 1 0 0 0 0 0 0 2 2 2 2 3 3 0 0 0 0 0 0 0 0 0 0 1 1 0 0 0 0 0 0 0 0 0 0 0 0 0 0 1 1 3 3 1 1 0 0 0 0 0 0 0 0 0 0 0 0 0 0 0 0 0 0 4 4 0 0 0 0 0 0 0 0 0 0 0 0 0 0 0 0 0 0 0 0 0 0 0 0 0 0 0 0 0 0 0 0 0 0 0 0 0 0 0 0 0 0 3 3 0 0 3 3 0 0 4 4 3 1 0 0 0 0 0 0 0 0 2 2 4 4 3 3 0 0 0 0 0 0 0 0 2 2 2 1 0 0 0 0 1 1 3 1 0 0 0 0 0 0 0 0 0 0 0 0 0 0 0 0 0 0 1 1 3 3 0 0 0 0 0 0 0 0 0 0 0 0 0 0 0 0 0 0 0 0 0 0 0 0 1 1 0 0 3 3 3 3 3 3 0 0 0 0 0 0 0 0 0 0 0 0 0 0 4 4 2 4 3 3 0 0 2 2 1 1 0 0 4 4 0 0 3 3 3 3 3 3 3 1 1 1 0 0 2 2 3 1 0 0 0 0 0 0 0 0 0 0
LHU_ABE_2016_018 2 1 3 3 2 2 3 3 4 4 2 2 4 4 3 3 2 2 1 1 1 1 2 2 4 4 4 4 4 4 1 1 4 4 3 3 3 1 3 3 1 1 1 3 2 2 2 2 2 2 1 1 4 4 4 4 3 3 4 4 1 1 2 4 2 2 0 0 3 3 4 4 2 2 1 1 1 1 2 2 4 4 2 2 2 2 2 2 3 3 4 4 2 2 4 2 1 3 2 2 1 1 2 2 1 1 3 4 1 1 1 1 4 4 0 0 1 1 3 3 1 1 0 0 2 2 0 0 0 0 0 0 3 4 0 0 0 0 1 1 4 4 4 4 4 4 1 1 4 4 4 4 4 4 1 1 1 1 1 1 0 0 0 0 1 3 2 2 3 4 2 2 1 1 4 4 2 2 0 0 1 1 1 1 3 3 1 1 3 3 1 1 4 4 3 3 0 0 1 4 3 3 1 1 2 2 4 4 3 3 0 0 0 0 0 0 1 3 2 2 2 2 1 1 4 4 1 1 3 3 3 3 1 1 1 2 1 2 1 3 0 0 1 1 1 1 2 2 1 1 3 3 3 3 1 3 1 3 1 1 2 2 1 1 3 3 3 3 3 3 0 0 0 0 0 0 1 1 1 1 3 3 3 3 3 3 0 0 0 0 0 0 0 0 3 1 0 0 0 0 4 4 2 2 3 3 4 4 2 2 1 1 2 2 2 4 0 0 3 3 3 3 3 3 3 1 1 1 2 2 4 2 3 1 1 1 1 1 4 4 2 2 3 3
LHU_ABE_2016_111 1 1 3 3 2 2 0 0 0 0 0 0 0 0 0 0 0 0 0 0 0 0 2 2 4 4 0 0 4 4 1 1 4 4 3 3 3 1 3 3 1 1 1 1 0 0 2 2 2 2 0 0 4 3 4 1 3 2 4 4 1 1 0 0 2 2 0 0 0 0 4 4 2 2 1 4 1 1 2 2 4 4 0 0 0 0 0 0 0 0 0 0 2 2 0 0 3 3 2 2 0 0 4 2 3 1 3 3 1 1 1 1 4 4 4 4 1 1 3 3 0 0 1 1 4 2 2 4 1 2 3 1 3 4 3 4 3 2 0 0 4 4 0 0 4 4 2 1 1 4 4 4 4 4 1 1 1 1 1 1 4 4 4 4 1 3 0 0 3 3 0 0 1 1 4 4 2 2 2 1 0 0 0 0 3 3 1 1 3 3 1 1 4 4 3 3 3 3 1 1 3 3 0 0 2 2 4 4 0 0 4 4 2 2 2 1 1 1 2 2 0 0 1 1 4 4 1 1 3 3 3 1 1 3 1 1 1 1 1 1 3 3 1 1 1 1 2 1 0 0 0 0 0 0 1 1 1 1 1 1 0 0 0 0 0 0 0 0 0 0 1 1 1 1 0 0 1 1 1 1 3 3 3 2 3 2 4 4 3 3 3 3 2 2 3 1 1 1 3 3 4 4 2 4 3 1 4 4 2 2 1 1 0 0 2 2 0 0 3 3 3 3 3 3 3 1 1 1 2 2 4 2 3 1 0 0 0 0 0 0 0 0 0 0
LHU_ABE_2016_222 1 1 3 3 2 2 3 3 4 2 2 4 4 2 0 0 2 1 1 1 1 1 2 2 4 4 4 4 4 4 1 4 0 0 0 0 3 1 3 3 1 1 1 1 0 0 2 4 2 1 1 4 4 4 4 4 3 3 4 4 0 0 2 2 2 2 3 3 3 3 0 0 2 2 0 0 0 0 2 2 4 4 0 0 2 2 2 2 3 3 4 4 2 2 0 0 0 0 2 2 1 2 0 0 3 1 3 3 1 3 1 4 4 3 4 4 0 0 3 3 0 0 1 1 4 2 2 4 1 2 3 1 3 4 3 4 3 2 1 1 4 4 4 4 0 0 2 1 1 4 4 3 4 1 1 3 1 2 1 2 4 4 4 4 1 3 2 2 3 3 2 2 1 1 4 4 2 4 2 2 1 1 1 1 3 2 1 1 3 3 0 0 0 0 3 3 3 3 0 0 0 0 1 3 2 4 4 1 3 3 0 0 2 2 2 2 1 3 0 0 2 2 3 1 4 4 1 1 3 3 3 3 3 3 0 0 0 0 0 0 0 0 1 1 1 4 2 2 1 1 3 3 3 3 1 1 1 1 1 1 2 2 1 1 3 3 3 3 3 3 1 1 4 1 0 0 1 1 1 2 3 1 3 3 3 3 4 1 3 4 3 3 2 1 3 3 1 1 3 3 4 4 2 2 3 3 4 4 2 2 1 1 0 0 2 4 0 0 4 3 4 3 3 3 3 1 1 1 2 2 2 2 3 3 1 1 4 1 2 4 2 2 0 0
LHU_ABE_2016_333 1 1 3 3 2 2 3 3 4 4 2 2 4 4 0 0 0 0 0 0 1 1 2 2 4 4 4 4 0 0 1 1 0 0 0 0 3 1 0 0 1 3 0 0 4 2 2 2 2 2 0 0 4 4 4 4 3 3 0 0 0 0 2 4 2 2 0 0 3 3 4 4 2 2 1 1 1 3 2 2 4 4 2 2 2 2 2 2 3 3 0 0 2 2 0 0 0 0 2 2 1 2 4 2 1 1 3 3 1 1 1 1 4 4 0 0 1 1 3 3 1 3 1 3 4 2 2 4 1 2 3 1 3 4 3 4 3 2 0 0 0 0 4 4 4 4 2 1 1 4 4 4 4 4 1 1 1 1 0 0 4 4 2 4 1 3 0 0 3 4 0 0 1 1 4 4 2 2 2 1 1 1 1 1 3 3 1 1 3 3 1 1 4 4 0 0 3 2 1 1 3 4 1 1 2 2 4 4 3 3 4 4 2 2 2 2 0 0 0 0 2 2 3 1 4 4 1 1 3 3 3 3 1 3 0 0 0 0 0 0 0 0 1 3 1 1 2 2 1 1 3 3 0 0 0 0 0 0 1 3 2 2 1 1 3 3 0 0 0 0 1 1 1 1 4 4 1 1 0 0 3 3 3 3 3 3 4 4 3 3 3 3 2 2 0 0 1 1 3 3 4 4 2 4 3 3 0 0 0 0 0 0 0 0 2 2 2 2 4 3 4 3 3 3 0 0 0 0 2 2 4 4 3 3 1 1 1 1 4 4 2 2 3 3
LHU_ABE_2016_444 0 0 0 0 0 0 0 0 0 0 0 0 0 0 0 0 0 0 0 0 0 0 0 0 0 0 0 0 0 0 1 1 0 0 3 3 3 1 3 3 1 1 1 1 0 0 0 0 0 0 0 0 0 0 0 0 0 0 0 0 1 3 0 0 0 0 0 0 3 3 4 1 0 0 1 1 0 0 0 0 4 4 0 0 2 2 2 2 3 3 0 0 2 2 0 0 3 3 2 2 0 0 4 2 3 1 3 3 0 0 0 0 0 0 0 0 0 0 3 3 0 0 0 0 4 2 0 0 0 0 0 0 0 0 0 0 0 0 1 4 4 4 0 0 0 0 0 0 0 0 0 0 0 0 0 0 0 0 0 0 0 0 0 0 0 0 0 0 0 0 3 2 0 0 4 4 2 2 0 0 0 0 0 0 3 3 0 0 3 4 1 4 4 4 0 0 3 2 1 1 3 3 0 0 2 2 4 4 0 0 0 0 2 2 2 2 0 0 0 0 2 2 0 0 4 4 1 1 0 0 0 0 3 3 0 0 0 0 0 0 0 0 1 3 0 0 0 0 1 1 3 3 0 0 0 0 0 0 0 0 0 0 0 0 0 0 0 0 0 0 0 0 0 0 0 0 1 1 0 0 3 3 0 0 0 0 4 4 3 3 3 4 0 0 3 3 1 1 3 3 4 4 2 4 0 0 0 0 0 0 0 0 0 0 0 0 0 0 0 0 0 0 0 0 0 0 1 1 2 2 0 0 0 0 1 1 1 1 4 4 2 2 0 0
LHU_ABE_2016_555 2 1 0 0 0 0 3 3 0 0 2 2 0 0 3 3 2 2 1 1 1 1 2 2 4 4 4 4 4 4 1 1 4 4 3 3 0 0 3 3 1 1 1 1 4 2 2 2 2 2 1 1 4 4 4 4 3 3 0 0 0 0 0 0 0 0 3 3 0 0 4 4 0 0 1 1 1 1 2 2 4 4 0 0 2 2 2 2 3 3 4 4 2 2 4 2 1 3 2 2 2 2 4 2 1 1 0 0 1 1 1 1 4 4 4 4 0 0 3 3 0 0 0 0 4 2 2 4 1 2 3 1 3 4 3 4 3 2 1 1 4 4 4 4 4 4 2 1 1 4 4 4 4 4 1 1 1 1 1 1 4 4 2 4 1 3 2 3 3 3 0 0 1 1 0 0 2 2 2 1 1 1 1 1 3 3 1 1 3 3 1 4 4 4 3 3 3 3 0 0 0 0 1 1 2 2 4 4 3 3 0 0 2 2 2 2 0 0 2 2 0 0 0 0 4 4 1 1 3 3 3 3 1 3 1 1 1 1 1 1 3 3 1 3 1 1 2 2 0 0 0 0 0 0 1 1 1 1 1 1 2 2 1 1 3 3 3 3 3 3 1 1 1 1 4 4 1 3 1 1 3 3 3 3 3 3 4 4 3 3 3 3 2 2 0 0 1 1 3 3 4 4 2 2 3 3 4 4 2 2 1 1 0 0 0 0 2 4 3 3 3 3 3 3 3 1 1 1 2 2 4 4 3 1 1 4 0 0 0 0 2 2 3 3
LHU_ABE_2016_666 0 0 0 0 0 0 3 3 4 4 2 2 4 4 0 0 2 1 1 2 1 1 2 2 4 4 0 0 4 4 1 1 0 0 3 4 3 1 3 3 1 1 1 1 4 4 2 2 2 2 1 1 4 4 4 4 3 3 0 0 1 1 2 4 2 2 3 3 0 0 4 4 0 0 1 1 1 1 2 2 4 4 0 0 2 2 2 2 3 3 4 4 2 2 4 2 0 0 2 2 1 2 2 2 1 1 0 0 1 1 1 1 4 4 4 4 1 1 3 3 1 1 1 1 4 2 2 4 1 2 3 1 3 4 3 4 3 2 1 4 4 4 4 4 0 0 0 0 0 0 0 0 0 0 0 0 0 0 0 0 0 0 0 0 1 3 2 2 3 3 0 0 1 1 4 4 2 2 0 0 1 1 1 1 0 0 1 1 3 3 1 1 4 4 0 0 3 2 0 0 0 0 1 1 2 2 4 4 3 3 4 4 2 2 2 2 0 0 2 2 2 2 3 1 4 4 1 1 3 3 3 3 3 3 1 1 1 1 1 1 3 3 0 0 1 1 2 2 0 0 3 3 3 3 0 0 0 0 0 0 2 2 1 1 3 3 3 3 3 3 1 1 1 1 4 4 1 1 1 1 3 3 3 3 3 3 0 0 0 0 0 0 2 2 3 1 1 1 3 3 4 4 2 2 3 3 4 4 2 2 1 1 2 2 2 4 0 0 0 0 0 0 3 3 3 1 1 1 2 2 4 2 3 3 0 0 0 0 0 0 2 4 3 4


0 0
0 0




0 0
0 0
0
0
0
0
0
0
