colony_input
colony_input
20
122
16908
1
2
1
0
0 0
0
1
0
0
1
2
0
10000
0
2
2
MK@
0@
0.01 0.01 0.01 0.01 0.01 0.01 0.01 0.01 0.01 0.01 0.01 0.01 0.01 0.01 0.01 0.01 0.01 0.01 0.01 0.01 0.01 0.01 0.01 0.01 0.01 0.01 0.01 0.01 0.01 0.01 0.01 0.01 0.01 0.01 0.01 0.01 0.01 0.01 0.01 0.01 0.01 0.01 0.01 0.01 0.01 0.01 0.01 0.01 0.01 0.01 0.01 0.01 0.01 0.01 0.01 0.01 0.01 0.01 0.01 0.01 0.01 0.01 0.01 0.01 0.01 0.01 0.01 0.01 0.01 0.01 0.01 0.01 0.01 0.01 0.01 0.01 0.01 0.01 0.01 0.01 0.01 0.01 0.01 0.01 0.01 0.01 0.01 0.01 0.01 0.01 0.01 0.01 0.01 0.01 0.01 0.01 0.01 0.01 0.01 0.01 0.01 0.01 0.01 0.01 0.01 0.01 0.01 0.01 0.01 0.01 0.01 0.01 0.01 0.01 0.01 0.01 0.01 0.01 0.01 0.01 0.01 0.01
0.01 0.01 0.01 0.01 0.01 0.01 0.01 0.01 0.01 0.01 0.01 0.01 0.01 0.01 0.01 0.01 0.01 0.01 0.01 0.01 0.01 0.01 0.01 0.01 0.01 0.01 0.01 0.01 0.01 0.01 0.01 0.01 0.01 0.01 0.01 0.01 0.01 0.01 0.01 0.01 0.01 0.01 0.01 0.01 0.01 0.01 0.01 0.01 0.01 0.01 0.01 0.01 0.01 0.01 0.01 0.01 0.01 0.01 0.01 0.01 0.01 0.01 0.01 0.01 0.01 0.01 0.01 0.01 0.01 0.01 0.01 0.01 0.01 0.01 0.01 0.01 0.01 0.01 0.01 0.01 0.01 0.01 0.01 0.01 0.01 0.01 0.01 0.01 0.01 0.01 0.01 0.01 0.01 0.01 0.01 0.01 0.01 0.01 0.01 0.01 0.01 0.01 0.01 0.01 0.01 0.01 0.01 0.01 0.01 0.01 0.01 0.01 0.01 0.01 0.01 0.01 0.01 0.01 0.01 0.01 0.01 0.01
ROC_TOJ_2017_001 2 1 2 2 2 2 1 1 4 4 3 3 4 4 4 4 4 4 3 1 3 3 4 4 1 1 4 4 2 2 4 2 4 4 2 4 1 3 4 4 3 3 3 1 4 4 4 4 4 4 4 4 2 2 1 1 2 4 2 1 3 1 4 2 1 3 1 1 4 4 3 3 1 1 3 3 2 2 2 4 1 2 3 1 3 4 3 4 3 2 1 1 2 4 4 4 1 1 2 2 1 1 1 1 4 4 2 2 2 4 1 1 1 1 4 4 2 2 2 2 4 4 3 3 2 2 4 4 2 1 2 1 2 3 4 3 3 4 1 3 4 3 4 2 2 2 3 3 3 3 4 4 3 3 3 3 2 2 3 3 1 1 2 2 4 4 4 4 2 2 3 3 1 1 3 3 3 3 3 3 3 3 3 3 1 1 4 4 1 1 3 3 4 3 1 1 4 4 4 1 3 3 1 1 2 2 3 3 1 1 2 2 2 2 4 4 4 4 2 2 3 1 2 2 1 2 2 2 4 4 3 1 1 1 4 1 2 4 3 3 2 4 3 4
ROC_TOJ_2017_003 2 1 2 2 2 2 1 1 4 4 3 3 4 4 4 3 3 3 3 1 3 3 4 4 1 1 4 4 2 2 4 2 4 4 2 4 1 3 4 4 3 3 3 1 4 4 4 4 4 4 4 4 2 2 1 3 2 4 2 1 3 1 4 2 1 3 1 1 4 2 3 1 1 1 3 3 4 2 2 4 1 2 3 1 3 4 3 4 3 2 1 1 2 2 4 4 1 1 2 2 1 1 1 1 4 4 2 2 2 2 1 1 3 3 2 2 4 4 2 2 4 4 3 2 2 2 4 4 2 1 2 1 2 2 4 4 3 3 1 1 4 4 4 4 2 2 3 3 3 3 4 4 3 3 3 3 2 2 3 3 1 4 2 2 4 4 4 4 2 2 3 3 3 3 3 3 3 3 3 3 3 3 1 1 1 3 4 4 1 1 3 3 4 4 1 1 4 4 1 1 3 1 1 1 4 2 3 3 3 1 2 4 2 2 4 4 4 4 2 2 3 1 2 2 1 1 2 4 2 2 3 3 1 1 4 4 2 2 3 3 2 2 3 3
ROC_TOJ_2017_004 1 1 2 2 0 0 0 0 4 4 3 3 4 4 4 4 4 4 3 1 3 3 4 4 1 1 4 4 2 2 4 2 4 4 4 4 3 3 4 4 3 3 3 3 4 4 4 4 4 4 4 4 2 2 1 3 2 4 2 1 3 1 4 2 1 3 1 1 4 4 1 1 1 1 3 3 4 4 2 4 1 2 3 1 3 4 3 4 3 2 1 4 2 4 4 4 1 1 2 2 1 1 1 1 4 4 2 2 2 2 1 1 3 1 2 4 4 2 0 0 4 4 0 0 2 2 4 4 2 1 2 1 2 2 4 4 3 3 1 1 4 4 4 4 2 2 3 3 3 4 4 4 3 3 3 3 1 1 3 3 1 1 2 2 4 4 4 4 2 2 3 3 1 3 3 3 3 3 3 1 3 3 1 3 1 1 4 4 1 1 3 3 4 4 1 1 4 2 4 1 3 3 1 1 4 2 3 3 1 1 2 2 2 2 4 4 4 4 2 2 3 1 2 2 1 1 2 4 2 2 3 3 1 1 4 4 2 2 3 3 2 2 3 3
ROC_TOJ_2017_008 2 1 2 2 2 2 0 0 4 4 3 3 4 4 4 4 4 3 3 1 3 3 4 4 1 1 4 4 2 2 2 2 4 4 2 2 1 1 4 4 3 3 3 1 4 4 4 4 4 4 4 4 2 2 1 3 4 4 1 1 1 1 2 2 3 3 1 2 4 4 3 3 1 1 3 3 4 4 2 4 1 2 3 1 3 4 3 4 3 2 1 4 2 4 4 4 1 1 2 2 1 1 1 1 4 4 2 2 2 2 1 1 3 1 2 4 4 2 2 2 4 4 3 3 2 2 4 4 2 1 2 2 2 2 4 4 3 3 1 1 4 4 4 4 2 2 3 3 3 3 4 4 3 1 3 2 2 2 3 3 1 1 2 2 4 3 4 4 2 2 3 3 1 3 3 3 3 3 3 3 3 3 1 1 1 1 4 4 1 1 3 3 4 3 1 1 4 2 4 4 3 3 1 1 4 4 3 3 1 1 2 2 2 4 4 3 4 3 2 2 3 1 2 4 1 1 2 2 4 4 3 3 1 1 4 4 2 2 3 3 4 4 4 4
ROC_TOJ_2017_011 2 1 2 2 2 2 1 1 4 4 3 3 4 4 4 4 4 4 3 1 3 3 4 4 1 1 4 4 2 4 4 2 4 4 2 4 1 3 4 4 3 3 3 3 4 4 4 4 4 4 4 4 0 0 1 3 2 4 2 1 3 1 4 2 1 3 1 1 4 4 3 3 1 1 3 3 4 4 2 4 1 2 3 1 3 4 3 4 3 2 1 1 0 0 4 4 1 1 2 2 1 1 1 1 4 4 2 2 2 2 1 1 3 1 2 4 0 0 0 0 4 4 0 0 2 4 0 0 1 1 2 2 2 3 4 3 3 4 1 3 4 3 4 2 2 2 3 3 3 3 4 4 3 3 3 3 2 1 3 3 1 1 2 2 0 0 4 4 2 2 3 3 3 3 3 3 3 3 0 0 3 3 0 0 1 1 4 4 1 1 3 3 4 4 0 0 4 4 4 1 3 3 1 1 0 0 3 3 1 1 2 2 2 4 4 4 4 4 0 0 3 1 2 2 2 2 2 2 4 4 3 3 0 0 4 4 2 2 3 3 2 4 3 4
ROC_TOJ_2017_012 2 1 2 2 2 1 1 2 4 4 3 1 0 0 4 3 4 4 3 1 3 3 4 4 1 1 4 4 2 2 4 2 4 4 4 4 3 3 4 4 3 3 3 3 4 4 4 4 4 4 4 4 2 2 1 1 2 4 2 1 3 1 2 2 3 3 1 2 0 0 3 3 1 1 3 3 4 4 2 4 1 2 3 1 3 4 3 4 3 2 1 4 2 2 4 1 1 1 2 2 1 1 1 1 4 4 2 2 2 2 1 1 3 3 2 2 4 4 2 2 4 2 3 2 2 2 4 4 1 1 2 2 2 2 4 4 3 3 1 1 4 4 4 4 2 2 3 3 3 3 4 4 3 3 3 3 2 1 3 3 1 4 2 2 4 4 4 4 0 0 3 3 1 3 3 3 3 3 3 3 3 3 1 3 1 1 4 4 1 1 3 3 4 4 1 1 4 2 4 4 3 3 1 1 4 2 0 0 1 1 2 4 2 2 4 4 4 4 2 2 3 1 2 2 1 1 2 2 4 4 1 1 0 0 4 1 2 4 3 3 2 2 3 3
ROC_TOJ_2017_016 2 2 2 2 2 2 1 1 4 4 3 3 4 4 4 4 0 0 3 1 3 3 4 4 1 1 4 4 2 2 4 4 4 4 2 4 1 3 0 0 0 0 3 1 4 4 4 4 4 4 0 0 2 2 1 1 2 2 2 2 3 3 2 2 3 3 1 2 4 4 3 3 1 1 3 3 0 0 2 4 1 2 3 1 3 4 3 4 3 2 0 0 2 2 4 4 1 1 0 0 0 0 1 1 4 4 2 2 2 2 1 1 3 1 2 4 4 2 0 0 0 0 0 0 2 2 4 1 0 0 0 0 0 0 4 4 3 3 1 1 4 4 4 4 2 2 3 3 3 3 4 4 3 1 3 3 2 2 0 0 1 4 0 0 4 4 4 4 2 2 3 3 1 1 3 3 3 3 0 0 3 3 3 3 0 0 4 4 0 0 3 3 4 3 1 1 4 2 0 0 3 1 1 1 0 0 3 3 3 1 2 2 2 4 4 4 4 4 2 3 3 1 2 2 1 1 2 2 4 2 3 3 0 0 0 0 0 0 3 3 2 2 3 3
ROC_TOJ_2017_020 1 1 2 2 2 2 1 1 4 4 3 3 4 4 4 3 4 4 3 1 3 3 4 4 1 1 4 4 2 2 4 2 4 4 2 4 1 3 4 4 3 3 3 3 4 4 4 4 4 4 4 4 2 2 3 3 2 4 2 1 3 1 4 2 1 3 1 2 4 4 3 1 1 1 3 3 4 4 2 4 1 2 3 1 3 4 3 4 3 2 1 4 2 2 4 4 1 1 2 2 1 1 1 3 4 4 2 2 4 4 1 1 3 3 2 2 4 4 2 3 4 4 3 3 2 2 4 4 1 1 2 2 2 2 4 4 3 3 1 1 4 4 4 4 2 2 3 3 3 4 4 4 3 3 3 3 2 1 3 3 1 4 2 3 4 4 4 4 2 2 3 3 1 3 3 3 3 3 3 3 3 3 1 3 1 3 4 4 1 4 3 3 4 4 1 1 2 2 1 1 3 3 1 1 4 4 3 4 1 1 2 2 2 2 4 4 4 4 2 3 3 1 2 4 1 2 2 4 4 2 3 3 1 1 4 4 2 2 3 3 2 2 3 3
ROC_TOJ_2017_021 2 1 2 2 2 2 1 1 4 4 3 3 0 0 4 4 4 3 3 1 3 3 4 4 1 1 4 4 2 2 2 2 4 4 2 2 1 1 4 4 3 3 3 1 4 1 4 3 4 4 4 4 2 2 1 3 0 0 0 0 3 1 2 2 3 3 1 1 4 4 3 3 1 1 3 3 4 4 2 4 1 2 3 1 3 4 3 4 3 2 1 1 2 2 1 1 1 1 2 2 1 1 1 1 4 4 2 2 2 2 3 3 3 1 2 4 4 2 0 0 4 4 3 2 2 2 4 4 2 2 2 2 2 3 4 3 3 4 1 3 4 3 4 2 2 2 3 3 3 3 4 4 3 1 3 3 2 2 3 3 1 1 2 2 4 4 4 4 2 2 3 3 1 3 3 3 3 3 3 3 3 3 1 3 1 1 4 4 0 0 3 3 4 4 1 4 4 2 4 1 3 3 1 1 4 4 3 3 1 1 2 4 2 2 4 4 4 4 2 2 3 1 2 2 1 2 2 2 2 2 1 1 1 1 4 4 2 2 3 3 2 2 3 3
ROC_TOJ_2017_023 1 1 2 2 0 0 1 1 4 4 3 3 4 4 3 3 4 4 3 1 3 3 4 4 1 1 4 4 2 2 4 4 4 4 2 2 1 1 4 4 3 3 3 1 4 4 4 4 4 4 4 4 2 2 1 3 4 4 1 1 1 1 2 2 3 3 1 1 4 2 3 3 1 1 3 3 4 4 2 4 1 2 3 1 3 4 3 4 3 2 1 1 2 2 4 1 1 1 2 2 1 1 1 1 4 4 2 2 2 2 1 3 3 1 2 4 4 2 2 2 4 4 3 2 2 2 4 4 2 2 2 2 2 3 4 3 3 4 1 3 4 3 4 2 2 2 3 3 3 3 0 0 3 3 3 3 2 1 3 3 1 1 2 2 4 4 4 4 2 2 3 3 1 3 3 3 3 3 3 3 3 3 1 3 1 1 4 4 1 1 3 3 4 4 1 1 4 4 1 1 3 3 1 4 4 4 3 4 3 1 2 4 2 2 4 4 4 4 2 2 3 1 2 2 2 2 2 2 4 2 3 3 1 1 4 4 2 2 3 3 2 2 3 3
ROC_TOJ_2017_025 2 1 2 2 2 1 0 0 4 4 3 3 4 4 4 4 4 3 3 1 3 3 4 4 1 1 4 4 2 2 4 2 4 4 2 4 1 3 4 4 3 3 3 3 4 4 4 4 4 4 4 4 2 2 1 3 2 2 2 2 3 3 2 2 3 3 1 1 4 2 3 3 1 1 3 3 4 2 2 4 1 2 3 1 3 4 3 4 3 2 1 1 2 2 4 4 1 1 2 2 1 1 1 1 4 4 2 2 2 2 1 1 3 3 2 2 4 4 0 0 4 4 3 3 2 4 4 4 2 2 2 2 2 3 4 3 3 4 1 3 4 3 4 2 2 2 3 3 3 3 4 4 3 3 3 3 2 2 3 3 1 1 2 2 4 4 4 4 0 0 3 3 1 3 3 1 3 1 3 3 3 3 1 3 1 3 4 4 1 1 3 3 3 3 1 1 4 2 4 4 3 3 1 1 4 2 3 3 3 1 2 2 2 2 4 4 4 4 2 2 3 1 2 2 1 2 2 2 4 2 3 3 1 1 4 4 2 2 3 3 2 2 3 3
ROC_TOJ_2017_026 2 1 0 0 0 0 0 0 0 0 0 0 4 4 4 3 0 0 3 1 0 0 4 4 1 1 4 4 2 2 2 2 4 4 2 4 1 3 4 4 3 3 3 3 4 4 4 4 4 4 0 0 2 2 0 0 2 4 2 1 3 1 0 0 0 0 0 0 4 2 3 1 0 0 3 3 4 2 2 4 1 2 3 1 3 4 3 4 3 2 1 4 0 0 0 0 0 0 2 2 1 1 1 1 4 4 2 2 0 0 0 0 3 3 2 2 4 4 2 2 4 4 3 2 0 0 0 0 1 1 2 1 2 3 4 3 3 4 1 3 4 3 4 2 2 2 3 3 0 0 0 0 3 1 3 3 2 1 3 3 1 4 2 2 4 4 4 4 2 2 0 0 3 3 3 3 3 3 0 0 3 3 0 0 1 1 0 0 1 1 0 0 4 4 1 1 4 4 1 1 3 3 1 1 0 0 3 3 3 1 2 4 2 2 4 4 4 4 2 2 3 1 2 4 1 1 2 2 2 2 3 3 1 4 0 0 0 0 0 0 0 0 0 0
ROC_TOJ_2017_030 2 2 2 2 2 1 1 2 4 4 3 3 4 4 4 4 4 4 3 1 3 1 4 4 1 1 4 4 2 2 4 2 4 4 2 4 1 3 4 4 3 3 0 0 4 4 4 4 4 4 4 4 2 2 3 3 2 4 2 1 3 1 0 0 1 3 1 1 4 4 3 3 1 3 3 3 4 4 2 4 1 2 3 1 3 4 3 4 3 2 1 4 2 2 4 1 1 1 2 2 1 1 1 1 4 4 2 2 2 2 1 1 3 3 2 2 4 4 2 2 4 4 3 2 2 4 4 4 2 1 2 2 2 3 4 3 3 4 1 3 4 3 4 2 2 4 0 0 3 3 4 4 3 3 2 2 1 1 3 3 1 1 2 2 4 4 4 4 2 2 3 3 1 3 3 1 3 3 3 1 3 3 1 3 1 1 4 4 1 1 3 3 4 4 1 1 4 2 4 1 3 3 1 1 4 2 3 3 1 1 2 2 2 4 4 3 4 3 2 2 3 1 2 2 1 1 2 4 4 4 3 3 1 1 4 4 2 2 3 3 2 2 3 3
ROC_TOJ_2017_032 2 2 2 2 2 2 1 1 4 4 3 3 4 4 3 3 4 3 3 1 3 3 4 4 1 1 4 4 2 2 2 2 4 4 0 0 0 0 4 4 3 3 3 3 4 4 4 4 4 4 4 4 2 2 1 3 2 2 2 2 3 3 4 2 1 3 1 1 4 4 3 3 1 1 3 3 4 2 2 4 1 2 3 1 3 4 3 3 3 3 0 0 2 2 4 1 1 2 2 1 1 4 1 1 4 4 2 2 2 2 1 3 3 3 2 2 4 4 2 3 4 4 0 0 2 2 4 4 2 1 2 2 2 2 4 4 3 3 1 1 4 4 4 4 2 2 3 3 3 3 4 4 3 3 3 3 2 1 3 3 1 1 0 0 4 4 4 4 2 2 3 3 3 3 3 3 3 3 3 3 3 3 1 1 1 1 4 4 1 1 3 3 4 4 0 0 4 4 4 1 3 3 1 4 4 4 3 4 1 1 2 4 2 4 4 4 4 4 2 2 3 3 2 2 1 2 2 2 4 4 3 3 1 1 4 4 2 2 3 3 2 4 3 4
ROC_TOJ_2017_036 2 2 2 2 2 2 1 1 4 4 3 3 4 4 4 3 4 4 3 1 3 3 4 4 1 1 4 4 2 2 4 2 4 4 2 2 1 1 4 4 3 3 3 1 4 4 4 4 4 4 4 4 2 2 3 3 2 4 2 1 3 1 2 2 3 3 1 1 4 2 3 1 1 1 3 3 4 2 2 4 1 2 3 1 3 4 3 4 3 2 1 4 2 4 4 4 1 1 2 2 1 1 1 1 4 4 2 2 2 2 1 1 3 3 2 2 4 4 2 2 4 4 3 2 2 4 4 4 1 1 2 2 2 2 4 4 3 3 1 1 4 4 4 4 2 4 3 3 3 3 4 4 3 1 3 2 2 2 3 4 1 1 2 2 4 4 4 4 0 0 3 3 1 3 3 3 3 3 3 3 3 3 1 3 1 1 4 4 1 1 3 3 4 4 1 1 4 2 4 1 3 3 1 1 4 2 3 4 1 1 2 2 2 2 4 4 4 4 2 2 3 1 2 2 1 2 2 4 4 4 1 1 1 1 4 1 2 4 3 3 2 4 3 4
ROC_TOJ_2017_037 2 2 2 2 2 2 1 1 4 4 3 3 4 4 4 3 4 3 3 1 3 3 4 4 1 1 4 4 2 2 4 4 4 4 2 2 1 1 4 4 3 3 3 1 4 4 4 4 4 4 4 4 2 2 3 3 4 4 1 1 1 1 2 2 3 3 1 1 4 4 3 3 1 1 3 1 4 2 2 4 1 2 3 1 3 4 3 4 3 2 1 1 2 2 4 4 1 1 2 2 1 1 1 1 4 4 2 2 2 2 1 1 3 1 2 4 4 2 2 3 4 4 0 0 2 2 4 4 2 2 2 2 2 2 4 4 3 3 1 1 4 4 4 4 2 2 3 2 3 3 4 4 3 3 3 3 1 1 3 3 1 1 2 2 4 4 4 4 0 0 3 3 1 3 3 3 3 3 3 3 3 3 1 3 1 1 4 4 1 1 3 3 0 0 1 1 4 4 1 1 3 3 1 1 4 4 3 3 1 1 2 2 2 2 4 4 4 4 2 3 3 1 2 2 1 2 2 2 2 2 3 3 0 0 4 4 2 2 0 0 2 4 3 4
ROC_TOJ_2017_040 2 2 2 4 2 1 1 1 4 3 3 3 4 1 4 4 4 3 3 1 3 3 4 4 1 1 4 4 2 2 4 2 4 4 2 4 1 3 4 4 3 3 3 1 4 4 4 4 4 4 4 4 2 2 1 3 0 0 0 0 0 0 2 2 3 3 1 1 4 2 3 3 1 1 0 0 4 4 2 4 1 2 3 1 0 0 0 0 0 0 0 0 2 4 4 1 1 1 2 1 1 4 1 1 4 2 2 2 2 4 1 1 3 1 2 4 4 2 2 2 0 0 0 0 2 2 4 4 2 1 2 2 2 3 4 3 3 4 1 3 4 3 4 2 2 2 3 3 4 4 4 4 0 0 2 2 2 2 0 0 1 1 2 3 0 0 4 4 2 1 3 4 3 3 3 1 3 3 3 3 3 1 1 1 1 1 4 4 1 1 3 2 4 4 1 1 4 4 1 1 3 3 1 1 4 2 3 4 1 1 2 2 2 2 4 4 4 4 2 3 3 1 2 2 1 1 2 4 4 2 0 0 1 1 0 0 0 0 3 3 2 4 3 4
ROC_TOJ_2017_044 2 1 2 2 2 2 1 1 4 4 3 3 0 0 4 3 4 3 3 1 3 3 4 4 1 1 4 4 2 2 4 2 4 4 2 4 1 3 4 1 3 3 3 1 4 4 4 4 4 1 4 2 2 2 0 0 4 4 1 1 1 1 2 2 3 3 0 0 4 4 3 3 1 1 3 3 4 2 2 4 1 2 3 1 3 4 3 4 3 2 1 1 2 4 4 1 1 1 2 2 1 1 1 1 4 4 2 2 2 2 1 1 3 3 2 2 4 4 0 0 4 4 3 3 2 2 4 4 1 1 2 2 2 2 4 4 3 3 1 1 4 4 4 4 2 4 3 3 3 3 4 4 3 3 3 2 2 2 3 3 1 1 2 2 4 4 4 4 2 2 3 3 1 3 3 3 3 3 3 3 3 3 1 3 1 1 4 4 1 1 3 3 4 4 1 1 2 2 4 1 3 3 1 1 4 2 3 4 1 1 2 2 2 2 4 4 4 4 2 2 3 1 2 2 1 2 2 2 4 2 3 1 0 0 4 1 2 4 3 3 2 2 0 0
ROC_TOJ_2017_046 2 1 2 2 0 0 0 0 0 0 3 3 4 4 4 3 4 4 3 1 3 3 4 2 1 4 4 2 2 4 2 2 4 4 2 2 1 1 4 4 3 1 3 1 0 0 4 4 4 4 4 4 2 2 1 3 2 2 2 2 3 3 2 2 3 3 1 1 0 0 3 3 1 1 3 3 4 2 2 4 1 2 3 1 3 4 0 0 0 0 1 1 2 4 4 4 1 1 2 2 1 1 1 1 4 4 2 4 2 4 1 1 3 1 2 4 4 2 2 2 0 0 3 3 2 2 0 0 0 0 2 2 2 3 4 3 3 4 1 3 4 3 4 2 2 4 3 3 3 4 4 1 3 3 3 3 2 1 3 3 1 1 2 2 4 4 4 4 2 2 3 3 1 1 3 3 3 3 0 0 3 3 1 3 1 1 4 4 1 1 3 3 4 3 1 1 4 4 4 1 3 3 1 1 4 4 3 3 1 1 2 2 0 0 4 4 4 4 2 2 3 1 2 4 2 2 2 2 4 4 3 3 1 4 4 4 2 2 3 4 2 4 3 4
ROC_TOJ_2017_050 2 2 2 2 2 1 0 0 4 4 3 3 4 4 4 3 4 3 3 1 3 3 4 4 1 1 4 4 2 4 2 2 4 1 2 2 1 1 4 4 3 3 3 3 4 4 4 4 4 4 4 4 2 4 1 3 2 4 2 1 3 1 2 2 3 3 1 1 4 4 3 3 1 1 3 3 2 2 2 4 1 2 3 1 3 4 3 4 3 2 1 1 2 2 1 1 1 1 2 2 1 1 1 1 4 4 2 2 2 4 1 1 3 1 2 4 4 2 2 2 4 4 3 3 2 2 4 4 2 1 2 2 2 3 4 3 3 4 1 3 4 3 4 2 2 2 3 3 3 3 4 4 3 1 3 3 2 1 3 3 1 4 2 2 4 4 4 2 2 2 3 3 3 3 3 3 3 3 3 1 3 3 1 1 1 3 4 2 1 1 3 3 4 4 1 1 4 4 4 1 3 3 1 1 4 4 3 3 3 1 2 2 2 4 4 3 4 3 2 2 3 1 2 2 1 1 2 2 4 4 3 1 1 1 4 4 2 2 3 3 2 4 3 4


0 0
0 0




0 0
0 0
0
0
0
0
0
0
