   1:   0.1763  0.3516  0.4720  1
   2:   0.1794  0.3472  0.4733  1
   3:   0.1775  0.3502  0.4724  1
   4:   0.1793  0.3477  0.4730  1
   5:   0.1788  0.3480  0.4731  1
   6:   0.1764  0.3524  0.4712  1
   7:   0.1755  0.3532  0.4713  1
   8:   0.1791  0.3482  0.4727  1
   9:   0.1774  0.3506  0.4720  1
  10:   0.1785  0.3489  0.4726  1
  11:   0.1768  0.3509  0.4723  1
  12:   0.1781  0.3489  0.4730  1
  13:   0.1776  0.3498  0.4726  1
  14:   0.1756  0.3535  0.4710  1
  15:   0.1763  0.3516  0.4721  1
  16:   0.1772  0.3503  0.4725  1
  17:   0.1769  0.3506  0.4725  1
  18:   0.1803  0.3463  0.4735  1
  19:   0.1800  0.3464  0.4736  1
  20:   0.1826  0.3424  0.4750  1
  21:   0.1786  0.3485  0.4729  1
  22:   0.1764  0.3518  0.4718  1
  23:   0.1775  0.3502  0.4724  1
  24:   0.1769  0.3509  0.4722  1
  25:   0.1772  0.3502  0.4726  1
  26:   0.1759  0.3523  0.4718  1
  27:   0.1770  0.3501  0.4729  1
  28:   0.1776  0.3495  0.4728  1
  29:   0.1767  0.3511  0.4722  1
  30:   0.1761  0.3512  0.4727  1
  31:   0.1789  0.3466  0.4745  1
  32:   0.1781  0.3486  0.4733  1
  33:   0.1781  0.3476  0.4743  1
  34:   0.1800  0.3454  0.4746  1
  35:   0.1743  0.3541  0.4717  1
  36:   0.1832  0.3398  0.4770  1
  37:   0.1770  0.3496  0.4734  1
  38:   0.1788  0.3474  0.4738  1
  39:   0.1787  0.3478  0.4735  1
  40:   0.1824  0.3401  0.4775  1
  41:   0.1761  0.3509  0.4730  1
  42:   0.1806  0.3443  0.4751  1
  43:   0.1789  0.3462  0.4749  1
  44:   0.1779  0.3472  0.4749  1
  45:   0.1790  0.3466  0.4744  1
  46:   0.1827  0.3406  0.4766  1
  47:   0.1787  0.3465  0.4748  1
  48:   0.1800  0.3442  0.4757  1
  49:   0.1746  0.3527  0.4727  1
  50:   0.1829  0.3396  0.4774  1
  51:   0.1749  0.3518  0.4733  1
  52:   0.8787  0.0000  0.1213  1
  53:   0.8661  0.0000  0.1339  1
  54:   0.8476  0.0003  0.1521  1
  55:   0.8830  0.0000  0.1170  1
  56:   0.8800  0.0000  0.1200  1
  57:   0.8803  0.0000  0.1197  1
  58:   0.8802  0.0000  0.1198  1
  59:   0.8872  0.0000  0.1128  1
  60:   0.8765  0.0000  0.1235  1
  61:   0.8737  0.0036  0.1227  1
  62:   0.8715  0.0000  0.1285  1
  63:   0.8729  0.0000  0.1271  1
  64:   0.8663  0.0037  0.1300  1
  65:   0.8673  0.0000  0.1327  1
  66:   0.8792  0.0000  0.1208  1
  67:   0.8810  0.0000  0.1190  1
  68:   0.8473  0.0000  0.1527  1
  69:   0.8515  0.0001  0.1484  1
  70:   0.8670  0.0000  0.1330  1
  71:   0.8751  0.0000  0.1249  1
  72:   0.8740  0.0000  0.1260  1
  73:   0.8780  0.0000  0.1220  1
  74:   0.8660  0.0000  0.1340  1
  75:   0.8591  0.0000  0.1409  1
  76:   0.8494  0.0000  0.1506  1
  77:   0.8739  0.0000  0.1261  1
  78:   0.8565  0.0000  0.1435  1
  79:   0.8598  0.0037  0.1366  1
  80:   0.8791  0.0003  0.1206  1
  81:   0.8642  0.0000  0.1358  1
  82:   0.8846  0.0000  0.1154  1
  83:   0.8681  0.0016  0.1303  1
  84:   0.8309  0.0000  0.1691  1
  85:   0.8591  0.0000  0.1409  1
  86:   0.8535  0.0000  0.1465  1
  87:   0.8681  0.0000  0.1319  1
  88:   0.8490  0.0000  0.1510  1
  89:   0.8509  0.0000  0.1491  1
  90:   0.8417  0.0000  0.1583  1
  91:   0.8714  0.0012  0.1274  1
  92:   0.8651  0.0000  0.1349  1
  93:   0.8599  0.0003  0.1398  1
  94:   0.8768  0.0000  0.1232  1
  95:   0.8532  0.0000  0.1468  1
  96:   0.8592  0.0000  0.1408  1
  97:   0.8542  0.0000  0.1458  1
  98:   0.8560  0.0000  0.1440  1
  99:   0.8490  0.0005  0.1505  1
 100:   0.8629  0.0000  0.1371  1
 101:   0.8475  0.0000  0.1525  1
 102:   0.8661  0.0000  0.1339  1
 103:   0.8483  0.0000  0.1517  1
 104:   0.8513  0.0000  0.1487  1
 105:   0.8626  0.0000  0.1374  1
 106:   0.8601  0.0000  0.1399  1
 107:   0.8662  0.0000  0.1338  1
 108:   0.8592  0.0000  0.1408  1
 109:   0.8520  0.0001  0.1479  1
 110:   0.8631  0.0000  0.1369  1
 111:   0.8669  0.0000  0.1331  1
 112:   0.8514  0.0000  0.1486  1
 113:   0.8416  0.0004  0.1580  1
 114:   0.8492  0.0002  0.1507  1
 115:   0.8462  0.0004  0.1533  1
 116:   0.8649  0.0000  0.1351  1
 117:   0.8378  0.0001  0.1622  1
 118:   0.8648  0.0042  0.1310  1
 119:   0.8542  0.0034  0.1424  1
 120:   0.8564  0.0027  0.1409  1
 121:   0.8538  0.0009  0.1453  1
 122:   0.8424  0.0015  0.1561  1
 123:   0.8538  0.0019  0.1443  1
 124:   0.9974  0.0000  0.0026  1
 125:   1.0000  0.0000  0.0000  1
 126:   0.9985  0.0000  0.0015  1
 127:   1.0000  0.0000  0.0000  1
 128:   1.0000  0.0000  0.0000  1
 129:   1.0000  0.0000  0.0000  1
 130:   1.0000  0.0000  0.0000  1
 131:   0.9979  0.0000  0.0021  1
 132:   1.0000  0.0000  0.0000  1
 133:   0.9998  0.0000  0.0002  1
 134:   1.0000  0.0000  0.0000  1
 135:   0.9985  0.0000  0.0015  1
 136:   1.0000  0.0000  0.0000  1
 137:   1.0000  0.0000  0.0000  1
 138:   0.9998  0.0000  0.0002  1
 139:   0.9907  0.0000  0.0093  1
 140:   0.9985  0.0000  0.0015  1
 141:   1.0000  0.0000  0.0000  1
 142:   0.9936  0.0016  0.0048  1
 143:   0.9800  0.0010  0.0191  1
 144:   1.0000  0.0000  0.0000  1
 145:   0.9734  0.0042  0.0224  1
 146:   0.9769  0.0012  0.0219  1
 147:   0.9776  0.0024  0.0200  1
 148:   0.9959  0.0006  0.0035  1
 149:   0.9757  0.0020  0.0223  1
 150:   0.9855  0.0014  0.0132  1
 151:   0.9869  0.0006  0.0125  1
 152:   0.9879  0.0008  0.0113  1
 153:   0.9774  0.0000  0.0226  1
 154:   0.9854  0.0009  0.0137  1
 155:   0.9824  0.0027  0.0149  1
 156:   0.9739  0.0045  0.0216  1
 157:   0.9905  0.0000  0.0095  1
 158:   0.9767  0.0000  0.0233  1
 159:   0.9718  0.0000  0.0282  1
 160:   0.9849  0.0002  0.0149  1
 161:   0.9665  0.0055  0.0280  1
 162:   0.9455  0.0021  0.0524  1
 163:   0.9278  0.0089  0.0633  1
 164:   0.9747  0.0015  0.0237  1
 165:   0.9471  0.0087  0.0442  1
 166:   0.9352  0.0004  0.0644  1
 167:   0.9931  0.0000  0.0069  1
 168:   0.9901  0.0035  0.0064  1
 169:   0.9765  0.0046  0.0190  1
 170:   0.9935  0.0002  0.0063  1
 171:   0.9876  0.0018  0.0105  1
 172:   0.9876  0.0004  0.0120  1
 173:   0.9869  0.0000  0.0131  1
 174:   0.9948  0.0000  0.0052  1
 175:   0.9204  0.0007  0.0789  1
 176:   0.9292  0.0001  0.0707  1
 177:   0.6533  0.2141  0.1326  1
 178:   0.9063  0.0027  0.0910  1
 179:   0.9140  0.0024  0.0836  1
 180:   0.6337  0.2307  0.1355  1
 181:   0.6861  0.1823  0.1316  1
 182:   0.6941  0.1840  0.1219  1
 183:   0.7089  0.1761  0.1149  1
 184:   0.7055  0.1717  0.1229  1
 185:   0.9225  0.0000  0.0775  1
 186:   0.6645  0.2098  0.1258  1
 187:   0.9159  0.0050  0.0791  1
 188:   0.6366  0.2246  0.1388  1
 189:   0.9137  0.0002  0.0861  1
 190:   0.9157  0.0000  0.0843  1
 191:   0.6417  0.2217  0.1366  1
 192:   0.9276  0.0002  0.0722  1
 193:   0.9149  0.0014  0.0836  1
 194:   0.9520  0.0025  0.0455  1
 195:   0.9333  0.0366  0.0301  1
 196:   0.9759  0.0010  0.0231  1
 197:   0.9965  0.0009  0.0026  1
 198:   0.9536  0.0209  0.0255  1
 199:   1.0000  0.0000  0.0000  1
 200:   1.0000  0.0000  0.0000  1
 201:   0.8495  0.1046  0.0459  1
 202:   0.9997  0.0002  0.0000  1
 203:   0.9997  0.0001  0.0002  1
 204:   1.0000  0.0000  0.0000  1
 205:   1.0000  0.0000  0.0000  1
 206:   0.9996  0.0000  0.0004  1
 207:   1.0000  0.0000  0.0000  1
 208:   1.0000  0.0000  0.0000  1
 209:   0.9968  0.0000  0.0032  1
 210:   0.9986  0.0000  0.0014  1
 211:   1.0000  0.0000  0.0000  1
 212:   0.9931  0.0049  0.0020  1
 213:   0.9883  0.0000  0.0117  1
 214:   0.9979  0.0000  0.0021  1
 215:   0.9979  0.0000  0.0021  1
 216:   1.0000  0.0000  0.0000  1
 217:   1.0000  0.0000  0.0000  1
 218:   0.9965  0.0001  0.0034  1
 219:   0.9810  0.0036  0.0154  1
 220:   0.9961  0.0000  0.0039  1
 221:   0.9969  0.0000  0.0031  1
 222:   1.0000  0.0000  0.0000  1
 223:   0.9986  0.0000  0.0014  1
 224:   0.9924  0.0000  0.0076  1
 225:   0.9973  0.0000  0.0027  1
 226:   0.9705  0.0007  0.0288  1
 227:   0.9932  0.0003  0.0066  1
 228:   1.0000  0.0000  0.0000  1
 229:   0.9833  0.0003  0.0164  1
 230:   0.9993  0.0000  0.0007  1
 231:   0.9944  0.0038  0.0018  1
 232:   0.9979  0.0014  0.0007  1
 233:   0.9850  0.0060  0.0090  1
 234:   0.9932  0.0049  0.0019  1
 235:   0.9978  0.0013  0.0009  1
 236:   0.9933  0.0000  0.0067  1
 237:   0.9981  0.0000  0.0019  1
 238:   0.9918  0.0000  0.0082  1
 239:   0.9932  0.0011  0.0057  1
 240:   1.0000  0.0000  0.0000  1
 241:   0.9953  0.0015  0.0032  1
 242:   0.9474  0.0005  0.0521  1
 243:   0.9768  0.0000  0.0232  1
 244:   0.9987  0.0007  0.0005  1
 245:   1.0000  0.0000  0.0000  1
 246:   0.9948  0.0006  0.0047  1
 247:   0.9953  0.0029  0.0018  1
 248:   0.9930  0.0000  0.0070  1
 249:   0.9947  0.0000  0.0053  1
 250:   0.9845  0.0000  0.0155  1
 251:   0.9987  0.0007  0.0006  1
 252:   1.0000  0.0000  0.0000  1
 253:   1.0000  0.0000  0.0000  1
 254:   0.9916  0.0058  0.0025  1
 255:   1.0000  0.0000  0.0000  1
 256:   0.9949  0.0003  0.0048  1
 257:   1.0000  0.0000  0.0000  1
 258:   0.9991  0.0000  0.0008  1
 259:   0.9979  0.0006  0.0015  1
 260:   0.9829  0.0040  0.0132  1
 261:   0.9986  0.0010  0.0004  1
 262:   1.0000  0.0000  0.0000  1
 263:   0.9971  0.0004  0.0025  1
 264:   0.9944  0.0004  0.0053  1
 265:   0.9934  0.0000  0.0066  1
 266:   0.9992  0.0001  0.0007  1
 267:   0.9908  0.0066  0.0027  1
 268:   0.9960  0.0029  0.0012  1
 269:   0.9948  0.0013  0.0039  1
 270:   0.9552  0.0101  0.0347  1
 271:   0.9932  0.0022  0.0047  1
 272:   0.9880  0.0019  0.0102  1
 273:   1.0000  0.0000  0.0000  1
 274:   1.0000  0.0000  0.0000  1
 275:   0.9996  0.0000  0.0004  1
 276:   0.9982  0.0002  0.0016  1
 277:   0.9966  0.0000  0.0034  1
 278:   0.9987  0.0009  0.0004  1
 279:   0.9948  0.0034  0.0019  1
 280:   0.9994  0.0005  0.0001  1
 281:   0.9934  0.0043  0.0024  1
 282:   0.9946  0.0023  0.0031  1
 283:   0.9930  0.0048  0.0022  1
 284:   0.9882  0.0060  0.0058  1
 285:   0.9829  0.0097  0.0074  1
 286:   0.9996  0.0002  0.0003  1
 287:   1.0000  0.0000  0.0000  1
 288:   0.9997  0.0000  0.0003  1
 289:   0.9959  0.0011  0.0030  1
 290:   0.9956  0.0000  0.0044  1
 291:   0.9872  0.0000  0.0128  1
 292:   0.9966  0.0000  0.0034  1
 293:   1.0000  0.0000  0.0000  1
 294:   0.9995  0.0000  0.0005  1
 295:   1.0000  0.0000  0.0000  1
 296:   0.9986  0.0000  0.0013  1
 297:   0.9860  0.0000  0.0140  1
 298:   0.9893  0.0000  0.0107  1
 299:   0.9971  0.0000  0.0029  1
 300:   0.9933  0.0003  0.0064  1
 301:   1.0000  0.0000  0.0000  1
 302:   0.9871  0.0048  0.0081  1
 303:   0.9840  0.0058  0.0102  1
 304:   0.9987  0.0010  0.0004  1
 305:   0.9979  0.0015  0.0006  1
 306:   1.0000  0.0000  0.0000  1
 307:   0.9941  0.0000  0.0059  1
 308:   1.0000  0.0000  0.0000  1
 309:   0.9975  0.0000  0.0025  1
 310:   1.0000  0.0000  0.0000  1
 311:   0.9939  0.0000  0.0061  1
 312:   0.9975  0.0000  0.0025  1
 313:   0.9681  0.0012  0.0307  1
 314:   1.0000  0.0000  0.0000  1
 315:   1.0000  0.0000  0.0000  1
 316:   0.9940  0.0000  0.0060  1
 317:   0.9990  0.0000  0.0010  1
 318:   1.0000  0.0000  0.0000  1
 319:   1.0000  0.0000  0.0000  1
 320:   1.0000  0.0000  0.0000  1
 321:   0.9985  0.0000  0.0015  1
 322:   1.0000  0.0000  0.0000  1
 323:   0.9991  0.0000  0.0009  1
 324:   1.0000  0.0000  0.0000  1
 325:   0.9976  0.0016  0.0008  1
 326:   0.9982  0.0011  0.0007  1
 327:   0.9983  0.0008  0.0009  1
 328:   0.9998  0.0000  0.0002  1
 329:   1.0000  0.0000  0.0000  1
 330:   1.0000  0.0000  0.0000  1
 331:   0.9993  0.0000  0.0007  1
 332:   1.0000  0.0000  0.0000  1
 333:   0.9992  0.0000  0.0008  1
 334:   1.0000  0.0000  0.0000  1
 335:   1.0000  0.0000  0.0000  1
 336:   1.0000  0.0000  0.0000  1
 337:   0.9985  0.0000  0.0015  1
 338:   0.9995  0.0000  0.0005  1
 339:   1.0000  0.0000  0.0000  1
 340:   0.9974  0.0000  0.0026  1
 341:   1.0000  0.0000  0.0000  1
 342:   1.0000  0.0000  0.0000  1
 343:   1.0000  0.0000  0.0000  1
 344:   1.0000  0.0000  0.0000  1
 345:   1.0000  0.0000  0.0000  1
 346:   0.9993  0.0000  0.0007  1
 347:   1.0000  0.0000  0.0000  1
 348:   0.9981  0.0000  0.0019  1
 349:   0.9972  0.0000  0.0028  1
 350:   0.9936  0.0030  0.0034  1
 351:   0.9877  0.0049  0.0074  1
 352:   0.9998  0.0000  0.0002  1
 353:   0.9913  0.0020  0.0067  1
 354:   0.9936  0.0035  0.0029  1
 355:   0.9944  0.0039  0.0017  1
 356:   0.9986  0.0010  0.0004  1
 357:   0.9996  0.0002  0.0002  1
 358:   0.9968  0.0023  0.0009  1
 359:   0.9959  0.0019  0.0022  1
 360:   0.9990  0.0000  0.0010  1
 361:   0.9872  0.0049  0.0079  1
 362:   0.9950  0.0025  0.0025  1
 363:   0.8057  0.0012  0.1931  1
 364:   0.8066  0.0014  0.1920  1
 365:   0.8767  0.0037  0.1196  1
 366:   0.9973  0.0000  0.0027  1
 367:   0.9993  0.0000  0.0007  1
 368:   1.0000  0.0000  0.0000  1
 369:   1.0000  0.0000  0.0000  1
 370:   0.9907  0.0067  0.0025  1
 371:   0.9996  0.0002  0.0002  1
 372:   0.9949  0.0006  0.0045  1
 373:   1.0000  0.0000  0.0000  1
 374:   1.0000  0.0000  0.0000  1
 375:   1.0000  0.0000  0.0000  1
 376:   1.0000  0.0000  0.0000  1
 377:   0.9950  0.0024  0.0026  1
 378:   0.9990  0.0004  0.0007  1
 379:   0.9956  0.0021  0.0023  1
 380:   1.0000  0.0000  0.0000  1
 381:   1.0000  0.0000  0.0000  1
 382:   0.9892  0.0026  0.0082  1
 383:   1.0000  0.0000  0.0000  1
 384:   1.0000  0.0000  0.0000  1
 385:   0.9998  0.0000  0.0002  1
 386:   0.9993  0.0000  0.0007  1
 387:   1.0000  0.0000  0.0000  1
 388:   0.9970  0.0017  0.0013  1
 389:   0.9980  0.0000  0.0020  1
 390:   1.0000  0.0000  0.0000  1
 391:   0.9977  0.0000  0.0023  1
 392:   0.9963  0.0016  0.0021  1
 393:   1.0000  0.0000  0.0000  1
 394:   0.9992  0.0000  0.0008  1
 395:   0.9968  0.0000  0.0032  1
 396:   1.0000  0.0000  0.0000  1
 397:   0.9995  0.0000  0.0005  1
 398:   1.0000  0.0000  0.0000  1
 399:   0.9955  0.0000  0.0045  1
 400:   1.0000  0.0000  0.0000  1
 401:   0.9852  0.0000  0.0148  1
 402:   0.9960  0.0000  0.0040  1
 403:   0.9998  0.0000  0.0002  1
 404:   0.9990  0.0000  0.0010  1
 405:   0.9943  0.0000  0.0057  1
 406:   0.9945  0.0000  0.0055  1
 407:   0.9989  0.0000  0.0011  1
 408:   1.0000  0.0000  0.0000  1
 409:   0.9971  0.0000  0.0029  1
 410:   0.9890  0.0000  0.0110  1
 411:   1.0000  0.0000  0.0000  1
 412:   0.9992  0.0000  0.0008  1
 413:   0.9957  0.0031  0.0012  1
 414:   1.0000  0.0000  0.0000  1
 415:   1.0000  0.0000  0.0000  1
 416:   1.0000  0.0000  0.0000  1
 417:   0.9972  0.0010  0.0018  1
 418:   0.9989  0.0007  0.0004  1
 419:   1.0000  0.0000  0.0000  1
 420:   1.0000  0.0000  0.0000  1
 421:   1.0000  0.0000  0.0000  1
 422:   1.0000  0.0000  0.0000  1
 423:   0.9997  0.0001  0.0002  1
 424:   1.0000  0.0000  0.0000  1
 425:   1.0000  0.0000  0.0000  1
 426:   1.0000  0.0000  0.0000  1
 427:   0.9990  0.0007  0.0003  1
 428:   1.0000  0.0000  0.0000  1
 429:   0.9965  0.0025  0.0010  1
 430:   0.9961  0.0016  0.0023  1
 431:   0.9977  0.0016  0.0006  1
 432:   0.9915  0.0000  0.0085  1
 433:   1.0000  0.0000  0.0000  1
 434:   0.9912  0.0000  0.0088  1
 435:   1.0000  0.0000  0.0000  1
 436:   1.0000  0.0000  0.0000  1
 437:   1.0000  0.0000  0.0000  1
 438:   0.9978  0.0016  0.0006  1
 439:   0.9933  0.0000  0.0067  1
 440:   0.9955  0.0008  0.0037  1
 441:   0.9968  0.0013  0.0019  1
 442:   0.9841  0.0004  0.0155  1
 443:   0.9929  0.0040  0.0032  1
 444:   0.9854  0.0036  0.0111  1
 445:   0.9970  0.0000  0.0030  1
 446:   0.9951  0.0000  0.0049  1
 447:   0.9913  0.0007  0.0081  1
 448:   0.9767  0.0056  0.0177  1
 449:   0.9672  0.0046  0.0283  1
 450:   0.3813  0.4263  0.1924  1
 451:   0.4556  0.3768  0.1676  1
 452:   0.3845  0.4295  0.1860  1
 453:   0.4091  0.4032  0.1877  1
 454:   0.6086  0.2700  0.1214  1
 455:   0.4423  0.3732  0.1845  1
 456:   0.4155  0.3931  0.1914  1
 457:   0.5104  0.3354  0.1543  1
 458:   0.3349  0.4521  0.2130  1
 459:   0.9604  0.0226  0.0170  1
 460:   0.9946  0.0000  0.0054  1
 461:   0.9952  0.0000  0.0048  1
 462:   0.9981  0.0007  0.0011  1
 463:   0.9987  0.0009  0.0004  1
 464:   0.9968  0.0000  0.0032  1
 465:   0.8396  0.0005  0.1599  1
 466:   0.9723  0.0033  0.0244  1
 467:   0.9850  0.0012  0.0138  1
 468:   0.9934  0.0019  0.0047  1
 469:   0.9632  0.0023  0.0345  1
 470:   0.9886  0.0010  0.0103  1
 471:   1.0000  0.0000  0.0000  1
 472:   1.0000  0.0000  0.0000  1
 473:   1.0000  0.0000  0.0000  1
 474:   0.9339  0.0457  0.0205  1
 475:   0.9498  0.0340  0.0162  1
 476:   0.9517  0.0288  0.0195  1
 477:   0.9938  0.0012  0.0050  1
 478:   1.0000  0.0000  0.0000  1
 479:   0.9628  0.0203  0.0169  1
 480:   0.9900  0.0071  0.0029  1
 481:   0.9908  0.0038  0.0054  1
 482:   0.9934  0.0024  0.0042  1
 483:   0.9952  0.0030  0.0018  1
 484:   0.9741  0.0147  0.0112  1
 485:   0.9922  0.0010  0.0068  1
 486:   0.9997  0.0000  0.0003  1
 487:   0.9776  0.0146  0.0077  1
 488:   1.0000  0.0000  0.0000  1
 489:   1.0000  0.0000  0.0000  1
 490:   0.9601  0.0053  0.0346  1
 491:   0.9947  0.0038  0.0016  1
 492:   0.9825  0.0074  0.0101  1
 493:   0.9744  0.0047  0.0209  1
 494:   0.9954  0.0031  0.0014  1
 495:   0.9952  0.0017  0.0031  1
 496:   0.9942  0.0028  0.0030  1
 497:   0.9924  0.0041  0.0034  1
 498:   0.9998  0.0000  0.0002  1
 499:   1.0000  0.0000  0.0000  1
 500:   0.9957  0.0000  0.0043  1
 501:   0.9773  0.0000  0.0227  1
 502:   0.9988  0.0005  0.0007  1
 503:   0.9913  0.0000  0.0087  1
 504:   0.9942  0.0000  0.0058  1
 505:   0.9974  0.0000  0.0026  1
 506:   0.9857  0.0000  0.0143  1
 507:   0.9952  0.0000  0.0048  1
 508:   0.9859  0.0000  0.0141  1
 509:   0.9943  0.0000  0.0057  1
 510:   0.9999  0.0000  0.0001  1
 511:   0.9887  0.0000  0.0113  1
 512:   0.9812  0.0012  0.0175  1
 513:   0.9707  0.0014  0.0278  1
 514:   0.9412  0.0024  0.0564  1
 515:   0.9123  0.0032  0.0845  1
 516:   0.9479  0.0012  0.0509  1
 517:   0.9899  0.0000  0.0101  1
 518:   0.9940  0.0000  0.0060  1
 519:   0.9825  0.0000  0.0175  1
 520:   0.9035  0.0034  0.0932  1
 521:   0.9778  0.0000  0.0222  1
 522:   0.9091  0.0062  0.0847  1
 523:   0.9821  0.0005  0.0174  1
 524:   0.9912  0.0002  0.0086  1
 525:   0.9984  0.0005  0.0011  1
 526:   0.9998  0.0000  0.0002  1
 527:   0.9781  0.0010  0.0209  1
 528:   0.9969  0.0000  0.0031  1
 529:   0.9824  0.0025  0.0151  1
 530:   0.9987  0.0000  0.0013  1
 531:   0.9995  0.0000  0.0005  1
 532:   0.9900  0.0000  0.0100  1
 533:   0.9974  0.0000  0.0026  1
 534:   0.9982  0.0000  0.0018  1
 535:   0.9847  0.0088  0.0064  1
 536:   0.9966  0.0023  0.0011  1
 537:   0.9995  0.0000  0.0005  1
 538:   1.0000  0.0000  0.0000  1
 539:   1.0000  0.0000  0.0000  1
 540:   0.9977  0.0000  0.0023  1
 541:   1.0000  0.0000  0.0000  1
 542:   1.0000  0.0000  0.0000  1
 543:   0.9998  0.0000  0.0002  1
 544:   1.0000  0.0000  0.0000  1
 545:   1.0000  0.0000  0.0000  1
 546:   1.0000  0.0000  0.0000  1
 547:   0.9986  0.0011  0.0003  1
 548:   1.0000  0.0000  0.0000  1
 549:   1.0000  0.0000  0.0000  1
 550:   0.8305  0.0045  0.1650  1
 551:   0.9356  0.0003  0.0642  1
 552:   0.9150  0.0010  0.0840  1
 553:   0.7937  0.0829  0.1233  1
 554:   0.9105  0.0025  0.0871  1
 555:   0.8673  0.0000  0.1327  1
 556:   0.8724  0.0000  0.1276  1
 557:   0.8689  0.0000  0.1311  1
 558:   0.8645  0.0004  0.1352  1
 559:   0.8802  0.0000  0.1198  1
 560:   0.8625  0.0000  0.1375  1
 561:   0.8751  0.0000  0.1249  1
 562:   0.8856  0.0002  0.1142  1
 563:   0.8685  0.0000  0.1315  1
 564:   0.8677  0.0000  0.1323  1
 565:   0.8705  0.0001  0.1294  1
 566:   0.8561  0.0000  0.1439  1
 567:   0.8622  0.0000  0.1378  1
 568:   0.8710  0.0003  0.1287  1
 569:   0.8425  0.0000  0.1575  1
 570:   0.8712  0.0000  0.1288  1
 571:   0.8711  0.0005  0.1284  1
 572:   0.8656  0.0000  0.1344  1
 573:   0.8550  0.0007  0.1442  1
 574:   0.8793  0.0000  0.1207  1
 575:   0.9852  0.0000  0.0148  1
 576:   0.9890  0.0000  0.0110  1
 577:   1.0000  0.0000  0.0000  1
 578:   0.9845  0.0000  0.0155  1
 579:   0.9943  0.0000  0.0057  1
 580:   1.0000  0.0000  0.0000  1
 581:   0.9916  0.0000  0.0084  1
 582:   0.9907  0.0000  0.0093  1
 583:   0.9907  0.0012  0.0081  1
 584:   0.9905  0.0000  0.0095  1
 585:   0.9953  0.0000  0.0047  1
 586:   0.9947  0.0000  0.0053  1
 587:   1.0000  0.0000  0.0000  1
 588:   0.9917  0.0000  0.0083  1
 589:   0.9834  0.0000  0.0166  1
 590:   0.9978  0.0000  0.0022  1
 591:   0.9855  0.0000  0.0145  1
 592:   0.9915  0.0000  0.0085  1
 593:   0.9895  0.0000  0.0105  1
 594:   0.9964  0.0000  0.0036  1
 595:   0.9986  0.0000  0.0014  1
 596:   0.9887  0.0000  0.0113  1
 597:   0.9820  0.0000  0.0180  1
 598:   0.9897  0.0000  0.0103  1
 599:   0.9806  0.0000  0.0194  1
 600:   0.9945  0.0000  0.0055  1
 601:   0.9980  0.0000  0.0020  1
 602:   0.9925  0.0000  0.0075  1
 603:   0.9918  0.0000  0.0082  1
 604:   1.0000  0.0000  0.0000  1
 605:   0.9936  0.0041  0.0023  1
 606:   0.9976  0.0002  0.0021  1
 607:   0.9994  0.0002  0.0004  1
 608:   0.9416  0.0190  0.0395  1
 609:   0.9226  0.0259  0.0515  1
 610:   0.9373  0.0233  0.0394  1
 611:   0.9220  0.0249  0.0531  1
 612:   0.9420  0.0250  0.0330  1
 613:   0.9340  0.0228  0.0432  1
 614:   0.9311  0.0288  0.0401  1
 615:   0.9113  0.0285  0.0602  1
 616:   0.9337  0.0187  0.0476  1
 617:   0.9161  0.0338  0.0501  1
 618:   0.9314  0.0245  0.0441  1
 619:   0.9293  0.0394  0.0314  1
 620:   0.9119  0.0465  0.0416  1
 621:   0.9415  0.0265  0.0320  1
 622:   0.8665  0.0519  0.0816  1
 623:   0.9312  0.0360  0.0328  1
 624:   0.9437  0.0310  0.0253  1
 625:   0.9065  0.0522  0.0413  1
 626:   0.9380  0.0340  0.0280  1
 627:   0.9253  0.0410  0.0337  1
 628:   0.9558  0.0230  0.0212  1
 629:   0.9467  0.0275  0.0258  1
 630:   0.9076  0.0423  0.0501  1
 631:   0.9162  0.0422  0.0416  1
 632:   0.9605  0.0183  0.0211  1
 633:   0.9413  0.0179  0.0408  1
 634:   0.9995  0.0000  0.0005  1
 635:   0.9995  0.0000  0.0005  1
 636:   1.0000  0.0000  0.0000  1
 637:   0.9941  0.0008  0.0051  1
 638:   0.9950  0.0026  0.0025  1
 639:   0.9911  0.0000  0.0089  1
 640:   0.9972  0.0000  0.0028  1
 641:   0.9911  0.0034  0.0055  1
 642:   1.0000  0.0000  0.0000  1
 643:   0.9944  0.0032  0.0024  1
 644:   0.9734  0.0012  0.0255  1
 645:   0.9903  0.0070  0.0027  1
 646:   0.9903  0.0000  0.0097  1
 647:   0.9939  0.0020  0.0041  1
 648:   0.9866  0.0002  0.0132  1
 649:   0.9932  0.0025  0.0043  1
 650:   0.9979  0.0011  0.0009  1
 651:   0.9722  0.0156  0.0123  1
 652:   1.0000  0.0000  0.0000  1
 653:   1.0000  0.0000  0.0000  1
 654:   0.9947  0.0000  0.0053  1
 655:   0.9922  0.0000  0.0078  1
 656:   0.9878  0.0000  0.0122  1
 657:   0.9902  0.0000  0.0098  1
 658:   0.9805  0.0000  0.0195  1
 659:   0.9999  0.0000  0.0001  1
 660:   0.9990  0.0000  0.0010  1
 661:   0.9893  0.0034  0.0073  1
 662:   0.9894  0.0037  0.0069  1
 663:   0.9890  0.0068  0.0042  1
 664:   1.0000  0.0000  0.0000  1
 665:   0.9988  0.0007  0.0005  1
 666:   0.9867  0.0035  0.0098  1
 667:   0.9930  0.0027  0.0043  1
 668:   0.9987  0.0005  0.0008  1
 669:   0.9948  0.0035  0.0017  1
 670:   0.9946  0.0006  0.0048  1
 671:   0.9919  0.0027  0.0054  1
 672:   0.9949  0.0000  0.0051  1
 673:   0.9934  0.0000  0.0066  1
 674:   0.9985  0.0007  0.0008  1
 675:   0.9974  0.0018  0.0008  1
 676:   0.9908  0.0061  0.0031  1
 677:   1.0000  0.0000  0.0000  1
 678:   0.9858  0.0000  0.0142  1
 679:   0.9931  0.0000  0.0069  1
 680:   0.9869  0.0000  0.0131  1
 681:   0.9977  0.0000  0.0023  1
 682:   0.9975  0.0000  0.0025  1
 683:   0.9890  0.0000  0.0110  1
 684:   0.9996  0.0000  0.0004  1
 685:   1.0000  0.0000  0.0000  1
 686:   0.9951  0.0000  0.0049  1
 687:   0.0181  0.6785  0.3034  1
 688:   0.0240  0.6765  0.2994  1
 689:   0.0270  0.6704  0.3026  1
 690:   0.0416  0.6621  0.2963  1
 691:   0.0258  0.6746  0.2996  1
 692:   0.0255  0.6763  0.2981  1
 693:   0.1505  0.5892  0.2603  1
 694:   0.0557  0.6532  0.2911  1
 695:   0.0251  0.6771  0.2978  1
 696:   0.0384  0.6653  0.2963  1
 697:   0.0408  0.6596  0.2996  1
 698:   0.0379  0.6634  0.2987  1
 699:   0.0180  0.6822  0.2998  1
 700:   0.0243  0.6785  0.2972  1
 701:   0.0379  0.6686  0.2935  1
 702:   0.0436  0.6628  0.2936  1
 703:   0.0193  0.6774  0.3032  1
 704:   0.0172  0.6822  0.3006  1
 705:   0.0244  0.6747  0.3009  1
 706:   0.0361  0.6719  0.2920  1
 707:   0.9868  0.0000  0.0132  1
 708:   1.0000  0.0000  0.0000  1
 709:   1.0000  0.0000  0.0000  1
 710:   1.0000  0.0000  0.0000  1
 711:   1.0000  0.0000  0.0000  1
 712:   1.0000  0.0000  0.0000  1
 713:   1.0000  0.0000  0.0000  1
 714:   0.9961  0.0000  0.0039  1
 715:   1.0000  0.0000  0.0000  1
 716:   0.9978  0.0000  0.0022  1
 717:   1.0000  0.0000  0.0000  1
 718:   1.0000  0.0000  0.0000  1
 719:   0.9977  0.0000  0.0023  1
 720:   1.0000  0.0000  0.0000  1
 721:   1.0000  0.0000  0.0000  1
 722:   0.9894  0.0000  0.0106  1
 723:   1.0000  0.0000  0.0000  1
 724:   0.9969  0.0000  0.0031  1
 725:   1.0000  0.0000  0.0000  1
 726:   0.9988  0.0000  0.0012  1
 727:   1.0000  0.0000  0.0000  1
 728:   0.9991  0.0000  0.0009  1
 729:   0.9955  0.0000  0.0045  1
 730:   0.9855  0.0000  0.0145  1
 731:   0.9932  0.0000  0.0068  1
 732:   0.9957  0.0000  0.0043  1
 733:   0.9868  0.0000  0.0132  1
 734:   0.9736  0.0000  0.0264  1
 735:   1.0000  0.0000  0.0000  1
 736:   1.0000  0.0000  0.0000  1
 737:   0.9946  0.0000  0.0054  1
 738:   0.9914  0.0000  0.0086  1
 739:   0.9971  0.0000  0.0029  1
 740:   0.9972  0.0000  0.0028  1
 741:   0.9995  0.0000  0.0005  1
 742:   0.9985  0.0000  0.0015  1
 743:   0.9855  0.0011  0.0134  1
 744:   1.0000  0.0000  0.0000  1
 745:   0.9786  0.0022  0.0192  1
 746:   0.9928  0.0000  0.0072  1
 747:   0.9902  0.0000  0.0098  1
 748:   1.0000  0.0000  0.0000  1
 749:   0.9882  0.0000  0.0118  1
 750:   0.9939  0.0000  0.0061  1
 751:   0.9998  0.0000  0.0002  1
 752:   0.9989  0.0000  0.0011  1
 753:   0.9856  0.0000  0.0144  1
 754:   0.9943  0.0020  0.0038  1
 755:   0.9923  0.0000  0.0077  1
 756:   0.9937  0.0000  0.0063  1
 757:   0.9972  0.0000  0.0028  1
 758:   0.9867  0.0000  0.0133  1
 759:   1.0000  0.0000  0.0000  1
 760:   0.9956  0.0000  0.0044  1
 761:   1.0000  0.0000  0.0000  1
 762:   0.9902  0.0000  0.0098  1
 763:   0.9778  0.0000  0.0222  1
 764:   0.9922  0.0000  0.0078  1
 765:   0.9874  0.0000  0.0126  1
 766:   0.9993  0.0000  0.0007  1
 767:   0.9926  0.0000  0.0074  1
 768:   0.9971  0.0000  0.0029  1
 769:   0.9853  0.0000  0.0147  1
 770:   0.9876  0.0000  0.0124  1
 771:   0.9906  0.0000  0.0094  1
 772:   0.9901  0.0000  0.0099  1
 773:   1.0000  0.0000  0.0000  1
 774:   0.9992  0.0000  0.0008  1
 775:   0.9969  0.0000  0.0031  1
 776:   0.9952  0.0000  0.0048  1
 777:   0.9967  0.0000  0.0033  1
 778:   0.9689  0.0012  0.0299  1
 779:   0.9863  0.0000  0.0137  1
 780:   0.9976  0.0000  0.0024  1
 781:   1.0000  0.0000  0.0000  1
 782:   1.0000  0.0000  0.0000  1
 783:   0.9972  0.0012  0.0016  1
 784:   0.9993  0.0000  0.0007  1
 785:   0.9801  0.0003  0.0196  1
 786:   0.9971  0.0019  0.0011  1
 787:   1.0000  0.0000  0.0000  1
 788:   0.9912  0.0007  0.0080  1
 789:   1.0000  0.0000  0.0000  1
 790:   0.9822  0.0001  0.0178  1
 791:   0.9964  0.0002  0.0034  1
 792:   0.9959  0.0002  0.0040  1
 793:   0.9979  0.0000  0.0021  1
 794:   1.0000  0.0000  0.0000  1
 795:   0.9915  0.0006  0.0079  1
 796:   0.9954  0.0033  0.0013  1
 797:   0.9976  0.0014  0.0010  1
 798:   1.0000  0.0000  0.0000  1
 799:   1.0000  0.0000  0.0000  1
 800:   1.0000  0.0000  0.0000  1
 801:   0.9994  0.0000  0.0006  1
 802:   1.0000  0.0000  0.0000  1
 803:   1.0000  0.0000  0.0000  1
 804:   1.0000  0.0000  0.0000  1
 805:   0.9913  0.0000  0.0087  1
 806:   1.0000  0.0000  0.0000  1
 807:   1.0000  0.0000  0.0000  1
 808:   0.9998  0.0000  0.0002  1
 809:   1.0000  0.0000  0.0000  1
 810:   1.0000  0.0000  0.0000  1
 811:   1.0000  0.0000  0.0000  1
 812:   1.0000  0.0000  0.0000  1
 813:   0.9978  0.0000  0.0022  1
 814:   1.0000  0.0000  0.0000  1
 815:   0.9983  0.0000  0.0017  1
 816:   1.0000  0.0000  0.0000  1
 817:   0.9983  0.0000  0.0017  1
 818:   1.0000  0.0000  0.0000  1
 819:   1.0000  0.0000  0.0000  1
 820:   0.9982  0.0001  0.0017  1
 821:   1.0000  0.0000  0.0000  1
 822:   1.0000  0.0000  0.0000  1
 823:   1.0000  0.0000  0.0000  1
 824:   0.9986  0.0000  0.0014  1
 825:   0.9988  0.0000  0.0012  1
 826:   0.9984  0.0000  0.0016  1
 827:   1.0000  0.0000  0.0000  1
 828:   1.0000  0.0000  0.0000  1
 829:   1.0000  0.0000  0.0000  1
 830:   1.0000  0.0000  0.0000  1
 831:   1.0000  0.0000  0.0000  1
 832:   0.9962  0.0000  0.0038  1
 833:   1.0000  0.0000  0.0000  1
 834:   0.9995  0.0000  0.0005  1
 835:   1.0000  0.0000  0.0000  1
 836:   0.9991  0.0000  0.0009  1
 837:   0.9955  0.0000  0.0045  1
 838:   1.0000  0.0000  0.0000  1
 839:   1.0000  0.0000  0.0000  1
 840:   0.9981  0.0013  0.0006  1
 841:   1.0000  0.0000  0.0000  1
 842:   1.0000  0.0000  0.0000  1
 843:   1.0000  0.0000  0.0000  1
 844:   1.0000  0.0000  0.0000  1
 845:   0.9959  0.0000  0.0041  1
 846:   1.0000  0.0000  0.0000  1
 847:   0.9990  0.0000  0.0010  1
 848:   1.0000  0.0000  0.0000  1
 849:   0.9998  0.0000  0.0002  1
 850:   1.0000  0.0000  0.0000  1
 851:   0.9989  0.0000  0.0011  1
 852:   1.0000  0.0000  0.0000  1
 853:   0.9926  0.0000  0.0074  1
 854:   0.9966  0.0000  0.0034  1
 855:   1.0000  0.0000  0.0000  1
 856:   1.0000  0.0000  0.0000  1
 857:   0.9964  0.0026  0.0010  1
 858:   0.9995  0.0003  0.0002  1
 859:   1.0000  0.0000  0.0000  1
 860:   1.0000  0.0000  0.0000  1
 861:   1.0000  0.0000  0.0000  1
 862:   1.0000  0.0000  0.0000  1
 863:   0.9994  0.0000  0.0006  1
 864:   0.9936  0.0046  0.0018  1
 865:   1.0000  0.0000  0.0000  1
 866:   1.0000  0.0000  0.0000  1
 867:   1.0000  0.0000  0.0000  1
 868:   0.9983  0.0009  0.0008  1
 869:   1.0000  0.0000  0.0000  1
 870:   1.0000  0.0000  0.0000  1
 871:   0.9954  0.0016  0.0030  1
 872:   0.9962  0.0000  0.0038  1
 873:   1.0000  0.0000  0.0000  1
 874:   1.0000  0.0000  0.0000  1
 875:   1.0000  0.0000  0.0000  1
 876:   1.0000  0.0000  0.0000  1
 877:   0.9907  0.0051  0.0042  1
 878:   0.9987  0.0002  0.0011  1
 879:   1.0000  0.0000  0.0000  1
 880:   0.9998  0.0000  0.0002  1
 881:   1.0000  0.0000  0.0000  1
 882:   0.9989  0.0000  0.0011  1
 883:   1.0000  0.0000  0.0000  1
 884:   1.0000  0.0000  0.0000  1
 885:   1.0000  0.0000  0.0000  1
 886:   0.9966  0.0000  0.0034  1
 887:   0.9989  0.0000  0.0011  1
 888:   1.0000  0.0000  0.0000  1
 889:   1.0000  0.0000  0.0000  1
 890:   1.0000  0.0000  0.0000  1
 891:   0.2646  0.4445  0.2909  1
 892:   0.9811  0.0000  0.0189  1
 893:   0.9707  0.0000  0.0293  1
 894:   0.9901  0.0000  0.0099  1
 895:   1.0000  0.0000  0.0000  1
 896:   0.9700  0.0000  0.0300  1
 897:   0.9872  0.0000  0.0128  1
 898:   0.9962  0.0000  0.0038  1
 899:   0.9917  0.0000  0.0083  1
 900:   0.9854  0.0000  0.0146  1
 901:   0.9925  0.0000  0.0075  1
 902:   0.9923  0.0000  0.0077  1
 903:   0.9815  0.0000  0.0185  1
 904:   0.9991  0.0000  0.0009  1
 905:   0.9907  0.0000  0.0093  1
 906:   0.9967  0.0000  0.0033  1
 907:   0.8609  0.0000  0.1391  1
 908:   0.8345  0.0000  0.1655  1
 909:   0.8373  0.0003  0.1623  1
 910:   0.8399  0.0012  0.1590  1
 911:   0.8473  0.0000  0.1527  1
 912:   0.8475  0.0000  0.1525  1
 913:   0.8588  0.0003  0.1409  1
 914:   0.8429  0.0010  0.1561  1
 915:   0.8664  0.0046  0.1290  1
 916:   0.8474  0.0040  0.1486  1
 917:   0.8445  0.0017  0.1538  1
 918:   0.8417  0.0005  0.1578  1
 919:   1.0000  0.0000  0.0000  1
 920:   1.0000  0.0000  0.0000  1
 921:   0.9967  0.0000  0.0033  1
 922:   0.9924  0.0000  0.0076  1
 923:   0.9340  0.0048  0.0613  1
 924:   0.9609  0.0033  0.0359  1
 925:   0.9919  0.0000  0.0081  1
 926:   1.0000  0.0000  0.0000  1
 927:   0.9963  0.0000  0.0037  1
 928:   0.9986  0.0000  0.0014  1
 929:   0.9614  0.0004  0.0382  1
 930:   0.9972  0.0000  0.0028  1
 931:   0.9768  0.0080  0.0152  1
 932:   0.9872  0.0034  0.0094  1
 933:   0.9923  0.0000  0.0077  1
 934:   0.9609  0.0171  0.0219  1
 935:   0.9897  0.0067  0.0036  1
 936:   0.9858  0.0103  0.0039  1
 937:   0.9942  0.0038  0.0020  1
 938:   0.9869  0.0054  0.0078  1
 939:   0.9494  0.0190  0.0316  1
 940:   1.0000  0.0000  0.0000  1
 941:   0.9863  0.0024  0.0113  1
 942:   0.9476  0.0009  0.0515  1
 943:   0.9912  0.0000  0.0088  1
 944:   0.9969  0.0000  0.0031  1
 945:   0.9774  0.0157  0.0069  1
 946:   0.9950  0.0037  0.0013  1
 947:   0.9918  0.0017  0.0065  1
 948:   1.0000  0.0000  0.0000  1
 949:   0.9999  0.0000  0.0001  1
 950:   0.9990  0.0000  0.0010  1
 951:   1.0000  0.0000  0.0000  1
 952:   0.9971  0.0000  0.0029  1
 953:   1.0000  0.0000  0.0000  1
 954:   1.0000  0.0000  0.0000  1
 955:   1.0000  0.0000  0.0000  1
 956:   0.9948  0.0000  0.0052  1
 957:   1.0000  0.0000  0.0000  1
 958:   0.9978  0.0000  0.0022  1
 959:   1.0000  0.0000  0.0000  1
 960:   1.0000  0.0000  0.0000  1
 961:   0.9902  0.0019  0.0079  1
 962:   0.9995  0.0002  0.0003  1
 963:   1.0000  0.0000  0.0000  1
 964:   0.9983  0.0008  0.0009  1
 965:   0.9934  0.0018  0.0048  1
 966:   1.0000  0.0000  0.0000  1
 967:   0.9982  0.0000  0.0018  1
 968:   0.9970  0.0000  0.0030  1
 969:   0.9942  0.0026  0.0033  1
 970:   0.9982  0.0013  0.0004  1
 971:   0.9998  0.0000  0.0002  1
 972:   1.0000  0.0000  0.0000  1
 973:   0.9998  0.0000  0.0002  1
 974:   0.9954  0.0014  0.0032  1
 975:   0.9946  0.0038  0.0016  1
 976:   1.0000  0.0000  0.0000  1
 977:   1.0000  0.0000  0.0000  1
 978:   0.9972  0.0000  0.0028  1
 979:   0.9941  0.0024  0.0035  1
 980:   1.0000  0.0000  0.0000  1
 981:   1.0000  0.0000  0.0000  1
 982:   0.9935  0.0007  0.0059  1
 983:   0.9901  0.0011  0.0088  1
 984:   1.0000  0.0000  0.0000  1
 985:   0.9968  0.0000  0.0032  1
 986:   0.9974  0.0000  0.0026  1
 987:   0.9949  0.0012  0.0039  1
 988:   0.9986  0.0000  0.0014  1
 989:   0.9781  0.0000  0.0219  1
 990:   1.0000  0.0000  0.0000  1
 991:   0.9968  0.0000  0.0032  1
 992:   0.9919  0.0000  0.0081  1
 993:   0.9998  0.0000  0.0002  1
 994:   1.0000  0.0000  0.0000  1
 995:   0.9936  0.0000  0.0064  1
 996:   0.9883  0.0000  0.0117  1
 997:   0.9958  0.0000  0.0042  1
 998:   0.9688  0.0000  0.0312  1
 999:   0.9903  0.0000  0.0097  1
1000:   0.9951  0.0025  0.0024  1
1001:   1.0000  0.0000  0.0000  1
1002:   1.0000  0.0000  0.0000  1
1003:   0.9987  0.0008  0.0006  1
1004:   1.0000  0.0000  0.0000  1
1005:   0.9967  0.0000  0.0033  1
1006:   0.9913  0.0009  0.0078  1
1007:   0.9843  0.0015  0.0142  1
1008:   0.9986  0.0008  0.0006  1
1009:   1.0000  0.0000  0.0000  1
1010:   1.0000  0.0000  0.0000  1
1011:   1.0000  0.0000  0.0000  1
1012:   1.0000  0.0000  0.0000  1
1013:   0.9971  0.0000  0.0029  1
1014:   0.9996  0.0000  0.0004  1
1015:   0.9975  0.0000  0.0025  1
1016:   0.9998  0.0000  0.0002  1
1017:   0.9983  0.0000  0.0017  1
1018:   0.9967  0.0014  0.0019  1
1019:   0.9988  0.0008  0.0004  1
1020:   1.0000  0.0000  0.0000  1
1021:   1.0000  0.0000  0.0000  1
1022:   1.0000  0.0000  0.0000  1
1023:   0.9939  0.0004  0.0057  1
1024:   1.0000  0.0000  0.0000  1
1025:   0.9978  0.0000  0.0022  1
1026:   1.0000  0.0000  0.0000  1
1027:   1.0000  0.0000  0.0000  1
1028:   1.0000  0.0000  0.0000  1
1029:   0.9974  0.0000  0.0026  1
1030:   0.9991  0.0003  0.0006  1
1031:   1.0000  0.0000  0.0000  1
1032:   0.9802  0.0098  0.0101  1
1033:   0.8555  0.0009  0.1436  1
1034:   1.0000  0.0000  0.0000  1
1035:   0.9993  0.0002  0.0005  1
1036:   1.0000  0.0000  0.0000  1
1037:   1.0000  0.0000  0.0000  1
1038:   0.9870  0.0034  0.0096  1
1039:   0.8625  0.0012  0.1363  1
1040:   0.9744  0.0000  0.0256  1
1041:   0.9594  0.0000  0.0406  1
1042:   0.8798  0.0071  0.1131  1
1043:   0.9976  0.0000  0.0024  1
1044:   0.9988  0.0000  0.0012  1
1045:   0.9064  0.0032  0.0904  1
1046:   0.9068  0.0047  0.0885  1
1047:   0.9077  0.0000  0.0923  1
1048:   0.9196  0.0014  0.0790  1
1049:   0.9470  0.0015  0.0515  1
1050:   0.7899  0.0039  0.2062  1
1051:   0.9135  0.0002  0.0863  1
1052:   0.9182  0.0003  0.0815  1
1053:   0.9034  0.0062  0.0904  1
1054:   0.9025  0.0104  0.0871  1
1055:   0.9079  0.0060  0.0861  1
1056:   0.9230  0.0119  0.0651  1
1057:   0.9039  0.0064  0.0898  1
1058:   0.9182  0.0032  0.0786  1
1059:   0.9271  0.0021  0.0708  1
1060:   0.9016  0.0039  0.0945  1
1061:   0.9365  0.0081  0.0554  1
1062:   0.8798  0.0000  0.1202  1
1063:   0.8896  0.0021  0.1083  1
1064:   0.9250  0.0048  0.0702  1
1065:   0.8948  0.0000  0.1052  1
1066:   0.8816  0.0019  0.1165  1
1067:   0.8937  0.0041  0.1023  1
1068:   0.8821  0.0043  0.1137  1
1069:   0.8955  0.0008  0.1037  1
1070:   0.8891  0.0013  0.1095  1
1071:   0.8742  0.0046  0.1212  1
1072:   0.8688  0.0050  0.1262  1
1073:   0.8835  0.0024  0.1142  1
1074:   0.9011  0.0009  0.0980  1
1075:   0.8815  0.0043  0.1142  1
1076:   0.8742  0.0042  0.1216  1
1077:   0.8968  0.0015  0.1016  1
1078:   0.8843  0.0007  0.1151  1
1079:   0.8843  0.0000  0.1157  1
1080:   0.8911  0.0000  0.1089  1
1081:   0.8937  0.0000  0.1063  1
1082:   0.9018  0.0000  0.0982  1
1083:   0.8761  0.0000  0.1239  1
1084:   0.8853  0.0000  0.1147  1
1085:   0.9809  0.0000  0.0191  1
1086:   0.9101  0.0000  0.0899  1
1087:   0.8986  0.0000  0.1014  1
1088:   0.8985  0.0000  0.1015  1
1089:   0.8861  0.0001  0.1138  1
1090:   0.9059  0.0000  0.0941  1
1091:   0.8471  0.0000  0.1529  1
1092:   0.8994  0.0000  0.1006  1
1093:   0.9142  0.0037  0.0821  1
1094:   0.8859  0.0000  0.1141  1
1095:   0.8956  0.0000  0.1044  1
1096:   0.9067  0.0000  0.0933  1
1097:   0.8930  0.0007  0.1063  1
1098:   0.8952  0.0042  0.1006  1
1099:   0.8914  0.0000  0.1086  1
1100:   0.9128  0.0000  0.0872  1
1101:   0.9031  0.0000  0.0969  1
1102:   0.9108  0.0000  0.0892  1
1103:   0.8988  0.0000  0.1012  1
1104:   0.9009  0.0000  0.0991  1
1105:   0.9022  0.0000  0.0978  1
1106:   0.7003  0.0000  0.2997  1
1107:   0.7000  0.0000  0.3000  1
1108:   0.7000  0.0000  0.3000  1
1109:   0.7000  0.0000  0.3000  1
1110:   0.6998  0.0000  0.3002  1
1111:   0.7000  0.0000  0.3000  1
1112:   0.7000  0.0000  0.3000  1
1113:   0.7046  0.0000  0.2954  1
1114:   0.7085  0.0000  0.2915  1
1115:   0.7000  0.0000  0.3000  1
1116:   0.7000  0.0000  0.3000  1
1117:   0.7068  0.0000  0.2932  1
1118:   0.7039  0.0000  0.2961  1
1119:   0.7000  0.0000  0.3000  1
1120:   0.7000  0.0000  0.3000  1
1121:   0.7000  0.0000  0.3000  1
1122:   0.7000  0.0000  0.3000  1
1123:   0.7000  0.0000  0.3000  1
1124:   0.7000  0.0000  0.3000  1
1125:   0.6997  0.0000  0.3003  1
1126:   0.9580  0.0020  0.0400  1
1127:   0.7012  0.0001  0.2988  1
1128:   0.8476  0.0005  0.1519  1
1129:   0.6997  0.0000  0.3003  1
1130:   0.7098  0.0000  0.2902  1
1131:   0.7000  0.0000  0.3000  1
1132:   0.7000  0.0000  0.3000  1
1133:   0.7077  0.0000  0.2923  1
1134:   0.7060  0.0000  0.2940  1
1135:   0.6948  0.0049  0.3003  1
1136:   0.6963  0.0076  0.2961  1
1137:   0.6957  0.0067  0.2976  1
1138:   0.7182  0.0042  0.2776  1
1139:   0.6979  0.0055  0.2966  1
1140:   0.6914  0.0087  0.2999  1
1141:   0.7000  0.0000  0.3000  1
1142:   0.7063  0.0000  0.2937  1
1143:   0.7074  0.0000  0.2926  1
1144:   0.7000  0.0000  0.3000  1
1145:   0.7000  0.0000  0.3000  1
1146:   0.7018  0.0000  0.2982  1
1147:   0.7000  0.0000  0.3000  1
1148:   0.7000  0.0000  0.3000  1
1149:   0.7000  0.0000  0.3000  1
1150:   0.7000  0.0000  0.3000  1
1151:   0.7176  0.0001  0.2823  1
1152:   0.7000  0.0000  0.3000  1
1153:   0.7000  0.0000  0.3000  1
1154:   0.7020  0.0000  0.2980  1
1155:   0.7016  0.0000  0.2984  1
1156:   0.7000  0.0000  0.3000  1
1157:   0.7000  0.0000  0.3000  1
1158:   0.7081  0.0000  0.2919  1
1159:   0.7057  0.0000  0.2943  1
1160:   0.6962  0.0034  0.3003  1
1161:   0.6920  0.0067  0.3013  1
1162:   0.7054  0.0040  0.2906  1
1163:   0.6993  0.0053  0.2954  1
1164:   0.6928  0.0060  0.3012  1
1165:   0.6916  0.0101  0.2982  1
1166:   0.6958  0.0048  0.2994  1
1167:   0.6989  0.0017  0.2993  1
1168:   0.6940  0.0055  0.3005  1
1169:   0.6955  0.0044  0.3001  1
1170:   0.6973  0.0084  0.2943  1
1171:   0.7038  0.0046  0.2915  1
1172:   0.6977  0.0044  0.2979  1
1173:   0.7031  0.0067  0.2902  1
1174:   0.6934  0.0057  0.3010  1
1175:   0.6954  0.0037  0.3009  1
1176:   0.7000  0.0000  0.3000  1
1177:   0.7000  0.0000  0.3000  1
1178:   0.9833  0.0091  0.0076  1
1179:   0.7000  0.0000  0.3000  1
1180:   0.6996  0.0000  0.3004  1
1181:   0.6992  0.0003  0.3006  1
1182:   0.7000  0.0000  0.3000  1
1183:   0.7000  0.0000  0.3000  1
1184:   0.6996  0.0002  0.3003  1
1185:   0.7000  0.0000  0.3000  1
1186:   0.7000  0.0000  0.3000  1
1187:   0.7000  0.0000  0.3000  1
1188:   0.6993  0.0003  0.3004  1
1189:   0.7000  0.0000  0.3000  1
1190:   0.9882  0.0001  0.0118  1
1191:   0.8923  0.0012  0.1064  1
1192:   0.8598  0.0000  0.1402  1
1193:   0.7000  0.0000  0.3000  1
1194:   0.7000  0.0000  0.3000  1
1195:   0.7000  0.0000  0.3000  1
1196:   0.7033  0.0003  0.2964  1
1197:   0.7000  0.0000  0.3000  1
1198:   0.7000  0.0000  0.3000  1
1199:   0.7000  0.0000  0.3000  1
1200:   0.6997  0.0000  0.3003  1
1201:   0.7000  0.0000  0.3000  1
1202:   0.8527  0.0154  0.1319  1
1203:   0.8007  0.0159  0.1834  1
1204:   0.9233  0.0000  0.0767  1
1205:   0.7000  0.0000  0.3000  1
1206:   0.7000  0.0000  0.3000  1
1207:   0.7000  0.0000  0.3000  1
1208:   0.9211  0.0000  0.0789  1
1209:   0.8882  0.0053  0.1065  1
1210:   0.8867  0.0008  0.1124  1
1211:   0.8703  0.0000  0.1297  1
1212:   0.9989  0.0000  0.0011  1
1213:   0.7000  0.0000  0.3000  1
1214:   0.7029  0.0000  0.2971  1
1215:   0.7000  0.0000  0.3000  1
1216:   0.9593  0.0004  0.0404  1
1217:   0.7145  0.0000  0.2855  1
1218:   0.7000  0.0000  0.3000  1
1219:   0.7022  0.0000  0.2978  1
1220:   0.7092  0.0000  0.2908  1
1221:   0.7000  0.0000  0.3000  1
1222:   0.7000  0.0000  0.3000  1
1223:   0.7119  0.0000  0.2881  1
1224:   0.7040  0.0000  0.2960  1
1225:   0.7000  0.0000  0.3000  1
1226:   0.7060  0.0000  0.2940  1
1227:   0.7044  0.0000  0.2956  1
1228:   0.7234  0.0000  0.2766  1
1229:   0.7000  0.0000  0.3000  1
1230:   0.7125  0.0000  0.2875  1
1231:   0.7008  0.0016  0.2976  1
1232:   0.7001  0.0000  0.2999  1
1233:   0.7000  0.0000  0.3000  1
1234:   0.6999  0.0001  0.3000  1
1235:   0.7297  0.0019  0.2684  1
1236:   0.7000  0.0000  0.3000  1
1237:   0.7065  0.0000  0.2935  1
1238:   0.7000  0.0000  0.3000  1
1239:   0.7000  0.0000  0.3000  1
1240:   0.7000  0.0000  0.3000  1
1241:   0.7061  0.0000  0.2939  1
1242:   0.6997  0.0000  0.3003  1
1243:   0.6999  0.0000  0.3001  1
1244:   0.7000  0.0000  0.3000  1
1245:   0.7011  0.0000  0.2989  1
1246:   0.8318  0.0037  0.1645  1
1247:   0.9064  0.0000  0.0936  1
1248:   0.9284  0.0038  0.0678  1
1249:   0.8651  0.0030  0.1319  1
1250:   0.7000  0.0000  0.3000  1
1251:   0.7000  0.0000  0.3000  1
1252:   0.8652  0.0040  0.1308  1
1253:   0.8743  0.0023  0.1234  1
1254:   0.8599  0.0022  0.1380  1
1255:   0.8564  0.0189  0.1247  1
1256:   0.9036  0.0006  0.0959  1
1257:   0.9484  0.0116  0.0399  1
1258:   0.7000  0.0000  0.3000  1
1259:   0.7010  0.0000  0.2990  1
1260:   0.7000  0.0000  0.3000  1
1261:   0.7000  0.0000  0.3000  1
1262:   0.7044  0.0000  0.2956  1
1263:   0.7000  0.0000  0.3000  1
1264:   0.7032  0.0000  0.2968  1
1265:   0.9454  0.0000  0.0546  1
1266:   0.7061  0.0042  0.2897  1
1267:   0.7002  0.0000  0.2998  1
1268:   0.7006  0.0000  0.2994  1
1269:   0.7076  0.0008  0.2916  1
1270:   0.6999  0.0000  0.3001  1
1271:   0.7000  0.0000  0.3000  1
1272:   0.7000  0.0000  0.3000  1
1273:   0.7000  0.0000  0.3000  1
1274:   0.7000  0.0000  0.3000  1
1275:   0.7000  0.0000  0.3000  1
1276:   0.7000  0.0000  0.3000  1
1277:   0.7263  0.0000  0.2737  1
1278:   0.7000  0.0000  0.3000  1
1279:   0.7000  0.0000  0.3000  1
1280:   0.7000  0.0000  0.3000  1
1281:   0.6931  0.0065  0.3004  1
1282:   0.7008  0.0041  0.2951  1
1283:   0.7000  0.0000  0.3000  1
1284:   0.7000  0.0000  0.3000  1
1285:   0.7060  0.0014  0.2926  1
1286:   0.7000  0.0000  0.3000  1
1287:   0.7000  0.0000  0.3000  1
1288:   0.7000  0.0000  0.3000  1
1289:   0.7030  0.0000  0.2970  1
1290:   0.7036  0.0000  0.2964  1
1291:   0.7000  0.0000  0.3000  1
1292:   0.7000  0.0000  0.3000  1
1293:   0.7032  0.0006  0.2962  1
1294:   0.7000  0.0000  0.3000  1
1295:   0.7000  0.0000  0.3000  1
1296:   0.7089  0.0057  0.2854  1
1297:   0.7002  0.0061  0.2938  1
1298:   0.6977  0.0035  0.2988  1
1299:   0.6991  0.0020  0.2989  1
1300:   0.6980  0.0010  0.3011  1
1301:   0.7083  0.0069  0.2849  1
1302:   0.7002  0.0113  0.2885  1
1303:   0.6987  0.0059  0.2953  1
1304:   0.7481  0.0020  0.2499  1
1305:   0.7109  0.0066  0.2825  1
1306:   0.6952  0.0047  0.3002  1
1307:   0.7096  0.0056  0.2848  1
1308:   0.6995  0.0003  0.3002  1
1309:   0.7223  0.0063  0.2714  1
1310:   0.7027  0.0108  0.2864  1
1311:   0.8896  0.0000  0.1104  1
1312:   0.9677  0.0030  0.0293  1
1313:   0.9456  0.0000  0.0544  1
1314:   0.9979  0.0000  0.0021  1
1315:   0.9976  0.0000  0.0024  1
1316:   0.9497  0.0000  0.0503  1
1317:   0.9978  0.0000  0.0021  1
1318:   0.9475  0.0084  0.0441  1
1319:   0.8513  0.0000  0.1487  1
1320:   0.9998  0.0000  0.0002  1
1321:   0.9432  0.0034  0.0534  1
1322:   0.9610  0.0032  0.0358  1
1323:   0.9278  0.0171  0.0551  1
1324:   0.9986  0.0000  0.0014  1
1325:   1.0000  0.0000  0.0000  1
1326:   0.9897  0.0011  0.0091  1
1327:   0.9931  0.0006  0.0064  1
1328:   1.0000  0.0000  0.0000  1
1329:   1.0000  0.0000  0.0000  1
1330:   0.9751  0.0000  0.0249  1
1331:   0.8468  0.0008  0.1523  1
1332:   0.9914  0.0013  0.0073  1
1333:   0.9888  0.0002  0.0110  1
1334:   0.9932  0.0013  0.0055  1
1335:   0.9885  0.0000  0.0115  1
1336:   0.8551  0.0000  0.1448  1
1337:   0.7551  0.0570  0.1878  1
1338:   0.9312  0.0101  0.0588  1
1339:   0.9712  0.0105  0.0184  1
1340:   0.9974  0.0000  0.0026  1
1341:   0.9997  0.0002  0.0001  1
1342:   0.9814  0.0006  0.0180  1
1343:   0.9976  0.0000  0.0024  1
1344:   0.9703  0.0033  0.0264  1
1345:   0.9310  0.0000  0.0690  1
1346:   1.0000  0.0000  0.0000  1
1347:   0.9997  0.0000  0.0003  1
1348:   0.9690  0.0148  0.0162  1
1349:   0.9888  0.0004  0.0108  1
1350:   0.7846  0.0000  0.2154  1
1351:   0.9971  0.0011  0.0018  1
1352:   0.9354  0.0007  0.0639  1
1353:   0.7738  0.0006  0.2257  1
1354:   0.8640  0.0057  0.1304  1
1355:   0.9186  0.0000  0.0814  1
1356:   0.9156  0.0000  0.0844  1
1357:   0.8540  0.0000  0.1460  1
1358:   0.8825  0.0054  0.1122  1
1359:   0.9088  0.0042  0.0871  1
1360:   0.8847  0.0012  0.1141  1
1361:   0.9352  0.0002  0.0646  1
1362:   0.9511  0.0005  0.0484  1
1363:   0.8121  0.0000  0.1879  1
1364:   0.9892  0.0010  0.0098  1
1365:   0.9175  0.0038  0.0787  1
1366:   0.9685  0.0000  0.0315  1
1367:   0.8731  0.0727  0.0542  1
1368:   0.8841  0.0000  0.1159  1
1369:   0.8987  0.0000  0.1013  1
1370:   0.8941  0.0000  0.1059  1
1371:   0.8839  0.0002  0.1159  1
1372:   0.8962  0.0000  0.1038  1
1373:   0.8887  0.0002  0.1111  1
1374:   0.8961  0.0000  0.1039  1
1375:   0.8945  0.0000  0.1055  1
1376:   0.8917  0.0000  0.1083  1
1377:   0.8966  0.0000  0.1034  1
1378:   0.8911  0.0000  0.1089  1
1379:   0.8815  0.0001  0.1183  1
1380:   0.8910  0.0000  0.1090  1
1381:   0.8842  0.0000  0.1158  1
1382:   0.8926  0.0000  0.1074  1
1383:   0.9061  0.0000  0.0939  1
1384:   0.8894  0.0000  0.1106  1
1385:   0.8881  0.0000  0.1119  1
1386:   0.8954  0.0000  0.1046  1
1387:   0.9074  0.0000  0.0926  1
1388:   0.0000  0.8923  0.1077  1
1389:   0.0000  0.9350  0.0650  1
1390:   0.0000  0.7609  0.2391  1
1391:   0.0000  0.8341  0.1659  1
1392:   0.0000  0.6294  0.3706  1
1393:   0.0000  0.6314  0.3686  1
1394:   0.0000  0.9167  0.0833  1
1395:   0.0000  0.9002  0.0998  1
1396:   0.0000  0.6629  0.3371  1
1397:   0.0000  0.8866  0.1134  1
1398:   0.0000  0.8546  0.1454  1
1399:   0.0039  0.7835  0.2126  1
1400:   0.0000  0.9289  0.0711  1
1401:   0.0000  0.9012  0.0988  1
1402:   0.0032  0.6580  0.3388  1
1403:   0.0000  0.8948  0.1052  1
1404:   0.0000  0.8817  0.1183  1
1405:   0.0000  0.8515  0.1485  1
1406:   0.0000  0.8984  0.1016  1
1407:   0.0010  0.8192  0.1798  1
1408:   0.0000  0.9720  0.0280  1
1409:   0.0000  0.9509  0.0491  1
1410:   0.0000  1.0000  0.0000  1
1411:   0.0000  0.9828  0.0172  1
1412:   0.0000  0.6268  0.3732  1
1413:   0.0000  0.6393  0.3607  1
1414:   0.0000  0.6296  0.3704  1
1415:   0.0000  0.9626  0.0374  1
1416:   0.0000  0.9655  0.0345  1
1417:   0.0000  1.0000  0.0000  1
1418:   0.0000  0.9795  0.0205  1
1419:   0.0000  0.9660  0.0340  1
1420:   0.0000  0.9399  0.0601  1
1421:   0.0000  0.8313  0.1687  1
1422:   0.0003  0.8795  0.1202  1
1423:   0.0000  0.9345  0.0655  1
1424:   0.0000  0.9253  0.0747  1
1425:   0.0000  0.8863  0.1137  1
1426:   0.0000  0.8628  0.1372  1
1427:   0.0000  0.9305  0.0695  1
1428:   0.0000  0.9162  0.0838  1
1429:   0.0000  0.9141  0.0859  1
1430:   0.0000  0.9528  0.0472  1
1431:   0.0000  0.9115  0.0885  1
1432:   0.0000  0.8766  0.1234  1
1433:   0.0000  0.9506  0.0494  1
1434:   0.0000  0.6254  0.3746  1
1435:   0.0000  0.6467  0.3533  1
1436:   0.0000  0.6588  0.3412  1
1437:   0.0113  0.6197  0.3691  1
1438:   0.0000  0.6139  0.3861  1
1439:   0.0000  0.6374  0.3626  1
1440:   0.0000  0.6232  0.3768  1
1441:   0.0000  0.6308  0.3692  1
1442:   0.0000  0.6208  0.3792  1
1443:   0.0000  0.6281  0.3719  1
1444:   0.0000  0.6235  0.3765  1
1445:   0.0000  0.6287  0.3713  1
1446:   0.0000  0.8581  0.1419  1
1447:   0.0000  0.6380  0.3620  1
1448:   0.0000  0.6456  0.3544  1
1449:   0.0000  0.6642  0.3358  1
1450:   0.0000  0.6767  0.3233  1
1451:   0.0000  0.6440  0.3560  1
1452:   0.0000  0.7276  0.2724  1
1453:   0.0000  0.6485  0.3515  1
1454:   0.0001  0.6623  0.3375  1
1455:   0.0000  0.9007  0.0993  1
1456:   0.0000  0.6161  0.3839  1
1457:   0.0000  0.6163  0.3837  1
1458:   0.0000  0.6276  0.3724  1
1459:   0.0000  0.6272  0.3728  1
1460:   0.0000  0.6249  0.3751  1
1461:   0.0000  0.9343  0.0657  1
1462:   0.0000  0.9431  0.0569  1
1463:   0.0000  0.9591  0.0409  1
1464:   0.0000  0.9667  0.0333  1
1465:   0.0000  0.9239  0.0761  1
1466:   0.0000  0.9017  0.0983  1
1467:   0.0000  0.9119  0.0881  1
1468:   0.0000  0.9265  0.0735  1
1469:   0.0000  0.8800  0.1200  1
1470:   0.0000  0.9584  0.0416  1
1471:   0.0000  1.0000  0.0000  1
1472:   0.0000  0.9783  0.0217  1
1473:   0.0000  0.9904  0.0096  1
1474:   0.0000  0.9987  0.0013  1
1475:   0.0000  0.6348  0.3652  1
1476:   0.0000  0.6351  0.3649  1
1477:   0.0000  0.9663  0.0337  1
1478:   0.0000  0.9609  0.0391  1
1479:   0.0000  0.9668  0.0332  1
1480:   0.0000  0.9739  0.0260  1
1481:   0.0000  0.9487  0.0513  1
1482:   0.0000  0.9866  0.0134  1
1483:   0.0000  0.9712  0.0288  1
1484:   0.0000  0.8539  0.1461  1
1485:   0.0000  0.9391  0.0609  1
1486:   0.0000  0.9400  0.0600  1
1487:   0.0000  0.6837  0.3163  1
1488:   0.0000  0.6379  0.3621  1
1489:   0.0000  0.9708  0.0292  1
1490:   0.0000  0.8862  0.1138  1
1491:   0.0000  0.8338  0.1662  1
1492:   0.0000  0.8622  0.1378  1
1493:   0.0020  0.8230  0.1750  1
1494:   0.0000  0.8797  0.1203  1
1495:   0.0000  0.8234  0.1766  1
1496:   0.0000  0.6879  0.3121  1
1497:   0.0000  0.7191  0.2809  1
1498:   0.0041  0.7837  0.2122  1
1499:   0.0394  0.6756  0.2850  1
1500:   0.0000  0.6435  0.3565  1
1501:   0.0000  0.6297  0.3703  1
1502:   0.0000  0.6782  0.3218  1
1503:   0.0000  0.6327  0.3673  1
1504:   0.0000  0.6289  0.3711  1
1505:   0.0000  0.6271  0.3729  1
1506:   0.0000  0.6317  0.3683  1
1507:   0.0000  0.6305  0.3695  1
1508:   0.0000  0.9476  0.0524  1
1509:   0.0000  0.9585  0.0415  1
1510:   0.0000  0.9570  0.0430  1
1511:   0.0000  0.9052  0.0948  1
1512:   0.0000  0.8872  0.1128  1
1513:   0.0000  0.9498  0.0502  1
1514:   0.0000  0.8048  0.1952  1
1515:   0.0000  0.9145  0.0855  1
1516:   0.0000  0.9580  0.0420  1
1517:   0.0000  0.6430  0.3570  1
1518:   0.0006  0.6370  0.3624  1
1519:   0.0000  0.6430  0.3570  1
1520:   0.0000  0.9118  0.0882  1
1521:   0.0000  0.9076  0.0924  1
1522:   0.0000  0.8622  0.1378  1
1523:   0.0000  0.8415  0.1585  1
1524:   0.0000  0.9104  0.0896  1
1525:   0.0000  0.9695  0.0305  1
1526:   0.0000  0.8981  0.1019  1
1527:   0.0000  0.9067  0.0933  1
1528:   0.0000  0.9555  0.0445  1
1529:   0.0000  0.9195  0.0805  1
1530:   0.0000  0.9339  0.0661  1
1531:   0.0000  0.9497  0.0503  1
1532:   0.0000  1.0000  0.0000  1
1533:   0.0000  0.9596  0.0404  1
1534:   0.0000  0.9865  0.0135  1
1535:   0.0000  0.9714  0.0286  1
1536:   0.0000  0.9696  0.0304  1
1537:   0.0000  0.6286  0.3714  1
1538:   0.0000  0.6401  0.3599  1
1539:   0.0000  0.9625  0.0375  1
1540:   0.0000  0.9541  0.0459  1
1541:   0.0000  0.9117  0.0883  1
1542:   0.0000  0.9948  0.0052  1
1543:   0.0000  0.9997  0.0003  1
1544:   0.0000  0.9809  0.0191  1
1545:   0.0000  0.9801  0.0199  1
1546:   0.0002  0.9751  0.0247  1
1547:   0.0000  0.7018  0.2982  1
1548:   0.0000  0.8864  0.1136  1
1549:   0.0000  0.9302  0.0698  1
1550:   0.0000  0.9136  0.0864  1
1551:   0.0000  0.8183  0.1817  1
1552:   0.0000  0.9523  0.0477  1
1553:   0.0000  0.9161  0.0839  1
1554:   0.0000  0.9976  0.0024  1
1555:   0.0000  0.9745  0.0255  1
1556:   0.0000  0.9467  0.0533  1
1557:   0.0000  0.9074  0.0926  1
1558:   0.0000  0.8935  0.1065  1
1559:   0.0000  0.9032  0.0968  1
1560:   0.0000  0.9340  0.0660  1
1561:   0.0000  0.8664  0.1336  1
1562:   0.0000  0.9983  0.0017  1
1563:   0.0000  0.9939  0.0061  1
1564:   0.0000  0.6345  0.3655  1
1565:   0.0000  0.6264  0.3736  1
1566:   0.0000  0.6628  0.3372  1
1567:   0.0000  0.6356  0.3644  1
1568:   0.0000  0.6298  0.3702  1
1569:   0.0000  0.6392  0.3608  1
1570:   0.0000  0.6334  0.3666  1
1571:   0.0000  0.6467  0.3533  1
1572:   0.0000  0.6640  0.3360  1
1573:   0.0000  0.6366  0.3634  1
1574:   0.0000  0.6426  0.3574  1
1575:   0.0000  0.6690  0.3310  1
1576:   0.0000  0.6350  0.3650  1
1577:   0.0000  0.9715  0.0285  1
1578:   0.0000  0.9727  0.0273  1
1579:   0.0000  0.9232  0.0768  1
1580:   0.0000  0.9473  0.0527  1
1581:   0.0000  0.9296  0.0704  1
1582:   0.0000  0.9943  0.0057  1
1583:   0.0000  0.9373  0.0627  1
1584:   0.0000  0.8750  0.1250  1
1585:   0.0000  0.9220  0.0780  1
1586:   0.0000  1.0000  0.0000  1
1587:   0.0000  0.9689  0.0311  1
1588:   0.0000  0.9957  0.0043  1
1589:   0.0000  0.9401  0.0599  1
1590:   0.0000  1.0000  0.0000  1
1591:   0.0000  0.9937  0.0063  1
1592:   0.0000  0.9656  0.0344  1
1593:   0.0000  0.9984  0.0016  1
1594:   0.0000  0.8925  0.1075  1
1595:   0.0000  0.9824  0.0176  1
1596:   0.0000  0.9712  0.0288  1
1597:   0.0000  0.9086  0.0914  1
1598:   0.0000  0.9741  0.0259  1
1599:   0.0000  0.9207  0.0793  1
1600:   0.0000  0.8759  0.1241  1
1601:   0.0000  0.9180  0.0820  1
1602:   0.0000  0.8916  0.1084  1
1603:   0.0000  0.9456  0.0544  1
1604:   0.0000  0.8905  0.1095  1
1605:   0.0000  0.9396  0.0604  1
1606:   0.0077  0.8144  0.1779  1
1607:   0.0017  0.8535  0.1447  1
1608:   0.0007  0.8839  0.1154  1
1609:   0.0000  0.8735  0.1265  1
1610:   0.0000  0.8815  0.1185  1
1611:   0.0000  0.8979  0.1021  1
1612:   0.0000  0.8807  0.1193  1
1613:   0.0000  0.9493  0.0507  1
1614:   0.0000  0.9296  0.0704  1
1615:   0.0000  0.8335  0.1665  1
1616:   0.0000  0.9214  0.0786  1
1617:   0.0000  0.6323  0.3677  1
1618:   0.0000  0.6249  0.3751  1
1619:   0.0012  0.6337  0.3651  1
1620:   0.0000  0.6205  0.3795  1
1621:   0.0000  0.6207  0.3793  1
1622:   0.0000  0.6256  0.3744  1
1623:   0.0000  0.6185  0.3815  1
1624:   0.0000  0.8605  0.1395  1
1625:   0.0000  0.8691  0.1309  1
1626:   0.0000  0.8807  0.1193  1
1627:   0.0000  0.9244  0.0756  1
1628:   0.0000  0.9109  0.0891  1
1629:   0.0000  0.8886  0.1114  1
1630:   0.0000  0.9599  0.0401  1
1631:   0.0000  0.7276  0.2724  1
1632:   0.0000  0.9275  0.0725  1
1633:   0.0000  0.9409  0.0591  1
1634:   0.0000  0.9082  0.0918  1
1635:   0.0000  0.9264  0.0736  1
1636:   0.0000  0.9790  0.0210  1
1637:   0.0000  0.9698  0.0302  1
1638:   0.0000  0.9797  0.0203  1
1639:   0.0000  0.6334  0.3666  1
1640:   0.0000  0.6401  0.3599  1
1641:   0.0000  0.9689  0.0311  1
1642:   0.0000  0.9651  0.0349  1
1643:   0.0000  0.6375  0.3625  1
1644:   0.0000  0.6358  0.3642  1
1645:   0.0000  0.6312  0.3688  1
1646:   0.0015  0.6191  0.3793  1
1647:   0.0000  0.9707  0.0293  1
1648:   0.0000  0.9897  0.0103  1
1649:   0.0000  0.9751  0.0249  1
1650:   0.0000  0.9488  0.0512  1
1651:   0.0000  0.6214  0.3786  1
1652:   0.0000  0.9847  0.0153  1
1653:   0.0000  1.0000  0.0000  1
1654:   0.0000  0.9027  0.0973  1
1655:   0.0000  0.8660  0.1340  1
1656:   0.0000  0.9504  0.0496  1
1657:   0.0000  0.9417  0.0583  1
1658:   0.0000  0.7876  0.2124  1
1659:   0.0003  0.9591  0.0407  1
1660:   0.0000  0.9250  0.0750  1
1661:   0.0000  0.9492  0.0508  1
1662:   0.0000  0.8228  0.1772  1
1663:   0.0000  0.9332  0.0668  1
1664:   0.0000  0.9141  0.0859  1
1665:   0.0000  0.9545  0.0455  1
1666:   0.0000  0.8699  0.1301  1
1667:   0.0000  0.9035  0.0965  1
1668:   0.0000  0.8760  0.1240  1
1669:   0.0000  0.8924  0.1076  1
1670:   0.0000  0.9371  0.0629  1
1671:   0.0000  0.9497  0.0503  1
1672:   0.0000  0.9401  0.0599  1
1673:   0.0000  0.9496  0.0504  1
1674:   0.0000  0.9285  0.0715  1
1675:   0.0000  0.9244  0.0756  1
1676:   0.0000  0.6257  0.3743  1
1677:   0.0000  0.6678  0.3322  1
1678:   0.0000  0.6342  0.3658  1
1679:   0.0000  0.6433  0.3567  1
1680:   0.0000  0.6158  0.3842  1
1681:   0.0000  0.7513  0.2487  1
1682:   0.0000  0.9726  0.0274  1
1683:   0.0000  0.9986  0.0014  1
1684:   0.0000  0.9693  0.0307  1
1685:   0.0000  0.9673  0.0327  1
1686:   0.0000  0.6401  0.3599  1
1687:   0.0000  0.6227  0.3773  1
1688:   0.0000  0.6276  0.3724  1
1689:   0.0000  0.6208  0.3792  1
1690:   0.0000  0.6294  0.3706  1
1691:   0.0000  0.6349  0.3651  1
1692:   0.0000  0.6304  0.3696  1
1693:   0.0000  0.9287  0.0713  1
1694:   0.0000  0.9067  0.0933  1
1695:   0.0000  0.9247  0.0753  1
1696:   0.0000  0.9285  0.0715  1
1697:   0.0006  0.8814  0.1180  1
1698:   0.0000  0.9815  0.0185  1
1699:   0.0000  0.8708  0.1292  1
1700:   0.0000  0.9691  0.0309  1
1701:   0.0000  0.9018  0.0982  1
1702:   0.0000  0.6359  0.3641  1
1703:   0.0000  0.6412  0.3588  1
1704:   0.0000  0.6247  0.3753  1
1705:   0.0000  0.6426  0.3574  1
1706:   0.0000  0.9318  0.0682  1
1707:   0.0002  0.9110  0.0888  1
1708:   0.0000  0.8613  0.1387  1
1709:   0.0000  0.9423  0.0577  1
1710:   0.0000  0.9285  0.0715  1
1711:   0.0000  0.8904  0.1096  1
1712:   0.0000  0.9033  0.0967  1
1713:   0.0000  0.8957  0.1043  1
1714:   0.0000  0.9002  0.0998  1
1715:   0.0000  0.9065  0.0935  1
1716:   0.0000  0.9386  0.0614  1
1717:   0.0000  0.9101  0.0899  1
1718:   0.0000  0.6425  0.3575  1
1719:   0.0000  0.6307  0.3693  1
1720:   0.0000  0.9490  0.0510  1
1721:   0.0000  0.6359  0.3641  1
1722:   0.0000  0.6758  0.3242  1
1723:   0.0000  0.9625  0.0375  1
1724:   0.0000  0.9870  0.0130  1
1725:   0.0000  0.9676  0.0324  1
1726:   0.0000  0.9634  0.0366  1
1727:   0.0000  0.9840  0.0160  1
1728:   0.0000  0.9574  0.0426  1
1729:   0.0000  0.9890  0.0110  1
1730:   0.0000  0.9570  0.0430  1
1731:   0.0000  0.9649  0.0351  1
1732:   0.0000  0.9647  0.0353  1
1733:   0.0000  0.9982  0.0018  1
1734:   0.0000  0.9993  0.0007  1
1735:   0.0000  1.0000  0.0000  1
1736:   0.0407  0.8848  0.0745  1
1737:   0.0000  0.9895  0.0105  1
1738:   0.0000  0.9557  0.0443  1
1739:   0.0000  0.9997  0.0003  1
1740:   0.0000  0.9868  0.0132  1
1741:   0.0000  0.9999  0.0001  1
1742:   0.0000  0.9593  0.0407  1
1743:   0.0000  0.6318  0.3682  1
1744:   0.0000  0.6418  0.3582  1
1745:   0.0000  0.6211  0.3789  1
1746:   0.0000  0.6271  0.3729  1
1747:   0.0000  0.6285  0.3715  1
1748:   0.0000  0.6236  0.3764  1
1749:   0.0000  0.6239  0.3761  1
1750:   0.0000  0.6290  0.3710  1
1751:   0.0000  0.6197  0.3803  1
1752:   0.0000  0.6206  0.3794  1
1753:   0.0000  0.9751  0.0249  1
1754:   0.0000  0.9896  0.0104  1
1755:   0.0000  0.9786  0.0214  1
1756:   0.0000  0.9457  0.0543  1
1757:   0.0000  0.9637  0.0363  1
1758:   0.0000  0.9560  0.0440  1
1759:   0.0000  0.9455  0.0545  1
1760:   0.0000  0.9830  0.0170  1
1761:   0.0000  0.9787  0.0213  1
1762:   0.0000  0.9495  0.0505  1
1763:   0.0000  0.7000  0.3000  1
1764:   0.0000  0.9515  0.0485  1
1765:   0.0000  0.9260  0.0740  1
1766:   0.0000  0.9581  0.0419  1
1767:   0.0000  0.8964  0.1036  1
1768:   0.0000  0.9069  0.0931  1
1769:   0.0000  0.8963  0.1037  1
1770:   0.0000  0.9129  0.0871  1
1771:   0.0000  0.9418  0.0582  1
1772:   0.0000  0.8648  0.1352  1
1773:   0.0000  0.9496  0.0504  1
1774:   0.0000  0.6272  0.3728  1
1775:   0.0000  0.6262  0.3738  1
1776:   0.0000  0.6258  0.3742  1
1777:   0.0000  0.6229  0.3771  1
1778:   0.0000  0.6349  0.3651  1
1779:   0.0000  0.6218  0.3782  1
1780:   0.0000  0.6263  0.3737  1
1781:   0.0000  0.6310  0.3690  1
1782:   0.0000  0.6222  0.3778  1
1783:   0.0000  0.6144  0.3856  1
1784:   0.0000  0.9032  0.0968  1
1785:   0.0000  0.7880  0.2120  1
1786:   0.0000  0.9460  0.0540  1
1787:   0.0000  0.9017  0.0983  1
1788:   0.0000  0.7000  0.3000  1
1789:   0.0053  0.8498  0.1449  1
1790:   0.0000  0.6361  0.3639  1
1791:   0.0000  0.6316  0.3684  1
1792:   0.0000  0.7697  0.2303  1
1793:   0.0000  0.7803  0.2197  1
1794:   0.0000  0.6420  0.3580  1
1795:   0.0000  0.6394  0.3606  1
1796:   0.0000  0.8238  0.1762  1
1797:   0.0000  0.8364  0.1636  1
1798:   0.0000  0.6408  0.3592  1
1799:   0.0000  0.6608  0.3392  1
1800:   0.0000  0.8121  0.1879  1
1801:   0.0000  0.8053  0.1947  1
1802:   0.0000  0.9664  0.0336  1
1803:   0.0000  0.6994  0.3006  1
1804:   0.0000  0.9212  0.0788  1
1805:   0.0000  0.9261  0.0739  1
1806:   0.0000  0.9125  0.0875  1
1807:   0.0000  0.9444  0.0556  1
1808:   0.0000  0.9239  0.0761  1
1809:   0.0000  0.9178  0.0822  1
1810:   0.0000  0.9244  0.0756  1
1811:   0.0000  0.9275  0.0725  1
1812:   0.0000  0.8963  0.1037  1
1813:   0.0000  0.9491  0.0509  1
1814:   0.0000  0.6252  0.3748  1
1815:   0.0000  0.6318  0.3682  1
1816:   0.0000  0.6329  0.3671  1
1817:   0.0000  0.6274  0.3726  1
1818:   0.0000  0.6280  0.3720  1
1819:   0.0000  0.6373  0.3627  1
1820:   0.0000  0.6296  0.3704  1
1821:   0.0000  0.6331  0.3669  1
1822:   0.0000  0.6274  0.3726  1
1823:   0.0000  0.9605  0.0395  1
1824:   0.0000  0.9727  0.0273  1
1825:   0.0000  0.9933  0.0067  1
1826:   0.0000  0.9177  0.0823  1
1827:   0.0000  0.9165  0.0835  1
1828:   0.0000  0.9323  0.0677  1
1829:   0.0000  0.6234  0.3766  1
1830:   0.0000  0.6315  0.3685  1
1831:   0.0000  0.6347  0.3653  1
1832:   0.0000  0.6262  0.3738  1
1833:   0.0000  0.6267  0.3733  1
1834:   0.0000  0.6337  0.3663  1
1835:   0.0000  0.9283  0.0717  1
1836:   0.0000  0.9101  0.0899  1
1837:   0.0000  0.9246  0.0754  1
1838:   0.0000  0.9587  0.0413  1
1839:   0.0002  0.8956  0.1042  1
1840:   0.0000  0.9321  0.0679  1
1841:   0.0000  0.9069  0.0931  1
1842:   0.0000  0.9427  0.0573  1
1843:   0.0029  0.7850  0.2121  1
1844:   0.0000  0.7213  0.2787  1
1845:   0.0000  0.7790  0.2210  1
1846:   0.0000  0.8011  0.1989  1
1847:   0.0000  0.9668  0.0332  1
1848:   0.0000  0.9600  0.0400  1
1849:   0.0000  0.9882  0.0118  1
1850:   0.0000  0.9960  0.0040  1
1851:   0.0000  0.9451  0.0549  1
1852:   0.0000  0.9910  0.0090  1
1853:   0.0000  0.9818  0.0182  1
1854:   0.0000  0.9846  0.0154  1
1855:   0.0000  0.9885  0.0115  1
1856:   0.0000  0.9832  0.0168  1
1857:   0.0000  0.9889  0.0111  1
1858:   0.0000  0.9986  0.0014  1
1859:   0.0000  0.9843  0.0157  1
1860:   0.0000  0.9653  0.0347  1
1861:   0.0000  0.9793  0.0207  1
1862:   0.0000  0.9919  0.0081  1
1863:   0.0000  0.9786  0.0214  1
1864:   0.0000  0.9988  0.0012  1
1865:   0.0000  0.9994  0.0006  1
1866:   0.0000  0.7446  0.2554  1
1867:   0.0000  0.8226  0.1774  1
1868:   0.0000  0.7194  0.2806  1
1869:   0.0000  0.7119  0.2881  1
1870:   0.0000  0.7437  0.2563  1
1871:   0.0000  0.8024  0.1976  1
1872:   0.0000  0.7445  0.2555  1
1873:   0.0000  0.7279  0.2721  1
1874:   0.0000  0.8301  0.1699  1
1875:   0.0000  0.9716  0.0284  1
1876:   0.0000  0.9708  0.0292  1
1877:   0.0000  0.6331  0.3669  1
1878:   0.0000  0.6126  0.3874  1
1879:   0.0000  0.6233  0.3767  1
1880:   0.0000  0.6274  0.3726  1
1881:   0.0000  0.6281  0.3719  1
1882:   0.0000  0.6278  0.3722  1
1883:   0.0000  0.9684  0.0316  1
1884:   0.0000  0.9866  0.0134  1
1885:   0.0000  0.9701  0.0299  1
1886:   0.0000  0.9694  0.0306  1
1887:   0.0000  0.9554  0.0446  1
1888:   0.0000  0.9714  0.0286  1
1889:   0.0000  0.9987  0.0013  1
1890:   0.0000  0.9196  0.0804  1
1891:   0.0000  0.9681  0.0319  1
1892:   0.0000  0.9998  0.0002  1
1893:   0.0000  0.6214  0.3786  1
1894:   0.0004  0.6295  0.3701  1
1895:   0.0000  0.9106  0.0894  1
1896:   0.0000  0.8208  0.1792  1
1897:   0.0000  0.9512  0.0488  1
1898:   0.0000  0.9059  0.0941  1
1899:   0.0000  0.9041  0.0959  1
1900:   0.0000  0.6332  0.3668  1
1901:   0.0000  0.9529  0.0471  1
1902:   0.0000  0.8418  0.1582  1
1903:   0.0000  0.9914  0.0086  1
1904:   0.0005  0.9715  0.0280  1
1905:   0.0000  0.6395  0.3605  1
1906:   0.0000  0.6292  0.3708  1
1907:   0.0000  0.6196  0.3804  1
1908:   0.0000  0.6253  0.3747  1
1909:   0.0000  0.6265  0.3735  1
1910:   0.0000  0.6247  0.3753  1
1911:   0.0000  0.6315  0.3685  1
1912:   0.0000  0.7000  0.3000  1
1913:   0.0000  0.7000  0.3000  1
1914:   0.0000  0.7000  0.3000  1
1915:   0.0000  0.6996  0.3004  1
1916:   0.0010  0.6978  0.3012  1
1917:   0.0350  0.6545  0.3105  1
1918:   0.0166  0.6731  0.3104  1
1919:   0.0079  0.6871  0.3050  1
1920:   0.0033  0.6948  0.3019  1
1921:   0.0000  0.7000  0.3000  1
1922:   0.0000  0.6362  0.3638  1
1923:   0.0000  0.6462  0.3538  1
1924:   0.0000  0.6515  0.3485  1
1925:   0.0000  0.6711  0.3289  1
1926:   0.0000  0.6516  0.3484  1
1927:   0.0000  0.6595  0.3405  1
1928:   0.0000  0.7075  0.2925  1
1929:   0.0000  0.8169  0.1831  1
1930:   0.0000  0.9550  0.0450  1
1931:   0.0000  0.8617  0.1383  1
1932:   0.0000  0.9121  0.0879  1
1933:   0.0000  0.9398  0.0602  1
1934:   0.0000  0.8860  0.1140  1
1935:   0.0000  0.8852  0.1148  1
1936:   0.0000  0.8977  0.1023  1
1937:   0.0000  0.6331  0.3669  1
1938:   0.0000  0.6297  0.3703  1
1939:   0.0000  0.6253  0.3747  1
1940:   0.0000  0.6220  0.3780  1
1941:   0.0000  0.6372  0.3628  1
1942:   0.0000  0.6431  0.3569  1
1943:   0.0000  0.6286  0.3714  1
1944:   0.0000  0.6250  0.3750  1
1945:   0.0000  0.6358  0.3642  1
1946:   0.0000  0.6230  0.3770  1
1947:   0.0000  0.6230  0.3770  1
1948:   0.0000  0.6354  0.3646  1
1949:   0.0000  0.6398  0.3602  1
1950:   0.0000  0.6355  0.3645  1
1951:   0.0000  0.6374  0.3626  1
1952:   0.0000  0.6183  0.3817  1
1953:   0.0000  0.6841  0.3159  1
1954:   0.0000  0.6388  0.3612  1
1955:   0.0000  0.6358  0.3642  1
1956:   0.0000  0.6264  0.3736  1
1957:   0.0000  0.6358  0.3642  1
1958:   0.0000  0.6290  0.3710  1
1959:   0.0000  0.8691  0.1309  1
1960:   0.0000  0.8734  0.1266  1
1961:   0.0000  0.8413  0.1587  1
1962:   0.0000  0.8012  0.1988  1
1963:   0.0000  0.8408  0.1592  1
1964:   0.0000  0.8745  0.1255  1
1965:   0.0000  0.7694  0.2306  1
1966:   0.0000  0.8665  0.1335  1
1967:   0.0000  0.7621  0.2379  1
1968:   0.0000  0.7722  0.2278  1
1969:   0.0000  0.6163  0.3837  1
1970:   0.0000  0.6199  0.3801  1
1971:   0.0000  0.6194  0.3806  1
1972:   0.0000  0.9863  0.0137  1
1973:   0.0000  0.9853  0.0147  1
1974:   0.0000  0.9978  0.0022  1
1975:   0.0000  0.9881  0.0119  1
1976:   0.0000  0.9867  0.0133  1
1977:   0.0000  0.9591  0.0409  1
1978:   0.0000  0.9801  0.0199  1
1979:   0.0214  0.9122  0.0664  1
1980:   0.0000  0.9963  0.0037  1
1981:   0.0000  0.9769  0.0231  1
1982:   0.0000  0.8750  0.1250  1
1983:   0.0000  0.8397  0.1603  1
1984:   0.0000  0.7963  0.2037  1
1985:   0.0000  0.7987  0.2013  1
1986:   0.0000  0.8035  0.1965  1
1987:   0.0000  0.7474  0.2526  1
1988:   0.0000  0.7535  0.2465  1
1989:   0.0000  0.7000  0.3000  1
1990:   0.0000  0.7000  0.3000  1
1991:   0.0000  0.7000  0.3000  1
1992:   0.0000  0.7000  0.3000  1
1993:   0.0022  0.6974  0.3005  1
1994:   0.0000  0.7000  0.3000  1
1995:   0.0000  0.6211  0.3789  1
1996:   0.0000  0.9997  0.0003  1
1997:   0.0000  0.9977  0.0023  1
1998:   0.0000  0.9829  0.0171  1
1999:   0.0000  1.0000  0.0000  1
2000:   0.0000  0.9997  0.0003  1
2001:   0.0000  0.9811  0.0189  1
2002:   0.0000  0.9886  0.0114  1
2003:   0.0000  0.8219  0.1781  1
2004:   0.0000  0.9055  0.0945  1
2005:   0.0000  0.9250  0.0750  1
2006:   0.0000  0.9029  0.0971  1
2007:   0.0000  0.9202  0.0798  1
2008:   0.0000  0.8911  0.1089  1
2009:   0.0000  0.9161  0.0839  1
2010:   0.0000  0.9508  0.0492  1
2011:   0.0000  0.7114  0.2886  1
2012:   0.0000  0.6315  0.3685  1
2013:   0.0000  0.6291  0.3709  1
2014:   0.0006  0.6987  0.3008  1
2015:   0.0080  0.6894  0.3025  1
2016:   0.0099  0.6845  0.3056  1
2017:   0.0052  0.6908  0.3040  1
2018:   0.0000  0.7000  0.3000  1
2019:   0.0000  0.7000  0.3000  1
2020:   0.0000  0.9828  0.0172  1
2021:   0.0000  0.9732  0.0268  1
2022:   0.0000  0.9101  0.0899  1
2023:   0.0007  0.6986  0.3007  1
2024:   0.0001  0.6992  0.3007  1
2025:   0.0000  0.7000  0.3000  1
2026:   0.0000  0.7000  0.3000  1
2027:   0.0000  0.7000  0.3000  1
2028:   0.0000  0.6306  0.3694  1
2029:   0.0000  0.8975  0.1025  1
2030:   0.0000  0.9273  0.0727  1
2031:   0.0000  0.9241  0.0759  1
2032:   0.0000  0.8816  0.1184  1
2033:   0.0000  0.8882  0.1118  1
2034:   0.0000  0.9455  0.0545  1
2035:   0.0000  0.8926  0.1074  1
2036:   0.0000  0.8741  0.1259  1
2037:   0.0000  0.9150  0.0850  1
2038:   0.0000  0.6997  0.3003  1
2039:   0.0000  0.6974  0.3026  1
2040:   0.0000  0.9634  0.0366  1
2041:   0.0000  0.6716  0.3284  1
2042:   0.0000  0.7140  0.2860  1
2043:   0.0000  0.8242  0.1758  1
2044:   0.0577  0.7647  0.1776  1
2045:   0.0000  0.9129  0.0871  1
2046:   0.0000  0.9080  0.0920  1
2047:   0.0000  0.8993  0.1007  1
2048:   0.0000  0.8917  0.1083  1
2049:   0.0000  0.9721  0.0279  1
2050:   0.0000  0.9181  0.0819  1
2051:   0.0000  0.8608  0.1392  1
2052:   0.0000  0.9123  0.0877  1
2053:   0.0000  0.8895  0.1105  1
2054:   0.0000  0.8855  0.1145  1
2055:   0.0000  0.9654  0.0346  1
2056:   0.0000  0.6228  0.3772  1
2057:   0.0000  0.6304  0.3696  1
2058:   0.0000  0.6258  0.3742  1
2059:   0.0000  0.6218  0.3782  1
2060:   0.0000  0.6318  0.3682  1
2061:   0.0000  0.6413  0.3587  1
2062:   0.0000  0.6354  0.3646  1
2063:   0.0000  0.6384  0.3616  1
2064:   0.0000  0.6442  0.3558  1
2065:   0.0000  0.6381  0.3619  1
2066:   0.0000  0.6384  0.3616  1
2067:   0.0000  0.6290  0.3710  1
2068:   0.0000  0.6391  0.3609  1
2069:   0.0000  0.6443  0.3557  1
2070:   0.0000  0.9952  0.0048  1
2071:   0.0000  0.9885  0.0115  1
2072:   0.0000  0.9515  0.0485  1
2073:   0.0000  0.9590  0.0410  1
2074:   0.0000  0.9082  0.0918  1
2075:   0.0000  0.9665  0.0335  1
2076:   0.0000  0.9805  0.0195  1
2077:   0.0000  0.6488  0.3512  1
2078:   0.0000  0.6626  0.3374  1
2079:   0.0000  0.6380  0.3620  1
2080:   0.0000  0.7091  0.2909  1
2081:   0.0000  0.7035  0.2965  1
2082:   0.0000  0.7173  0.2827  1
2083:   0.0003  0.6385  0.3612  1
2084:   0.0000  0.6643  0.3357  1
2085:   0.0000  0.7742  0.2258  1
2086:   0.0000  0.7394  0.2606  1
2087:   0.0000  0.7632  0.2368  1
2088:   0.0022  0.7653  0.2325  1
2089:   0.0000  0.7944  0.2056  1
2090:   0.0000  0.7619  0.2381  1
2091:   0.0000  0.6388  0.3612  1
2092:   0.0000  0.8170  0.1830  1
2093:   0.0000  0.6345  0.3655  1
2094:   0.0000  0.6201  0.3799  1
2095:   0.0000  0.7587  0.2413  1
2096:   0.0000  0.7259  0.2741  1
2097:   0.0001  0.6995  0.3005  1
2098:   0.0050  0.6910  0.3039  1
2099:   0.0000  0.6996  0.3004  1
2100:   0.0000  0.7000  0.3000  1
2101:   0.0010  0.6988  0.3002  1
2102:   0.0000  0.9478  0.0522  1
2103:   0.0000  0.7000  0.3000  1
2104:   0.0000  0.9448  0.0552  1
2105:   0.0000  0.9223  0.0777  1
2106:   0.0000  0.9439  0.0561  1
2107:   0.0000  0.9425  0.0575  1
2108:   0.0000  0.9233  0.0767  1
2109:   0.0000  0.8681  0.1319  1
2110:   0.0000  0.9390  0.0610  1
2111:   0.0000  0.9669  0.0331  1
2112:   0.0000  0.9315  0.0685  1
2113:   0.0000  0.9538  0.0462  1
2114:   0.0000  0.7373  0.2627  1
2115:   0.0000  0.6210  0.3790  1
2116:   0.0000  0.7000  0.3000  1
2117:   0.0000  0.6981  0.3019  1
2118:   0.0000  0.6910  0.3090  1
2119:   0.0000  0.7000  0.3000  1
2120:   0.0000  0.6929  0.3071  1
2121:   0.0000  0.6888  0.3112  1
2122:   0.0000  0.6173  0.3827  1
2123:   0.0000  0.6340  0.3659  1
2124:   0.0000  0.6172  0.3828  1
2125:   0.0000  0.6389  0.3611  1
2126:   0.0000  0.6233  0.3767  1
2127:   0.0000  0.6443  0.3557  1
2128:   0.0000  0.6315  0.3685  1
2129:   0.0000  0.6292  0.3708  1
2130:   0.0000  0.6435  0.3565  1
2131:   0.0000  0.6178  0.3822  1
2132:   0.0000  0.6387  0.3613  1
2133:   0.0000  0.9853  0.0147  1
2134:   0.0000  0.9916  0.0084  1
2135:   0.0399  0.8532  0.1069  1
2136:   0.0000  0.9757  0.0243  1
2137:   0.0000  0.9781  0.0219  1
2138:   0.0000  0.9624  0.0376  1
2139:   0.0000  0.9775  0.0225  1
2140:   0.0002  0.6191  0.3807  1
2141:   0.0000  0.6132  0.3868  1
2142:   0.0000  0.6236  0.3764  1
2143:   0.0000  0.6453  0.3547  1
2144:   0.0000  0.6430  0.3570  1
2145:   0.0000  0.6257  0.3743  1
2146:   0.0000  0.6246  0.3754  1
2147:   0.0000  0.9242  0.0758  1
2148:   0.0000  0.6659  0.3341  1
2149:   0.0000  0.6392  0.3608  1
2150:   0.0000  0.7317  0.2683  1
2151:   0.0000  0.8177  0.1823  1
2152:   0.0000  0.8021  0.1979  1
2153:   0.0000  0.6901  0.3099  1
2154:   0.0000  0.7000  0.3000  1
2155:   0.0000  0.6973  0.3027  1
2156:   0.0000  0.6590  0.3410  1
2157:   0.0000  0.6994  0.3006  1
2158:   0.0000  0.8825  0.1175  1
2159:   0.0000  0.7136  0.2864  1
2160:   0.0000  0.9720  0.0280  1
2161:   0.0001  0.6994  0.3005  1
2162:   0.0000  0.9574  0.0426  1
2163:   0.0000  0.9826  0.0174  1
2164:   0.0000  0.9632  0.0368  1
2165:   0.0000  0.6634  0.3366  1
2166:   0.0000  0.7304  0.2696  1
2167:   0.0000  0.9409  0.0591  1
2168:   0.0000  0.7811  0.2189  1
2169:   0.0000  0.7632  0.2368  1
2170:   0.0000  0.8043  0.1957  1
2171:   0.0000  0.7836  0.2164  1
2172:   0.0000  0.6985  0.3015  1
2173:   0.0000  0.6939  0.3061  1
2174:   0.0000  0.9023  0.0977  1
2175:   0.0000  0.9264  0.0736  1
2176:   0.0000  0.9435  0.0565  1
2177:   0.0000  0.9086  0.0914  1
2178:   0.0000  0.8677  0.1323  1
2179:   0.0000  0.8924  0.1076  1
2180:   0.0000  0.9434  0.0566  1
2181:   0.0000  0.9458  0.0542  1
2182:   0.0000  0.6996  0.3004  1
2183:   0.0000  0.9507  0.0493  1
2184:   0.0006  0.9984  0.0010  1
2185:   0.0000  0.9933  0.0067  1
2186:   0.0000  0.9516  0.0484  1
2187:   0.0000  0.9472  0.0528  1
2188:   0.0000  0.9833  0.0167  1
2189:   0.0000  0.9983  0.0017  1
2190:   0.0000  0.6915  0.3085  1
2191:   0.0000  0.9428  0.0572  1
2192:   0.0000  0.9377  0.0623  1
2193:   0.0000  0.7000  0.3000  1
2194:   0.0000  0.6998  0.3002  1
2195:   0.0000  0.6971  0.3029  1
2196:   0.0001  0.6991  0.3008  1
2197:   0.0000  0.9608  0.0392  1
2198:   0.0000  0.9716  0.0284  1
2199:   0.0000  0.9288  0.0712  1
2200:   0.0004  0.9579  0.0418  1
2201:   0.0000  0.9650  0.0350  1
2202:   0.0000  0.8153  0.1847  1
2203:   0.0000  0.6508  0.3492  1
2204:   0.0000  0.7272  0.2728  1
2205:   0.0000  0.8943  0.1057  1
2206:   0.0000  0.8273  0.1727  1
2207:   0.0000  0.7271  0.2729  1
2208:   0.0000  0.6629  0.3371  1
2209:   0.0000  0.8658  0.1342  1
2210:   0.0000  0.9527  0.0473  1
2211:   0.0000  0.9656  0.0344  1
2212:   0.0000  0.6886  0.3114  1
2213:   0.0000  0.7090  0.2910  1
2214:   0.0000  0.6483  0.3517  1
2215:   0.0000  0.6966  0.3034  1
2216:   0.0000  0.6993  0.3007  1
2217:   0.0000  0.8427  0.1573  1
2218:   0.0000  0.7000  0.3000  1
2219:   0.0000  0.9641  0.0359  1
2220:   0.0000  0.6901  0.3099  1
2221:   0.0000  0.6903  0.3097  1
2222:   0.0000  0.8585  0.1415  1
2223:   0.0000  0.9586  0.0414  1
2224:   0.0000  0.6672  0.3328  1
2225:   0.0000  0.9233  0.0767  1
2226:   0.0000  0.9288  0.0712  1
2227:   0.0000  0.9516  0.0484  1
2228:   0.0000  0.9433  0.0567  1
2229:   0.0000  0.7117  0.2883  1
2230:   0.0000  0.9970  0.0030  1
2231:   0.0000  0.9886  0.0114  1
2232:   0.0000  0.9529  0.0471  1
2233:   0.0000  1.0000  0.0000  1
2234:   0.0000  0.9918  0.0082  1
2235:   0.0004  0.9990  0.0007  1
2236:   0.0000  0.9925  0.0075  1
2237:   0.0000  0.9861  0.0139  1
2238:   0.0000  1.0000  0.0000  1
2239:   0.0000  0.9664  0.0336  1
2240:   0.0000  0.9256  0.0744  1
2241:   0.0005  0.9402  0.0593  1
2242:   0.0002  0.6751  0.3247  1
2243:   0.0000  0.6913  0.3087  1
2244:   0.0000  0.9818  0.0182  1
2245:   0.0000  0.9652  0.0348  1
2246:   0.0169  0.9495  0.0336  1
2247:   0.0003  0.8536  0.1461  1
2248:   0.0000  0.9986  0.0014  1
2249:   0.0000  0.9981  0.0019  1
2250:   0.0000  0.7193  0.2807  1
2251:   0.0000  0.7077  0.2923  1
2252:   0.0000  0.6534  0.3466  1
2253:   0.0000  0.7463  0.2537  1
2254:   0.0000  0.6974  0.3026  1
2255:   0.0000  0.6995  0.3005  1
2256:   0.0000  0.9568  0.0432  1
2257:   0.0136  0.9708  0.0156  1
2258:   0.0000  0.9808  0.0192  1
2259:   0.0000  0.6993  0.3007  1
2260:   0.0000  0.7547  0.2453  1
2261:   0.0000  0.9978  0.0022  1
2262:   0.0000  0.9752  0.0248  1
2263:   0.0000  0.9556  0.0444  1
2264:   0.0000  0.9407  0.0593  1
2265:   0.0000  0.7659  0.2341  1
2266:   0.0000  0.7041  0.2959  1
2267:   0.0000  0.6649  0.3351  1
2268:   0.0000  0.7028  0.2972  1
2269:   0.0000  0.7168  0.2832  1
2270:   0.0000  0.6565  0.3435  1
2271:   0.0000  0.8993  0.1007  1
2272:   0.0000  0.9309  0.0691  1
2273:   0.0000  0.8730  0.1270  1
2274:   0.0000  0.9464  0.0536  1
2275:   0.0000  0.9112  0.0888  1
2276:   0.0000  0.9306  0.0694  1
2277:   0.0434  0.8613  0.0953  1
2278:   0.0000  0.8101  0.1899  1
2279:   0.0000  0.9782  0.0218  1
2280:   0.0000  0.6922  0.3078  1
2281:   0.0000  0.7000  0.3000  1
2282:   0.0000  0.6962  0.3038  1
2283:   0.0000  0.7172  0.2828  1
2284:   0.0000  0.6663  0.3337  1
2285:   0.0000  0.9852  0.0148  1
2286:   0.0000  0.7096  0.2904  1
2287:   0.0000  0.6883  0.3117  1
2288:   0.0000  0.6986  0.3014  1
2289:   0.0000  0.8432  0.1568  1
2290:   0.0000  0.6957  0.3043  1
2291:   0.0000  0.9729  0.0271  1
2292:   0.0000  0.9461  0.0539  1
2293:   0.0000  0.9604  0.0396  1
2294:   0.0000  0.9598  0.0402  1
2295:   0.0000  0.6364  0.3636  1
2296:   0.0000  0.7694  0.2306  1
2297:   0.0000  0.9508  0.0492  1
2298:   0.0000  0.9587  0.0413  1
2299:   0.0000  0.9408  0.0592  1
2300:   0.0000  0.9591  0.0409  1
2301:   0.0000  0.9154  0.0846  1
2302:   0.0016  0.9305  0.0679  1
2303:   0.0124  0.9213  0.0663  1
2304:   0.0000  0.9378  0.0622  1
2305:   0.0000  0.9330  0.0670  1
2306:   0.0000  0.7369  0.2631  1
2307:   0.0000  0.7232  0.2768  1
2308:   0.0000  0.6824  0.3176  1
2309:   0.0000  0.6941  0.3059  1
2310:   0.0000  0.7801  0.2199  1
2311:   0.0000  0.6766  0.3234  1
2312:   0.0001  0.9931  0.0067  1
2313:   0.0000  0.9892  0.0108  1
2314:   0.0058  0.9866  0.0076  1
2315:   0.0000  0.9621  0.0379  1
2316:   0.0000  0.7874  0.2126  1
2317:   0.0565  0.7813  0.1623  1
2318:   0.0180  0.9043  0.0777  1
2319:   0.0215  0.9000  0.0786  1
2320:   0.0000  0.7347  0.2653  1
2321:   0.0000  0.7742  0.2258  1
2322:   0.0000  0.7823  0.2177  1
2323:   0.0000  0.7243  0.2757  1
2324:   0.0000  0.9685  0.0315  1
2325:   0.0000  0.8421  0.1579  1
2326:   0.0000  0.8264  0.1736  1
2327:   0.0000  0.9896  0.0104  1
2328:   0.0000  0.9626  0.0374  1
2329:   0.0000  0.9483  0.0517  1
2330:   0.0000  0.9455  0.0545  1
2331:   0.0000  0.9181  0.0819  1
2332:   0.0000  0.9565  0.0435  1
2333:   0.0000  0.8710  0.1290  1
2334:   0.0000  0.6419  0.3581  1
2335:   0.0000  0.9388  0.0612  1
2336:   0.0000  0.6240  0.3760  1
2337:   0.0000  0.9050  0.0950  1
2338:   0.0000  0.8877  0.1122  1
2339:   0.0000  0.9525  0.0475  1
2340:   0.0000  0.9130  0.0870  1
2341:   0.0000  0.9070  0.0930  1
2342:   0.0000  0.9386  0.0614  1
2343:   0.0000  0.9295  0.0705  1
2344:   0.0000  0.9620  0.0380  1
2345:   0.0000  0.9760  0.0240  1
2346:   0.0000  0.9473  0.0527  1
2347:   0.0000  0.9197  0.0803  1
2348:   0.0000  0.6476  0.3524  1
2349:   0.0000  0.6295  0.3705  1
2350:   0.0000  0.6155  0.3845  1
2351:   0.0000  0.6335  0.3665  1
2352:   0.0000  0.6480  0.3520  1
2353:   0.0000  0.9002  0.0998  1
2354:   0.0000  0.8267  0.1733  1
2355:   0.0000  0.9092  0.0908  1
2356:   0.0000  0.8723  0.1277  1
2357:   0.0000  0.9463  0.0537  1
2358:   0.0000  0.6274  0.3726  1
2359:   0.0000  0.6351  0.3649  1
2360:   0.0000  0.8614  0.1386  1
2361:   0.0000  0.9438  0.0562  1
2362:   0.0004  0.8547  0.1449  1
2363:   0.0000  0.6395  0.3605  1
2364:   0.0000  0.8260  0.1740  1
2365:   0.0000  0.8423  0.1577  1
2366:   0.0000  0.7119  0.2881  1
2367:   0.0000  0.8946  0.1054  1
2368:   0.0000  0.8782  0.1218  1
2369:   0.0000  0.9194  0.0806  1
2370:   0.0000  0.9559  0.0441  1
2371:   0.0000  0.9519  0.0481  1
2372:   0.0000  0.9633  0.0367  1
2373:   0.0000  0.9584  0.0416  1
2374:   0.0000  0.9408  0.0592  1
2375:   0.0001  0.9438  0.0562  1
2376:   0.0000  0.9620  0.0380  1
2377:   0.0000  0.8250  0.1750  1
2378:   0.0000  0.8990  0.1010  1
2379:   0.0000  0.7910  0.2090  1
2380:   0.0245  0.7694  0.2061  1
2381:   0.0000  0.7842  0.2158  1
2382:   0.0000  0.8517  0.1483  1
2383:   0.0000  0.8582  0.1418  1
2384:   0.0000  0.8449  0.1551  1
2385:   0.0000  0.8600  0.1400  1
2386:   0.0000  0.9475  0.0525  1
2387:   0.0000  0.8003  0.1997  1
2388:   0.0000  0.8986  0.1014  1
2389:   0.0000  0.9362  0.0638  1
2390:   0.0000  0.9161  0.0839  1
2391:   0.0000  0.7067  0.2933  1
2392:   0.0000  0.8432  0.1568  1
2393:   0.0001  0.7012  0.2987  1
2394:   0.0000  0.6329  0.3671  1
2395:   0.0000  0.9408  0.0592  1
2396:   0.0000  0.9402  0.0598  1
2397:   0.0000  0.8962  0.1038  1
2398:   0.0000  0.9582  0.0418  1
2399:   0.0000  0.9488  0.0512  1
2400:   0.0000  0.9354  0.0646  1
2401:   0.0000  0.9289  0.0711  1
2402:   0.0000  0.9110  0.0890  1
2403:   0.0000  0.9888  0.0112  1
2404:   0.0000  0.9052  0.0948  1
2405:   0.0000  0.8237  0.1763  1
2406:   0.0000  0.8935  0.1065  1
2407:   0.0000  0.9155  0.0845  1
2408:   0.0000  0.8774  0.1226  1
2409:   0.0000  0.6223  0.3777  1
2410:   0.0000  0.6233  0.3767  1
2411:   0.0000  0.6247  0.3753  1
2412:   0.0000  0.9244  0.0756  1
2413:   0.0000  0.9261  0.0739  1
2414:   0.0003  0.8210  0.1787  1
2415:   0.0000  0.9299  0.0701  1
2416:   0.0000  0.9251  0.0749  1
2417:   0.0000  0.8278  0.1722  1
2418:   0.0000  0.8943  0.1057  1
2419:   0.0000  0.9541  0.0459  1
2420:   0.0000  0.9268  0.0732  1
2421:   0.0000  0.8447  0.1553  1
2422:   0.0000  0.9395  0.0605  1
2423:   0.0000  0.9132  0.0868  1
2424:   0.0000  0.8841  0.1159  1
2425:   0.0000  0.9120  0.0880  1
2426:   0.0000  0.9457  0.0543  1
2427:   0.0000  0.6238  0.3762  1
2428:   0.0000  0.6422  0.3578  1
2429:   0.0000  0.6222  0.3778  1
2430:   0.0000  0.9506  0.0494  1
2431:   0.0000  0.9294  0.0706  1
2432:   0.0000  0.9039  0.0961  1
2433:   0.0000  0.9065  0.0935  1
2434:   0.0000  0.9397  0.0603  1
2435:   0.0000  0.8355  0.1645  1
2436:   0.0000  0.6575  0.3425  1
2437:   0.0000  0.6785  0.3215  1
2438:   0.0000  0.6332  0.3668  1
2439:   0.0000  0.6299  0.3701  1
2440:   0.0000  0.8385  0.1615  1
2441:   0.0000  0.8992  0.1008  1
2442:   0.0000  0.9068  0.0932  1
2443:   0.0000  0.9299  0.0701  1
2444:   0.0000  0.9122  0.0878  1
2445:   0.0001  0.9309  0.0690  1
2446:   0.0000  0.8474  0.1526  1
2447:   0.0000  0.9133  0.0867  1
2448:   0.0000  0.9699  0.0301  1
2449:   0.0000  0.9607  0.0393  1
2450:   0.0000  0.9338  0.0662  1
2451:   0.0000  0.9138  0.0862  1
2452:   0.0000  0.9485  0.0515  1
2453:   0.0000  0.9659  0.0341  1
2454:   0.0000  0.9484  0.0516  1
2455:   0.0000  0.9030  0.0970  1
2456:   0.0000  0.9440  0.0560  1
2457:   0.0000  0.8743  0.1257  1
2458:   0.0000  0.6282  0.3718  1
2459:   0.0000  0.6387  0.3613  1
2460:   0.0000  0.6374  0.3626  1
2461:   0.0000  0.8544  0.1456  1
2462:   0.0000  0.9467  0.0533  1
2463:   0.0000  0.9103  0.0897  1
2464:   0.0000  0.9173  0.0827  1
2465:   0.0000  0.9493  0.0507  1
2466:   0.0000  0.9488  0.0512  1
2467:   0.0000  0.9395  0.0605  1
2468:   0.0000  0.9460  0.0540  1
2469:   0.0000  0.9442  0.0558  1
2470:   0.0000  0.9140  0.0860  1
2471:   0.0000  0.9797  0.0203  1
2472:   0.0000  0.9682  0.0318  1
2473:   0.0001  0.9536  0.0463  1
2474:   0.0001  0.9295  0.0704  1
2475:   0.0000  0.9267  0.0733  1
2476:   0.0000  0.9526  0.0474  1
2477:   0.0000  0.8658  0.1342  1
2478:   0.0000  0.8155  0.1845  1
2479:   0.0000  0.9323  0.0677  1
2480:   0.0000  0.8575  0.1425  1
2481:   0.0000  0.9280  0.0720  1
2482:   0.0000  0.9200  0.0800  1
2483:   0.0000  0.9195  0.0805  1
2484:   0.0000  0.9188  0.0812  1
2485:   0.0000  0.8397  0.1603  1
2486:   0.0000  0.9263  0.0737  1
2487:   0.0000  0.9325  0.0675  1
2488:   0.0000  0.6799  0.3201  1
2489:   0.0000  0.6749  0.3251  1
2490:   0.0000  0.6519  0.3481  1
2491:   0.0000  0.6436  0.3564  1
2492:   0.0000  0.8989  0.1011  1
2493:   0.0000  0.9163  0.0837  1
2494:   0.0000  0.9422  0.0578  1
2495:   0.0000  0.8902  0.1098  1
2496:   0.0000  0.9101  0.0899  1
2497:   0.0000  0.8620  0.1380  1
2498:   0.0000  0.8577  0.1423  1
2499:   0.0000  0.8650  0.1350  1
2500:   0.0000  0.9093  0.0907  1
2501:   0.0000  0.9410  0.0590  1
2502:   0.0000  0.9482  0.0518  1
2503:   0.0000  0.8818  0.1182  1
2504:   0.0000  0.9536  0.0464  1
2505:   0.0000  0.8624  0.1376  1
2506:   0.0000  0.9401  0.0599  1
2507:   0.0000  0.9206  0.0794  1
2508:   0.0000  0.9190  0.0810  1
2509:   0.0000  0.9147  0.0853  1
2510:   0.0000  0.8913  0.1087  1
2511:   0.0000  0.8467  0.1533  1
2512:   0.0000  0.8784  0.1216  1
2513:   0.0000  0.9039  0.0961  1
2514:   0.0000  0.9345  0.0655  1
2515:   0.0000  0.9563  0.0437  1
2516:   0.0000  0.9500  0.0500  1
2517:   0.0000  0.9316  0.0684  1
2518:   0.0000  0.9069  0.0931  1
2519:   0.0000  0.9136  0.0864  1
2520:   0.0000  0.8863  0.1137  1
2521:   0.0000  0.9495  0.0505  1
2522:   0.0000  0.9641  0.0359  1
2523:   0.0000  0.9387  0.0613  1
2524:   0.0000  0.8898  0.1102  1
2525:   0.0000  0.9496  0.0504  1
2526:   0.0000  0.8957  0.1043  1
2527:   0.0000  0.8960  0.1040  1
2528:   0.0000  0.9372  0.0628  1
2529:   0.0000  0.9348  0.0652  1
2530:   0.0000  0.7926  0.2074  1
2531:   0.0000  0.9328  0.0672  1
2532:   0.0000  0.8716  0.1284  1
2533:   0.0000  0.8490  0.1510  1
2534:   0.0000  0.9063  0.0937  1
2535:   0.0000  0.8943  0.1057  1
2536:   0.0000  0.6262  0.3738  1
2537:   0.0000  0.6223  0.3777  1
2538:   0.0000  0.6242  0.3758  1
2539:   0.0000  0.6346  0.3654  1
2540:   0.0000  0.6292  0.3708  1
2541:   0.0000  0.6292  0.3708  1
2542:   0.0000  0.6261  0.3739  1
2543:   0.0000  0.6276  0.3724  1
2544:   0.0000  0.6264  0.3736  1
2545:   0.0000  0.9657  0.0343  1
2546:   0.0000  0.8888  0.1112  1
2547:   0.0000  0.9382  0.0618  1
2548:   0.0000  0.8901  0.1099  1
2549:   0.0000  0.9045  0.0955  1
2550:   0.0000  0.9730  0.0270  1
2551:   0.0000  0.9164  0.0836  1
2552:   0.0000  0.9177  0.0823  1
2553:   0.0000  0.9709  0.0291  1
2554:   0.0000  0.9082  0.0918  1
2555:   0.0000  0.9502  0.0498  1
2556:   0.0000  0.9035  0.0965  1
2557:   0.0000  0.9324  0.0676  1
2558:   0.0000  0.8762  0.1238  1
2559:   0.0000  0.8870  0.1130  1
2560:   0.0000  0.9034  0.0966  1
2561:   0.0000  0.9734  0.0266  1
2562:   0.0000  0.9073  0.0927  1
2563:   0.0000  0.9085  0.0915  1
2564:   0.0000  0.9628  0.0372  1
2565:   0.0000  0.9313  0.0687  1
2566:   0.0000  0.9505  0.0495  1
2567:   0.0000  0.8768  0.1232  1
2568:   0.0000  0.9156  0.0844  1
2569:   0.0000  0.9104  0.0896  1
2570:   0.0000  0.9288  0.0712  1
2571:   0.0000  0.8914  0.1086  1
2572:   0.0000  0.8935  0.1065  1
2573:   0.0000  0.8898  0.1102  1
2574:   0.0000  0.6295  0.3705  1
2575:   0.0000  0.6268  0.3732  1
2576:   0.0000  0.6256  0.3744  1
2577:   0.0000  0.9709  0.0291  1
2578:   0.0000  0.6292  0.3708  1
2579:   0.0000  0.9176  0.0824  1
2580:   0.0000  0.9464  0.0536  1
2581:   0.0000  0.8961  0.1039  1
2582:   0.0000  0.9545  0.0455  1
2583:   0.0000  0.9133  0.0867  1
2584:   0.0000  0.9661  0.0339  1
2585:   0.0000  0.9239  0.0761  1
2586:   0.0005  0.9184  0.0811  1
2587:   0.0000  0.9611  0.0389  1
2588:   0.0330  0.8375  0.1294  1
2589:   0.0000  0.9804  0.0196  1
2590:   0.0000  0.9630  0.0370  1
2591:   0.0000  0.9128  0.0872  1
2592:   0.0000  0.9436  0.0564  1
2593:   0.0000  0.8856  0.1144  1
2594:   0.0000  0.8927  0.1073  1
2595:   0.0000  0.9289  0.0711  1
2596:   0.0000  0.9831  0.0169  1
2597:   0.0000  0.8851  0.1149  1
2598:   0.0000  0.8956  0.1044  1
2599:   0.0000  0.9418  0.0582  1
2600:   0.0000  0.9247  0.0753  1
2601:   0.0000  0.6541  0.3459  1
2602:   0.0000  0.6450  0.3550  1
2603:   0.0000  0.6467  0.3533  1
2604:   0.0000  0.6495  0.3505  1
2605:   0.0000  0.6533  0.3467  1
2606:   0.0000  0.6615  0.3385  1
2607:   0.0000  0.6418  0.3582  1
2608:   0.0000  0.6451  0.3549  1
2609:   0.0000  0.9521  0.0479  1
2610:   0.0000  0.9516  0.0484  1
2611:   0.0000  0.9281  0.0719  1
2612:   0.0000  0.9361  0.0639  1
2613:   0.0000  0.9868  0.0132  1
2614:   0.0000  0.9660  0.0340  1
2615:   0.0000  0.9283  0.0717  1
2616:   0.0000  0.9405  0.0595  1
2617:   0.0000  0.9332  0.0668  1
2618:   0.0000  0.9956  0.0044  1
2619:   0.0000  0.8692  0.1308  1
2620:   0.0000  0.9425  0.0575  1
2621:   0.0000  0.9022  0.0978  1
2622:   0.0000  0.9340  0.0660  1
2623:   0.0000  0.8645  0.1355  1
2624:   0.0001  0.9413  0.0586  1
2625:   0.0000  0.8270  0.1730  1
2626:   0.0000  0.9223  0.0777  1
2627:   0.0000  0.9037  0.0963  1
2628:   0.0000  0.8721  0.1279  1
2629:   0.0000  0.9321  0.0679  1
2630:   0.0000  0.8773  0.1227  1
2631:   0.0000  0.9039  0.0961  1
2632:   0.0001  0.9144  0.0855  1
2633:   0.0000  0.8002  0.1998  1
2634:   0.0000  0.9146  0.0854  1
2635:   0.0000  0.9584  0.0416  1
2636:   0.0000  0.9395  0.0605  1
2637:   0.0000  0.6353  0.3647  1
2638:   0.0000  0.6350  0.3650  1
2639:   0.0000  0.6217  0.3783  1
2640:   0.0000  0.6263  0.3737  1
2641:   0.0000  0.6233  0.3767  1
2642:   0.0000  0.6247  0.3753  1
2643:   0.0000  0.6326  0.3674  1
2644:   0.0000  0.6298  0.3702  1
2645:   0.0000  0.6306  0.3694  1
2646:   0.0000  0.6329  0.3671  1
2647:   0.0000  0.9231  0.0769  1
2648:   0.0000  0.9873  0.0127  1
2649:   0.0000  0.9237  0.0763  1
2650:   0.0000  0.9186  0.0814  1
2651:   0.0000  0.9430  0.0570  1
2652:   0.0000  0.9684  0.0316  1
2653:   0.0000  0.9156  0.0844  1
2654:   0.0000  0.9571  0.0429  1
2655:   0.0000  0.9269  0.0731  1
2656:   0.0000  0.9320  0.0680  1
2657:   0.0000  0.9576  0.0424  1
2658:   0.0013  0.9520  0.0467  1
2659:   0.0002  0.9770  0.0228  1
2660:   0.0000  0.8935  0.1065  1
2661:   0.0000  0.9446  0.0554  1
2662:   0.0000  0.9000  0.1000  1
2663:   0.0000  0.7484  0.2516  1
2664:   0.0000  0.9658  0.0342  1
2665:   0.0000  0.9481  0.0519  1
2666:   0.0000  0.9786  0.0214  1
2667:   0.0000  0.8345  0.1655  1
2668:   0.0000  0.9175  0.0825  1
2669:   0.0000  0.9403  0.0597  1
2670:   0.0000  0.9328  0.0672  1
2671:   0.0000  0.9266  0.0734  1
2672:   0.0000  0.9443  0.0557  1
2673:   0.0000  0.9982  0.0018  1
2674:   0.0000  0.9283  0.0717  1
2675:   0.0000  0.9882  0.0118  1
2676:   0.0135  0.9255  0.0611  1
2677:   0.0000  0.9207  0.0793  1
2678:   0.0000  0.9863  0.0137  1
2679:   0.0000  0.6328  0.3672  1
2680:   0.0000  0.6319  0.3681  1
2681:   0.0000  0.6322  0.3678  1
2682:   0.0000  0.6350  0.3650  1
2683:   0.0000  0.6436  0.3564  1
2684:   0.0000  0.6310  0.3690  1
2685:   0.0000  0.8935  0.1065  1
2686:   0.0000  0.6267  0.3733  1
2687:   0.0000  0.9198  0.0802  1
2688:   0.0000  0.9411  0.0589  1
2689:   0.0000  0.9345  0.0655  1
2690:   0.0000  0.9233  0.0767  1
2691:   0.0000  0.9411  0.0589  1
2692:   0.0000  0.9343  0.0657  1
2693:   0.0000  0.9118  0.0882  1
2694:   0.0000  0.6407  0.3593  1
2695:   0.0000  0.9551  0.0449  1
2696:   0.0000  0.6260  0.3740  1
2697:   0.0000  0.6302  0.3698  1
2698:   0.0000  0.9434  0.0566  1
2699:   0.0000  0.6297  0.3703  1
2700:   0.0000  0.6134  0.3866  1
2701:   0.0000  0.6385  0.3615  1
2702:   0.0000  0.6452  0.3548  1
2703:   0.0000  0.6663  0.3337  1
2704:   0.0000  0.6279  0.3721  1
2705:   0.0000  0.6332  0.3668  1
2706:   0.0000  0.6478  0.3522  1
2707:   0.0000  0.6391  0.3609  1
2708:   0.0000  0.6295  0.3705  1
2709:   0.0000  0.6436  0.3564  1
2710:   0.0000  0.6294  0.3706  1
2711:   0.0000  0.6423  0.3577  1
2712:   0.0000  0.6696  0.3304  1
2713:   0.0000  0.6298  0.3702  1
2714:   0.0000  0.6310  0.3690  1
2715:   0.0000  0.6249  0.3751  1
2716:   0.0000  0.6401  0.3599  1
2717:   0.0000  0.6396  0.3604  1
2718:   0.0000  0.6382  0.3618  1
2719:   0.0000  0.8524  0.1476  1
2720:   0.0000  0.8523  0.1477  1
2721:   0.0000  0.8611  0.1389  1
2722:   0.0000  0.8243  0.1757  1
2723:   0.0000  0.8902  0.1098  1
2724:   0.0000  0.9057  0.0943  1
2725:   0.0000  0.8341  0.1659  1
2726:   0.0000  0.8867  0.1133  1
2727:   0.0000  0.6234  0.3766  1
2728:   0.0000  0.8139  0.1861  1
2729:   0.0000  0.6592  0.3408  1
2730:   0.0000  0.6355  0.3645  1
2731:   0.0000  0.8179  0.1821  1
2732:   0.0000  0.9042  0.0958  1
2733:   0.0000  0.9275  0.0725  1
2734:   0.0000  0.9092  0.0908  1
2735:   0.0000  0.8911  0.1089  1
2736:   0.0000  0.9204  0.0796  1
2737:   0.0000  0.8995  0.1005  1
2738:   0.0000  0.9256  0.0744  1
2739:   0.0000  0.8847  0.1153  1
2740:   0.0000  0.6348  0.3652  1
2741:   0.0000  0.6341  0.3659  1
2742:   0.0000  0.6228  0.3772  1
2743:   0.0000  0.6385  0.3615  1
2744:   0.0000  0.6252  0.3748  1
2745:   0.0000  0.6372  0.3628  1
2746:   0.0000  0.6406  0.3594  1
2747:   0.0000  0.9021  0.0979  1
2748:   0.0000  0.6354  0.3646  1
2749:   0.0000  0.6343  0.3657  1
2750:   0.0000  0.6870  0.3130  1
2751:   0.0000  0.6384  0.3616  1
2752:   0.0000  0.7240  0.2760  1
2753:   0.0000  0.6361  0.3639  1
2754:   0.0000  0.6710  0.3290  1
2755:   0.0000  0.6466  0.3534  1
2756:   0.0000  0.6409  0.3591  1
2757:   0.0000  0.6345  0.3655  1
2758:   0.0000  0.6306  0.3694  1
2759:   0.0000  0.6307  0.3693  1
2760:   0.0000  0.6330  0.3670  1
2761:   0.0000  0.6374  0.3626  1
2762:   0.0000  0.6354  0.3646  1
2763:   0.0000  0.6219  0.3781  1
2764:   0.0000  0.6263  0.3737  1
2765:   0.0000  0.6169  0.3831  1
2766:   0.0000  0.9390  0.0610  1
2767:   0.0000  0.8071  0.1929  1
2768:   0.0000  0.8745  0.1255  1
2769:   0.0000  0.8665  0.1335  1
2770:   0.0000  0.8222  0.1778  1
2771:   0.0000  0.6333  0.3667  1
2772:   0.0000  0.8579  0.1421  1
2773:   0.0000  0.8426  0.1574  1
2774:   0.0000  0.8954  0.1046  1
2775:   0.0000  0.8183  0.1817  1
2776:   0.0000  0.9004  0.0996  1
2777:   0.0000  0.9018  0.0982  1
2778:   0.0000  0.9295  0.0705  1
2779:   0.0000  0.7936  0.2064  1
2780:   0.0000  0.6328  0.3672  1
2781:   0.0000  0.6299  0.3701  1
2782:   0.0000  0.8547  0.1453  1
2783:   0.0000  0.9240  0.0760  1
2784:   0.0000  0.6406  0.3594  1
2785:   0.0000  0.6300  0.3700  1
2786:   0.0000  0.6226  0.3774  1
2787:   0.0000  0.6405  0.3595  1
2788:   0.0000  0.6269  0.3731  1
2789:   0.0000  0.6303  0.3697  1
2790:   0.0000  0.6418  0.3582  1
2791:   0.0000  0.6304  0.3696  1
2792:   0.0002  0.8836  0.1162  1
2793:   0.0000  0.8002  0.1998  1
