   1:   0.5612  0.4388  1
   2:   0.5662  0.4338  1
   3:   0.5622  0.4378  1
   4:   0.5651  0.4349  1
   5:   0.5651  0.4349  1
   6:   0.5587  0.4413  1
   7:   0.5582  0.4418  1
   8:   0.5640  0.4360  1
   9:   0.5622  0.4378  1
  10:   0.5639  0.4361  1
  11:   0.5612  0.4388  1
  12:   0.5643  0.4357  1
  13:   0.5634  0.4366  1
  14:   0.5572  0.4428  1
  15:   0.5604  0.4396  1
  16:   0.5629  0.4371  1
  17:   0.5626  0.4374  1
  18:   0.5671  0.4329  1
  19:   0.5678  0.4322  1
  20:   0.5730  0.4270  1
  21:   0.5646  0.4354  1
  22:   0.5610  0.4390  1
  23:   0.5629  0.4371  1
  24:   0.5619  0.4381  1
  25:   0.5618  0.4382  1
  26:   0.5610  0.4390  1
  27:   0.5638  0.4362  1
  28:   0.5643  0.4357  1
  29:   0.5616  0.4384  1
  30:   0.5627  0.4373  1
  31:   0.5682  0.4318  1
  32:   0.5651  0.4349  1
  33:   0.5672  0.4328  1
  34:   0.5704  0.4296  1
  35:   0.5582  0.4418  1
  36:   0.5784  0.4216  1
  37:   0.5652  0.4348  1
  38:   0.5671  0.4329  1
  39:   0.5675  0.4325  1
  40:   0.5778  0.4222  1
  41:   0.5631  0.4369  1
  42:   0.5724  0.4276  1
  43:   0.5698  0.4302  1
  44:   0.5692  0.4308  1
  45:   0.5703  0.4297  1
  46:   0.5778  0.4222  1
  47:   0.5699  0.4301  1
  48:   0.5721  0.4279  1
  49:   0.5602  0.4398  1
  50:   0.5786  0.4214  1
  51:   0.5627  0.4373  1
  52:   1.0000  0.0000  1
  53:   1.0000  0.0000  1
  54:   0.9996  0.0004  1
  55:   1.0000  0.0000  1
  56:   1.0000  0.0000  1
  57:   1.0000  0.0000  1
  58:   1.0000  0.0000  1
  59:   1.0000  0.0000  1
  60:   1.0000  0.0000  1
  61:   0.9940  0.0060  1
  62:   1.0000  0.0000  1
  63:   1.0000  0.0000  1
  64:   0.9939  0.0061  1
  65:   1.0000  0.0000  1
  66:   1.0000  0.0000  1
  67:   1.0000  0.0000  1
  68:   1.0000  0.0000  1
  69:   1.0000  0.0000  1
  70:   1.0000  0.0000  1
  71:   1.0000  0.0000  1
  72:   1.0000  0.0000  1
  73:   1.0000  0.0000  1
  74:   1.0000  0.0000  1
  75:   1.0000  0.0000  1
  76:   1.0000  0.0000  1
  77:   1.0000  0.0000  1
  78:   1.0000  0.0000  1
  79:   0.9940  0.0060  1
  80:   0.9990  0.0010  1
  81:   1.0000  0.0000  1
  82:   1.0000  0.0000  1
  83:   0.9969  0.0031  1
  84:   1.0000  0.0000  1
  85:   1.0000  0.0000  1
  86:   1.0000  0.0000  1
  87:   1.0000  0.0000  1
  88:   1.0000  0.0000  1
  89:   1.0000  0.0000  1
  90:   1.0000  0.0000  1
  91:   0.9978  0.0022  1
  92:   1.0000  0.0000  1
  93:   1.0000  0.0000  1
  94:   1.0000  0.0000  1
  95:   1.0000  0.0000  1
  96:   1.0000  0.0000  1
  97:   1.0000  0.0000  1
  98:   1.0000  0.0000  1
  99:   0.9987  0.0013  1
 100:   1.0000  0.0000  1
 101:   1.0000  0.0000  1
 102:   1.0000  0.0000  1
 103:   1.0000  0.0000  1
 104:   1.0000  0.0000  1
 105:   1.0000  0.0000  1
 106:   1.0000  0.0000  1
 107:   1.0000  0.0000  1
 108:   1.0000  0.0000  1
 109:   1.0000  0.0000  1
 110:   1.0000  0.0000  1
 111:   1.0000  0.0000  1
 112:   1.0000  0.0000  1
 113:   0.9991  0.0009  1
 114:   1.0000  0.0000  1
 115:   0.9986  0.0014  1
 116:   1.0000  0.0000  1
 117:   0.9995  0.0005  1
 118:   0.9926  0.0074  1
 119:   0.9947  0.0053  1
 120:   0.9958  0.0042  1
 121:   0.9978  0.0022  1
 122:   0.9973  0.0027  1
 123:   0.9965  0.0035  1
 124:   1.0000  0.0000  1
 125:   1.0000  0.0000  1
 126:   1.0000  0.0000  1
 127:   1.0000  0.0000  1
 128:   1.0000  0.0000  1
 129:   1.0000  0.0000  1
 130:   1.0000  0.0000  1
 131:   1.0000  0.0000  1
 132:   1.0000  0.0000  1
 133:   1.0000  0.0000  1
 134:   1.0000  0.0000  1
 135:   1.0000  0.0000  1
 136:   1.0000  0.0000  1
 137:   1.0000  0.0000  1
 138:   1.0000  0.0000  1
 139:   1.0000  0.0000  1
 140:   1.0000  0.0000  1
 141:   1.0000  0.0000  1
 142:   0.9976  0.0024  1
 143:   0.9982  0.0018  1
 144:   1.0000  0.0000  1
 145:   0.9942  0.0058  1
 146:   0.9983  0.0017  1
 147:   0.9962  0.0038  1
 148:   0.9991  0.0009  1
 149:   0.9968  0.0032  1
 150:   0.9979  0.0021  1
 151:   0.9989  0.0011  1
 152:   0.9991  0.0009  1
 153:   1.0000  0.0000  1
 154:   0.9983  0.0017  1
 155:   0.9960  0.0040  1
 156:   0.9929  0.0071  1
 157:   1.0000  0.0000  1
 158:   1.0000  0.0000  1
 159:   1.0000  0.0000  1
 160:   0.9994  0.0006  1
 161:   0.9938  0.0062  1
 162:   0.9966  0.0034  1
 163:   0.9850  0.0150  1
 164:   0.9983  0.0017  1
 165:   0.9864  0.0136  1
 166:   0.9989  0.0011  1
 167:   1.0000  0.0000  1
 168:   0.9955  0.0045  1
 169:   0.9947  0.0053  1
 170:   1.0000  0.0000  1
 171:   0.9978  0.0022  1
 172:   1.0000  0.0000  1
 173:   1.0000  0.0000  1
 174:   1.0000  0.0000  1
 175:   0.9988  0.0012  1
 176:   1.0000  0.0000  1
 177:   0.6621  0.3379  1
 178:   0.9954  0.0046  1
 179:   0.9958  0.0042  1
 180:   0.6357  0.3643  1
 181:   0.7102  0.2898  1
 182:   0.7082  0.2918  1
 183:   0.7271  0.2729  1
 184:   0.7316  0.2684  1
 185:   1.0000  0.0000  1
 186:   0.6762  0.3238  1
 187:   0.9915  0.0085  1
 188:   0.6485  0.3515  1
 189:   1.0000  0.0000  1
 190:   1.0000  0.0000  1
 191:   0.6597  0.3403  1
 192:   1.0000  0.0000  1
 193:   0.9974  0.0026  1
 194:   0.9959  0.0041  1
 195:   0.9441  0.0559  1
 196:   0.9985  0.0015  1
 197:   0.9990  0.0010  1
 198:   0.9671  0.0329  1
 199:   1.0000  0.0000  1
 200:   1.0000  0.0000  1
 201:   0.8353  0.1647  1
 202:   0.9996  0.0004  1
 203:   1.0000  0.0000  1
 204:   1.0000  0.0000  1
 205:   1.0000  0.0000  1
 206:   1.0000  0.0000  1
 207:   1.0000  0.0000  1
 208:   1.0000  0.0000  1
 209:   1.0000  0.0000  1
 210:   1.0000  0.0000  1
 211:   1.0000  0.0000  1
 212:   0.9923  0.0077  1
 213:   1.0000  0.0000  1
 214:   1.0000  0.0000  1
 215:   1.0000  0.0000  1
 216:   1.0000  0.0000  1
 217:   1.0000  0.0000  1
 218:   1.0000  0.0000  1
 219:   0.9945  0.0055  1
 220:   1.0000  0.0000  1
 221:   1.0000  0.0000  1
 222:   1.0000  0.0000  1
 223:   1.0000  0.0000  1
 224:   1.0000  0.0000  1
 225:   1.0000  0.0000  1
 226:   0.9990  0.0010  1
 227:   0.9992  0.0008  1
 228:   1.0000  0.0000  1
 229:   0.9993  0.0007  1
 230:   1.0000  0.0000  1
 231:   0.9947  0.0053  1
 232:   0.9976  0.0024  1
 233:   0.9899  0.0101  1
 234:   0.9924  0.0076  1
 235:   0.9977  0.0023  1
 236:   1.0000  0.0000  1
 237:   1.0000  0.0000  1
 238:   1.0000  0.0000  1
 239:   0.9980  0.0020  1
 240:   1.0000  0.0000  1
 241:   0.9976  0.0024  1
 242:   0.9996  0.0004  1
 243:   1.0000  0.0000  1
 244:   0.9985  0.0015  1
 245:   1.0000  0.0000  1
 246:   0.9990  0.0010  1
 247:   0.9959  0.0041  1
 248:   1.0000  0.0000  1
 249:   1.0000  0.0000  1
 250:   1.0000  0.0000  1
 251:   0.9990  0.0010  1
 252:   1.0000  0.0000  1
 253:   1.0000  0.0000  1
 254:   0.9908  0.0092  1
 255:   1.0000  0.0000  1
 256:   0.9997  0.0003  1
 257:   1.0000  0.0000  1
 258:   1.0000  0.0000  1
 259:   0.9989  0.0011  1
 260:   0.9947  0.0053  1
 261:   0.9985  0.0015  1
 262:   1.0000  0.0000  1
 263:   0.9990  0.0010  1
 264:   0.9992  0.0008  1
 265:   1.0000  0.0000  1
 266:   1.0000  0.0000  1
 267:   0.9899  0.0101  1
 268:   0.9960  0.0040  1
 269:   0.9980  0.0020  1
 270:   0.9834  0.0166  1
 271:   0.9969  0.0031  1
 272:   0.9972  0.0028  1
 273:   1.0000  0.0000  1
 274:   1.0000  0.0000  1
 275:   1.0000  0.0000  1
 276:   0.9995  0.0005  1
 277:   1.0000  0.0000  1
 278:   0.9986  0.0014  1
 279:   0.9945  0.0055  1
 280:   0.9994  0.0006  1
 281:   0.9930  0.0070  1
 282:   0.9973  0.0027  1
 283:   0.9930  0.0070  1
 284:   0.9907  0.0093  1
 285:   0.9850  0.0150  1
 286:   0.9996  0.0004  1
 287:   1.0000  0.0000  1
 288:   1.0000  0.0000  1
 289:   0.9987  0.0013  1
 290:   1.0000  0.0000  1
 291:   1.0000  0.0000  1
 292:   1.0000  0.0000  1
 293:   1.0000  0.0000  1
 294:   1.0000  0.0000  1
 295:   1.0000  0.0000  1
 296:   0.9996  0.0004  1
 297:   1.0000  0.0000  1
 298:   1.0000  0.0000  1
 299:   1.0000  0.0000  1
 300:   0.9993  0.0007  1
 301:   1.0000  0.0000  1
 302:   0.9927  0.0073  1
 303:   0.9911  0.0089  1
 304:   0.9986  0.0014  1
 305:   0.9977  0.0023  1
 306:   1.0000  0.0000  1
 307:   1.0000  0.0000  1
 308:   1.0000  0.0000  1
 309:   1.0000  0.0000  1
 310:   1.0000  0.0000  1
 311:   1.0000  0.0000  1
 312:   1.0000  0.0000  1
 313:   0.9982  0.0018  1
 314:   1.0000  0.0000  1
 315:   1.0000  0.0000  1
 316:   1.0000  0.0000  1
 317:   1.0000  0.0000  1
 318:   1.0000  0.0000  1
 319:   1.0000  0.0000  1
 320:   1.0000  0.0000  1
 321:   1.0000  0.0000  1
 322:   1.0000  0.0000  1
 323:   1.0000  0.0000  1
 324:   1.0000  0.0000  1
 325:   0.9977  0.0023  1
 326:   0.9984  0.0016  1
 327:   0.9985  0.0015  1
 328:   1.0000  0.0000  1
 329:   1.0000  0.0000  1
 330:   1.0000  0.0000  1
 331:   1.0000  0.0000  1
 332:   1.0000  0.0000  1
 333:   1.0000  0.0000  1
 334:   1.0000  0.0000  1
 335:   1.0000  0.0000  1
 336:   1.0000  0.0000  1
 337:   1.0000  0.0000  1
 338:   1.0000  0.0000  1
 339:   1.0000  0.0000  1
 340:   1.0000  0.0000  1
 341:   1.0000  0.0000  1
 342:   1.0000  0.0000  1
 343:   1.0000  0.0000  1
 344:   1.0000  0.0000  1
 345:   1.0000  0.0000  1
 346:   1.0000  0.0000  1
 347:   1.0000  0.0000  1
 348:   1.0000  0.0000  1
 349:   1.0000  0.0000  1
 350:   0.9954  0.0046  1
 351:   0.9925  0.0075  1
 352:   1.0000  0.0000  1
 353:   0.9967  0.0033  1
 354:   0.9946  0.0054  1
 355:   0.9937  0.0063  1
 356:   0.9986  0.0014  1
 357:   0.9998  0.0002  1
 358:   0.9965  0.0035  1
 359:   0.9973  0.0027  1
 360:   1.0000  0.0000  1
 361:   0.9923  0.0077  1
 362:   0.9965  0.0035  1
 363:   0.9988  0.0012  1
 364:   0.9987  0.0013  1
 365:   0.9934  0.0066  1
 366:   1.0000  0.0000  1
 367:   1.0000  0.0000  1
 368:   1.0000  0.0000  1
 369:   1.0000  0.0000  1
 370:   0.9898  0.0102  1
 371:   1.0000  0.0000  1
 372:   0.9990  0.0010  1
 373:   1.0000  0.0000  1
 374:   1.0000  0.0000  1
 375:   1.0000  0.0000  1
 376:   1.0000  0.0000  1
 377:   0.9969  0.0031  1
 378:   1.0000  0.0000  1
 379:   0.9975  0.0025  1
 380:   1.0000  0.0000  1
 381:   1.0000  0.0000  1
 382:   0.9973  0.0027  1
 383:   1.0000  0.0000  1
 384:   1.0000  0.0000  1
 385:   1.0000  0.0000  1
 386:   1.0000  0.0000  1
 387:   1.0000  0.0000  1
 388:   0.9969  0.0031  1
 389:   1.0000  0.0000  1
 390:   1.0000  0.0000  1
 391:   1.0000  0.0000  1
 392:   0.9971  0.0029  1
 393:   1.0000  0.0000  1
 394:   1.0000  0.0000  1
 395:   1.0000  0.0000  1
 396:   1.0000  0.0000  1
 397:   1.0000  0.0000  1
 398:   1.0000  0.0000  1
 399:   1.0000  0.0000  1
 400:   1.0000  0.0000  1
 401:   1.0000  0.0000  1
 402:   1.0000  0.0000  1
 403:   1.0000  0.0000  1
 404:   1.0000  0.0000  1
 405:   1.0000  0.0000  1
 406:   1.0000  0.0000  1
 407:   1.0000  0.0000  1
 408:   1.0000  0.0000  1
 409:   1.0000  0.0000  1
 410:   1.0000  0.0000  1
 411:   1.0000  0.0000  1
 412:   1.0000  0.0000  1
 413:   0.9953  0.0047  1
 414:   1.0000  0.0000  1
 415:   1.0000  0.0000  1
 416:   1.0000  0.0000  1
 417:   0.9982  0.0018  1
 418:   0.9990  0.0010  1
 419:   1.0000  0.0000  1
 420:   1.0000  0.0000  1
 421:   1.0000  0.0000  1
 422:   1.0000  0.0000  1
 423:   1.0000  0.0000  1
 424:   1.0000  0.0000  1
 425:   1.0000  0.0000  1
 426:   1.0000  0.0000  1
 427:   0.9989  0.0011  1
 428:   1.0000  0.0000  1
 429:   0.9963  0.0037  1
 430:   0.9976  0.0024  1
 431:   0.9975  0.0025  1
 432:   1.0000  0.0000  1
 433:   1.0000  0.0000  1
 434:   1.0000  0.0000  1
 435:   1.0000  0.0000  1
 436:   1.0000  0.0000  1
 437:   1.0000  0.0000  1
 438:   0.9976  0.0024  1
 439:   1.0000  0.0000  1
 440:   0.9987  0.0013  1
 441:   0.9975  0.0025  1
 442:   0.9992  0.0008  1
 443:   0.9929  0.0071  1
 444:   0.9941  0.0059  1
 445:   1.0000  0.0000  1
 446:   1.0000  0.0000  1
 447:   0.9987  0.0013  1
 448:   0.9904  0.0096  1
 449:   0.9926  0.0074  1
 450:   0.3503  0.6497  1
 451:   0.4275  0.5725  1
 452:   0.3546  0.6454  1
 453:   0.3890  0.6110  1
 454:   0.5816  0.4184  1
 455:   0.4249  0.5751  1
 456:   0.3991  0.6009  1
 457:   0.4826  0.5174  1
 458:   0.3145  0.6855  1
 459:   0.9657  0.0343  1
 460:   1.0000  0.0000  1
 461:   1.0000  0.0000  1
 462:   0.9994  0.0006  1
 463:   0.9989  0.0011  1
 464:   1.0000  0.0000  1
 465:   0.9996  0.0004  1
 466:   0.9946  0.0054  1
 467:   0.9976  0.0024  1
 468:   0.9970  0.0030  1
 469:   0.9968  0.0032  1
 470:   0.9981  0.0019  1
 471:   1.0000  0.0000  1
 472:   1.0000  0.0000  1
 473:   1.0000  0.0000  1
 474:   0.9283  0.0717  1
 475:   0.9455  0.0545  1
 476:   0.9534  0.0466  1
 477:   0.9976  0.0024  1
 478:   1.0000  0.0000  1
 479:   0.9689  0.0311  1
 480:   0.9899  0.0101  1
 481:   0.9942  0.0058  1
 482:   0.9961  0.0039  1
 483:   0.9954  0.0046  1
 484:   0.9777  0.0223  1
 485:   0.9987  0.0013  1
 486:   1.0000  0.0000  1
 487:   0.9755  0.0245  1
 488:   1.0000  0.0000  1
 489:   1.0000  0.0000  1
 490:   0.9915  0.0085  1
 491:   0.9940  0.0060  1
 492:   0.9885  0.0115  1
 493:   0.9924  0.0076  1
 494:   0.9954  0.0046  1
 495:   0.9981  0.0019  1
 496:   0.9955  0.0045  1
 497:   0.9935  0.0065  1
 498:   1.0000  0.0000  1
 499:   1.0000  0.0000  1
 500:   1.0000  0.0000  1
 501:   1.0000  0.0000  1
 502:   0.9993  0.0007  1
 503:   1.0000  0.0000  1
 504:   1.0000  0.0000  1
 505:   1.0000  0.0000  1
 506:   1.0000  0.0000  1
 507:   1.0000  0.0000  1
 508:   1.0000  0.0000  1
 509:   1.0000  0.0000  1
 510:   1.0000  0.0000  1
 511:   1.0000  0.0000  1
 512:   0.9977  0.0023  1
 513:   0.9978  0.0022  1
 514:   0.9957  0.0043  1
 515:   0.9951  0.0049  1
 516:   0.9986  0.0014  1
 517:   1.0000  0.0000  1
 518:   1.0000  0.0000  1
 519:   1.0000  0.0000  1
 520:   0.9966  0.0034  1
 521:   1.0000  0.0000  1
 522:   0.9896  0.0104  1
 523:   0.9989  0.0011  1
 524:   1.0000  0.0000  1
 525:   0.9993  0.0007  1
 526:   1.0000  0.0000  1
 527:   0.9987  0.0013  1
 528:   1.0000  0.0000  1
 529:   0.9965  0.0035  1
 530:   1.0000  0.0000  1
 531:   1.0000  0.0000  1
 532:   1.0000  0.0000  1
 533:   1.0000  0.0000  1
 534:   1.0000  0.0000  1
 535:   0.9861  0.0139  1
 536:   0.9964  0.0036  1
 537:   1.0000  0.0000  1
 538:   1.0000  0.0000  1
 539:   1.0000  0.0000  1
 540:   1.0000  0.0000  1
 541:   1.0000  0.0000  1
 542:   1.0000  0.0000  1
 543:   1.0000  0.0000  1
 544:   1.0000  0.0000  1
 545:   0.9998  0.0002  1
 546:   1.0000  0.0000  1
 547:   0.9988  0.0012  1
 548:   1.0000  0.0000  1
 549:   1.0000  0.0000  1
 550:   0.9918  0.0082  1
 551:   1.0000  0.0000  1
 552:   0.9989  0.0011  1
 553:   0.8702  0.1298  1
 554:   0.9976  0.0024  1
 555:   1.0000  0.0000  1
 556:   1.0000  0.0000  1
 557:   1.0000  0.0000  1
 558:   0.9995  0.0005  1
 559:   1.0000  0.0000  1
 560:   1.0000  0.0000  1
 561:   1.0000  0.0000  1
 562:   0.9994  0.0006  1
 563:   1.0000  0.0000  1
 564:   1.0000  0.0000  1
 565:   1.0000  0.0000  1
 566:   1.0000  0.0000  1
 567:   1.0000  0.0000  1
 568:   0.9997  0.0003  1
 569:   1.0000  0.0000  1
 570:   1.0000  0.0000  1
 571:   0.9992  0.0008  1
 572:   0.9994  0.0006  1
 573:   0.9988  0.0012  1
 574:   1.0000  0.0000  1
 575:   1.0000  0.0000  1
 576:   1.0000  0.0000  1
 577:   1.0000  0.0000  1
 578:   1.0000  0.0000  1
 579:   1.0000  0.0000  1
 580:   1.0000  0.0000  1
 581:   1.0000  0.0000  1
 582:   1.0000  0.0000  1
 583:   0.9980  0.0020  1
 584:   1.0000  0.0000  1
 585:   1.0000  0.0000  1
 586:   1.0000  0.0000  1
 587:   1.0000  0.0000  1
 588:   1.0000  0.0000  1
 589:   1.0000  0.0000  1
 590:   1.0000  0.0000  1
 591:   1.0000  0.0000  1
 592:   1.0000  0.0000  1
 593:   1.0000  0.0000  1
 594:   1.0000  0.0000  1
 595:   1.0000  0.0000  1
 596:   1.0000  0.0000  1
 597:   1.0000  0.0000  1
 598:   1.0000  0.0000  1
 599:   1.0000  0.0000  1
 600:   1.0000  0.0000  1
 601:   1.0000  0.0000  1
 602:   1.0000  0.0000  1
 603:   1.0000  0.0000  1
 604:   1.0000  0.0000  1
 605:   0.9931  0.0069  1
 606:   0.9995  0.0005  1
 607:   0.9998  0.0002  1
 608:   0.9760  0.0240  1
 609:   0.9685  0.0315  1
 610:   0.9710  0.0290  1
 611:   0.9700  0.0300  1
 612:   0.9674  0.0326  1
 613:   0.9694  0.0306  1
 614:   0.9597  0.0403  1
 615:   0.9599  0.0401  1
 616:   0.9749  0.0251  1
 617:   0.9542  0.0458  1
 618:   0.9667  0.0333  1
 619:   0.9272  0.0728  1
 620:   0.9138  0.0862  1
 621:   0.9506  0.0494  1
 622:   0.9049  0.0951  1
 623:   0.9332  0.0668  1
 624:   0.9424  0.0576  1
 625:   0.9032  0.0968  1
 626:   0.9369  0.0631  1
 627:   0.9241  0.0759  1
 628:   0.9566  0.0434  1
 629:   0.9494  0.0506  1
 630:   0.9218  0.0782  1
 631:   0.9219  0.0781  1
 632:   0.9662  0.0338  1
 633:   0.9662  0.0338  1
 634:   0.9996  0.0004  1
 635:   0.9995  0.0005  1
 636:   1.0000  0.0000  1
 637:   0.9983  0.0017  1
 638:   0.9949  0.0051  1
 639:   1.0000  0.0000  1
 640:   1.0000  0.0000  1
 641:   0.9939  0.0061  1
 642:   1.0000  0.0000  1
 643:   0.9940  0.0060  1
 644:   0.9977  0.0023  1
 645:   0.9890  0.0110  1
 646:   1.0000  0.0000  1
 647:   0.9960  0.0040  1
 648:   0.9991  0.0009  1
 649:   0.9950  0.0050  1
 650:   0.9983  0.0017  1
 651:   0.9708  0.0292  1
 652:   1.0000  0.0000  1
 653:   1.0000  0.0000  1
 654:   1.0000  0.0000  1
 655:   1.0000  0.0000  1
 656:   1.0000  0.0000  1
 657:   1.0000  0.0000  1
 658:   1.0000  0.0000  1
 659:   1.0000  0.0000  1
 660:   1.0000  0.0000  1
 661:   0.9946  0.0054  1
 662:   0.9941  0.0059  1
 663:   0.9893  0.0107  1
 664:   1.0000  0.0000  1
 665:   0.9991  0.0009  1
 666:   0.9944  0.0056  1
 667:   0.9951  0.0049  1
 668:   0.9991  0.0009  1
 669:   0.9943  0.0057  1
 670:   0.9990  0.0010  1
 671:   0.9957  0.0043  1
 672:   1.0000  0.0000  1
 673:   1.0000  0.0000  1
 674:   0.9985  0.0015  1
 675:   0.9972  0.0028  1
 676:   0.9901  0.0099  1
 677:   1.0000  0.0000  1
 678:   1.0000  0.0000  1
 679:   1.0000  0.0000  1
 680:   1.0000  0.0000  1
 681:   1.0000  0.0000  1
 682:   1.0000  0.0000  1
 683:   1.0000  0.0000  1
 684:   1.0000  0.0000  1
 685:   1.0000  0.0000  1
 686:   1.0000  0.0000  1
 687:   0.0256  0.9744  1
 688:   0.0297  0.9703  1
 689:   0.0376  0.9624  1
 690:   0.0499  0.9501  1
 691:   0.0323  0.9677  1
 692:   0.0310  0.9690  1
 693:   0.1360  0.8640  1
 694:   0.0597  0.9403  1
 695:   0.0297  0.9703  1
 696:   0.0440  0.9560  1
 697:   0.0519  0.9481  1
 698:   0.0469  0.9531  1
 699:   0.0220  0.9780  1
 700:   0.0307  0.9693  1
 701:   0.0433  0.9567  1
 702:   0.0471  0.9529  1
 703:   0.0305  0.9695  1
 704:   0.0224  0.9776  1
 705:   0.0305  0.9695  1
 706:   0.0380  0.9620  1
 707:   1.0000  0.0000  1
 708:   1.0000  0.0000  1
 709:   1.0000  0.0000  1
 710:   1.0000  0.0000  1
 711:   1.0000  0.0000  1
 712:   1.0000  0.0000  1
 713:   1.0000  0.0000  1
 714:   1.0000  0.0000  1
 715:   1.0000  0.0000  1
 716:   1.0000  0.0000  1
 717:   1.0000  0.0000  1
 718:   1.0000  0.0000  1
 719:   1.0000  0.0000  1
 720:   1.0000  0.0000  1
 721:   1.0000  0.0000  1
 722:   1.0000  0.0000  1
 723:   1.0000  0.0000  1
 724:   1.0000  0.0000  1
 725:   1.0000  0.0000  1
 726:   1.0000  0.0000  1
 727:   1.0000  0.0000  1
 728:   1.0000  0.0000  1
 729:   1.0000  0.0000  1
 730:   1.0000  0.0000  1
 731:   1.0000  0.0000  1
 732:   1.0000  0.0000  1
 733:   1.0000  0.0000  1
 734:   1.0000  0.0000  1
 735:   1.0000  0.0000  1
 736:   1.0000  0.0000  1
 737:   1.0000  0.0000  1
 738:   1.0000  0.0000  1
 739:   1.0000  0.0000  1
 740:   1.0000  0.0000  1
 741:   1.0000  0.0000  1
 742:   1.0000  0.0000  1
 743:   0.9983  0.0017  1
 744:   1.0000  0.0000  1
 745:   0.9964  0.0036  1
 746:   1.0000  0.0000  1
 747:   1.0000  0.0000  1
 748:   1.0000  0.0000  1
 749:   1.0000  0.0000  1
 750:   1.0000  0.0000  1
 751:   1.0000  0.0000  1
 752:   1.0000  0.0000  1
 753:   1.0000  0.0000  1
 754:   0.9971  0.0029  1
 755:   1.0000  0.0000  1
 756:   1.0000  0.0000  1
 757:   1.0000  0.0000  1
 758:   1.0000  0.0000  1
 759:   1.0000  0.0000  1
 760:   1.0000  0.0000  1
 761:   1.0000  0.0000  1
 762:   1.0000  0.0000  1
 763:   1.0000  0.0000  1
 764:   1.0000  0.0000  1
 765:   1.0000  0.0000  1
 766:   1.0000  0.0000  1
 767:   1.0000  0.0000  1
 768:   1.0000  0.0000  1
 769:   1.0000  0.0000  1
 770:   1.0000  0.0000  1
 771:   1.0000  0.0000  1
 772:   1.0000  0.0000  1
 773:   1.0000  0.0000  1
 774:   1.0000  0.0000  1
 775:   1.0000  0.0000  1
 776:   1.0000  0.0000  1
 777:   1.0000  0.0000  1
 778:   0.9985  0.0015  1
 779:   1.0000  0.0000  1
 780:   1.0000  0.0000  1
 781:   1.0000  0.0000  1
 782:   1.0000  0.0000  1
 783:   0.9986  0.0014  1
 784:   1.0000  0.0000  1
 785:   1.0000  0.0000  1
 786:   0.9968  0.0032  1
 787:   1.0000  0.0000  1
 788:   0.9988  0.0012  1
 789:   1.0000  0.0000  1
 790:   1.0000  0.0000  1
 791:   1.0000  0.0000  1
 792:   1.0000  0.0000  1
 793:   1.0000  0.0000  1
 794:   1.0000  0.0000  1
 795:   0.9989  0.0011  1
 796:   0.9949  0.0051  1
 797:   0.9978  0.0022  1
 798:   1.0000  0.0000  1
 799:   1.0000  0.0000  1
 800:   1.0000  0.0000  1
 801:   1.0000  0.0000  1
 802:   1.0000  0.0000  1
 803:   1.0000  0.0000  1
 804:   1.0000  0.0000  1
 805:   1.0000  0.0000  1
 806:   1.0000  0.0000  1
 807:   1.0000  0.0000  1
 808:   1.0000  0.0000  1
 809:   1.0000  0.0000  1
 810:   1.0000  0.0000  1
 811:   1.0000  0.0000  1
 812:   1.0000  0.0000  1
 813:   1.0000  0.0000  1
 814:   1.0000  0.0000  1
 815:   1.0000  0.0000  1
 816:   1.0000  0.0000  1
 817:   1.0000  0.0000  1
 818:   1.0000  0.0000  1
 819:   1.0000  0.0000  1
 820:   1.0000  0.0000  1
 821:   1.0000  0.0000  1
 822:   1.0000  0.0000  1
 823:   1.0000  0.0000  1
 824:   1.0000  0.0000  1
 825:   1.0000  0.0000  1
 826:   1.0000  0.0000  1
 827:   1.0000  0.0000  1
 828:   1.0000  0.0000  1
 829:   1.0000  0.0000  1
 830:   1.0000  0.0000  1
 831:   1.0000  0.0000  1
 832:   1.0000  0.0000  1
 833:   1.0000  0.0000  1
 834:   1.0000  0.0000  1
 835:   1.0000  0.0000  1
 836:   1.0000  0.0000  1
 837:   1.0000  0.0000  1
 838:   1.0000  0.0000  1
 839:   1.0000  0.0000  1
 840:   0.9979  0.0021  1
 841:   1.0000  0.0000  1
 842:   1.0000  0.0000  1
 843:   1.0000  0.0000  1
 844:   1.0000  0.0000  1
 845:   1.0000  0.0000  1
 846:   1.0000  0.0000  1
 847:   1.0000  0.0000  1
 848:   1.0000  0.0000  1
 849:   1.0000  0.0000  1
 850:   1.0000  0.0000  1
 851:   1.0000  0.0000  1
 852:   1.0000  0.0000  1
 853:   1.0000  0.0000  1
 854:   1.0000  0.0000  1
 855:   1.0000  0.0000  1
 856:   1.0000  0.0000  1
 857:   0.9959  0.0041  1
 858:   0.9994  0.0006  1
 859:   1.0000  0.0000  1
 860:   1.0000  0.0000  1
 861:   1.0000  0.0000  1
 862:   1.0000  0.0000  1
 863:   1.0000  0.0000  1
 864:   0.9927  0.0073  1
 865:   1.0000  0.0000  1
 866:   1.0000  0.0000  1
 867:   1.0000  0.0000  1
 868:   0.9983  0.0017  1
 869:   1.0000  0.0000  1
 870:   1.0000  0.0000  1
 871:   0.9976  0.0024  1
 872:   1.0000  0.0000  1
 873:   1.0000  0.0000  1
 874:   1.0000  0.0000  1
 875:   1.0000  0.0000  1
 876:   1.0000  0.0000  1
 877:   0.9919  0.0081  1
 878:   1.0000  0.0000  1
 879:   1.0000  0.0000  1
 880:   1.0000  0.0000  1
 881:   1.0000  0.0000  1
 882:   1.0000  0.0000  1
 883:   1.0000  0.0000  1
 884:   1.0000  0.0000  1
 885:   1.0000  0.0000  1
 886:   1.0000  0.0000  1
 887:   1.0000  0.0000  1
 888:   1.0000  0.0000  1
 889:   1.0000  0.0000  1
 890:   1.0000  0.0000  1
 891:   0.3719  0.6281  1
 892:   1.0000  0.0000  1
 893:   1.0000  0.0000  1
 894:   1.0000  0.0000  1
 895:   1.0000  0.0000  1
 896:   1.0000  0.0000  1
 897:   1.0000  0.0000  1
 898:   1.0000  0.0000  1
 899:   1.0000  0.0000  1
 900:   1.0000  0.0000  1
 901:   1.0000  0.0000  1
 902:   1.0000  0.0000  1
 903:   1.0000  0.0000  1
 904:   1.0000  0.0000  1
 905:   1.0000  0.0000  1
 906:   1.0000  0.0000  1
 907:   1.0000  0.0000  1
 908:   1.0000  0.0000  1
 909:   1.0000  0.0000  1
 910:   0.9980  0.0020  1
 911:   1.0000  0.0000  1
 912:   0.9992  0.0008  1
 913:   0.9997  0.0003  1
 914:   0.9978  0.0022  1
 915:   0.9925  0.0075  1
 916:   0.9918  0.0082  1
 917:   0.9959  0.0041  1
 918:   0.9991  0.0009  1
 919:   1.0000  0.0000  1
 920:   1.0000  0.0000  1
 921:   1.0000  0.0000  1
 922:   1.0000  0.0000  1
 923:   0.9913  0.0087  1
 924:   0.9941  0.0059  1
 925:   1.0000  0.0000  1
 926:   1.0000  0.0000  1
 927:   1.0000  0.0000  1
 928:   1.0000  0.0000  1
 929:   0.9993  0.0007  1
 930:   1.0000  0.0000  1
 931:   0.9888  0.0112  1
 932:   0.9957  0.0043  1
 933:   1.0000  0.0000  1
 934:   0.9734  0.0266  1
 935:   0.9898  0.0102  1
 936:   0.9838  0.0162  1
 937:   0.9941  0.0059  1
 938:   0.9917  0.0083  1
 939:   0.9700  0.0300  1
 940:   1.0000  0.0000  1
 941:   0.9963  0.0037  1
 942:   0.9980  0.0020  1
 943:   1.0000  0.0000  1
 944:   1.0000  0.0000  1
 945:   0.9748  0.0252  1
 946:   0.9954  0.0046  1
 947:   0.9975  0.0025  1
 948:   1.0000  0.0000  1
 949:   1.0000  0.0000  1
 950:   1.0000  0.0000  1
 951:   1.0000  0.0000  1
 952:   1.0000  0.0000  1
 953:   1.0000  0.0000  1
 954:   1.0000  0.0000  1
 955:   1.0000  0.0000  1
 956:   1.0000  0.0000  1
 957:   1.0000  0.0000  1
 958:   1.0000  0.0000  1
 959:   1.0000  0.0000  1
 960:   1.0000  0.0000  1
 961:   0.9971  0.0029  1
 962:   1.0000  0.0000  1
 963:   1.0000  0.0000  1
 964:   0.9988  0.0012  1
 965:   0.9971  0.0029  1
 966:   1.0000  0.0000  1
 967:   1.0000  0.0000  1
 968:   1.0000  0.0000  1
 969:   0.9958  0.0042  1
 970:   0.9983  0.0017  1
 971:   1.0000  0.0000  1
 972:   1.0000  0.0000  1
 973:   1.0000  0.0000  1
 974:   0.9979  0.0021  1
 975:   0.9940  0.0060  1
 976:   1.0000  0.0000  1
 977:   1.0000  0.0000  1
 978:   1.0000  0.0000  1
 979:   0.9973  0.0027  1
 980:   1.0000  0.0000  1
 981:   1.0000  0.0000  1
 982:   0.9988  0.0012  1
 983:   0.9984  0.0016  1
 984:   1.0000  0.0000  1
 985:   1.0000  0.0000  1
 986:   1.0000  0.0000  1
 987:   0.9980  0.0020  1
 988:   1.0000  0.0000  1
 989:   1.0000  0.0000  1
 990:   1.0000  0.0000  1
 991:   1.0000  0.0000  1
 992:   1.0000  0.0000  1
 993:   1.0000  0.0000  1
 994:   1.0000  0.0000  1
 995:   1.0000  0.0000  1
 996:   1.0000  0.0000  1
 997:   1.0000  0.0000  1
 998:   1.0000  0.0000  1
 999:   1.0000  0.0000  1
1000:   0.9962  0.0038  1
1001:   1.0000  0.0000  1
1002:   1.0000  0.0000  1
1003:   0.9991  0.0009  1
1004:   1.0000  0.0000  1
1005:   1.0000  0.0000  1
1006:   0.9986  0.0014  1
1007:   0.9977  0.0023  1
1008:   0.9986  0.0014  1
1009:   1.0000  0.0000  1
1010:   1.0000  0.0000  1
1011:   1.0000  0.0000  1
1012:   1.0000  0.0000  1
1013:   1.0000  0.0000  1
1014:   1.0000  0.0000  1
1015:   1.0000  0.0000  1
1016:   1.0000  0.0000  1
1017:   1.0000  0.0000  1
1018:   0.9977  0.0023  1
1019:   0.9988  0.0012  1
1020:   1.0000  0.0000  1
1021:   1.0000  0.0000  1
1022:   1.0000  0.0000  1
1023:   0.9999  0.0001  1
1024:   1.0000  0.0000  1
1025:   1.0000  0.0000  1
1026:   1.0000  0.0000  1
1027:   1.0000  0.0000  1
1028:   1.0000  0.0000  1
1029:   1.0000  0.0000  1
1030:   1.0000  0.0000  1
1031:   1.0000  0.0000  1
1032:   0.9837  0.0163  1
1033:   0.9987  0.0013  1
1034:   1.0000  0.0000  1
1035:   1.0000  0.0000  1
1036:   1.0000  0.0000  1
1037:   1.0000  0.0000  1
1038:   0.9954  0.0046  1
1039:   0.9990  0.0010  1
1040:   1.0000  0.0000  1
1041:   1.0000  0.0000  1
1042:   0.9880  0.0120  1
1043:   1.0000  0.0000  1
1044:   1.0000  0.0000  1
1045:   0.9947  0.0053  1
1046:   0.9915  0.0085  1
1047:   1.0000  0.0000  1
1048:   0.9979  0.0021  1
1049:   0.9968  0.0032  1
1050:   0.9941  0.0059  1
1051:   0.9998  0.0002  1
1052:   0.9999  0.0001  1
1053:   0.9881  0.0119  1
1054:   0.9799  0.0201  1
1055:   0.9887  0.0113  1
1056:   0.9781  0.0219  1
1057:   0.9878  0.0122  1
1058:   0.9935  0.0065  1
1059:   0.9962  0.0038  1
1060:   0.9936  0.0064  1
1061:   0.9894  0.0106  1
1062:   1.0000  0.0000  1
1063:   0.9968  0.0032  1
1064:   0.9913  0.0087  1
1065:   1.0000  0.0000  1
1066:   0.9975  0.0025  1
1067:   0.9932  0.0068  1
1068:   0.9936  0.0064  1
1069:   0.9984  0.0016  1
1070:   0.9977  0.0023  1
1071:   0.9923  0.0077  1
1072:   0.9919  0.0081  1
1073:   0.9962  0.0038  1
1074:   0.9983  0.0017  1
1075:   0.9922  0.0078  1
1076:   0.9941  0.0059  1
1077:   0.9974  0.0026  1
1078:   0.9986  0.0014  1
1079:   1.0000  0.0000  1
1080:   1.0000  0.0000  1
1081:   1.0000  0.0000  1
1082:   1.0000  0.0000  1
1083:   1.0000  0.0000  1
1084:   1.0000  0.0000  1
1085:   1.0000  0.0000  1
1086:   1.0000  0.0000  1
1087:   1.0000  0.0000  1
1088:   1.0000  0.0000  1
1089:   1.0000  0.0000  1
1090:   1.0000  0.0000  1
1091:   1.0000  0.0000  1
1092:   1.0000  0.0000  1
1093:   0.9944  0.0056  1
1094:   1.0000  0.0000  1
1095:   1.0000  0.0000  1
1096:   1.0000  0.0000  1
1097:   0.9983  0.0017  1
1098:   0.9933  0.0067  1
1099:   1.0000  0.0000  1
1100:   1.0000  0.0000  1
1101:   1.0000  0.0000  1
1102:   1.0000  0.0000  1
1103:   1.0000  0.0000  1
1104:   1.0000  0.0000  1
1105:   1.0000  0.0000  1
1106:   1.0000  0.0000  1
1107:   1.0000  0.0000  1
1108:   1.0000  0.0000  1
1109:   1.0000  0.0000  1
1110:   1.0000  0.0000  1
1111:   1.0000  0.0000  1
1112:   1.0000  0.0000  1
1113:   1.0000  0.0000  1
1114:   1.0000  0.0000  1
1115:   1.0000  0.0000  1
1116:   1.0000  0.0000  1
1117:   1.0000  0.0000  1
1118:   1.0000  0.0000  1
1119:   1.0000  0.0000  1
1120:   1.0000  0.0000  1
1121:   1.0000  0.0000  1
1122:   1.0000  0.0000  1
1123:   1.0000  0.0000  1
1124:   1.0000  0.0000  1
1125:   1.0000  0.0000  1
1126:   0.9978  0.0022  1
1127:   1.0000  0.0000  1
1128:   1.0000  0.0000  1
1129:   1.0000  0.0000  1
1130:   1.0000  0.0000  1
1131:   1.0000  0.0000  1
1132:   1.0000  0.0000  1
1133:   1.0000  0.0000  1
1134:   1.0000  0.0000  1
1135:   0.9914  0.0086  1
1136:   0.9871  0.0129  1
1137:   0.9902  0.0098  1
1138:   0.9925  0.0075  1
1139:   0.9913  0.0087  1
1140:   0.9860  0.0140  1
1141:   1.0000  0.0000  1
1142:   1.0000  0.0000  1
1143:   1.0000  0.0000  1
1144:   1.0000  0.0000  1
1145:   1.0000  0.0000  1
1146:   1.0000  0.0000  1
1147:   1.0000  0.0000  1
1148:   1.0000  0.0000  1
1149:   1.0000  0.0000  1
1150:   1.0000  0.0000  1
1151:   1.0000  0.0000  1
1152:   1.0000  0.0000  1
1153:   1.0000  0.0000  1
1154:   1.0000  0.0000  1
1155:   1.0000  0.0000  1
1156:   1.0000  0.0000  1
1157:   1.0000  0.0000  1
1158:   1.0000  0.0000  1
1159:   1.0000  0.0000  1
1160:   0.9936  0.0064  1
1161:   0.9877  0.0123  1
1162:   0.9930  0.0070  1
1163:   0.9910  0.0090  1
1164:   0.9905  0.0095  1
1165:   0.9839  0.0161  1
1166:   0.9916  0.0084  1
1167:   0.9950  0.0050  1
1168:   0.9901  0.0099  1
1169:   0.9921  0.0079  1
1170:   0.9860  0.0140  1
1171:   0.9915  0.0085  1
1172:   0.9932  0.0068  1
1173:   0.9885  0.0115  1
1174:   0.9908  0.0092  1
1175:   0.9929  0.0071  1
1176:   1.0000  0.0000  1
1177:   1.0000  0.0000  1
1178:   0.9864  0.0136  1
1179:   1.0000  0.0000  1
1180:   1.0000  0.0000  1
1181:   0.9998  0.0002  1
1182:   1.0000  0.0000  1
1183:   1.0000  0.0000  1
1184:   0.9994  0.0006  1
1185:   1.0000  0.0000  1
1186:   1.0000  0.0000  1
1187:   1.0000  0.0000  1
1188:   1.0000  0.0000  1
1189:   1.0000  0.0000  1
1190:   1.0000  0.0000  1
1191:   0.9972  0.0028  1
1192:   1.0000  0.0000  1
1193:   1.0000  0.0000  1
1194:   1.0000  0.0000  1
1195:   1.0000  0.0000  1
1196:   0.9997  0.0003  1
1197:   1.0000  0.0000  1
1198:   1.0000  0.0000  1
1199:   1.0000  0.0000  1
1200:   1.0000  0.0000  1
1201:   1.0000  0.0000  1
1202:   0.9746  0.0254  1
1203:   0.9749  0.0251  1
1204:   1.0000  0.0000  1
1205:   1.0000  0.0000  1
1206:   1.0000  0.0000  1
1207:   1.0000  0.0000  1
1208:   1.0000  0.0000  1
1209:   0.9914  0.0086  1
1210:   0.9984  0.0016  1
1211:   1.0000  0.0000  1
1212:   1.0000  0.0000  1
1213:   1.0000  0.0000  1
1214:   1.0000  0.0000  1
1215:   1.0000  0.0000  1
1216:   0.9996  0.0004  1
1217:   1.0000  0.0000  1
1218:   1.0000  0.0000  1
1219:   1.0000  0.0000  1
1220:   1.0000  0.0000  1
1221:   1.0000  0.0000  1
1222:   1.0000  0.0000  1
1223:   1.0000  0.0000  1
1224:   1.0000  0.0000  1
1225:   1.0000  0.0000  1
1226:   1.0000  0.0000  1
1227:   1.0000  0.0000  1
1228:   1.0000  0.0000  1
1229:   1.0000  0.0000  1
1230:   1.0000  0.0000  1
1231:   0.9962  0.0038  1
1232:   1.0000  0.0000  1
1233:   1.0000  0.0000  1
1234:   1.0000  0.0000  1
1235:   0.9982  0.0018  1
1236:   1.0000  0.0000  1
1237:   1.0000  0.0000  1
1238:   1.0000  0.0000  1
1239:   1.0000  0.0000  1
1240:   1.0000  0.0000  1
1241:   1.0000  0.0000  1
1242:   1.0000  0.0000  1
1243:   1.0000  0.0000  1
1244:   1.0000  0.0000  1
1245:   1.0000  0.0000  1
1246:   0.9915  0.0085  1
1247:   1.0000  0.0000  1
1248:   0.9931  0.0069  1
1249:   0.9943  0.0057  1
1250:   1.0000  0.0000  1
1251:   1.0000  0.0000  1
1252:   0.9947  0.0053  1
1253:   0.9956  0.0044  1
1254:   0.9961  0.0039  1
1255:   0.9648  0.0352  1
1256:   0.9989  0.0011  1
1257:   0.9788  0.0212  1
1258:   1.0000  0.0000  1
1259:   1.0000  0.0000  1
1260:   1.0000  0.0000  1
1261:   1.0000  0.0000  1
1262:   1.0000  0.0000  1
1263:   1.0000  0.0000  1
1264:   1.0000  0.0000  1
1265:   1.0000  0.0000  1
1266:   0.9930  0.0070  1
1267:   1.0000  0.0000  1
1268:   1.0000  0.0000  1
1269:   0.9977  0.0023  1
1270:   1.0000  0.0000  1
1271:   1.0000  0.0000  1
1272:   1.0000  0.0000  1
1273:   1.0000  0.0000  1
1274:   1.0000  0.0000  1
1275:   1.0000  0.0000  1
1276:   1.0000  0.0000  1
1277:   1.0000  0.0000  1
1278:   1.0000  0.0000  1
1279:   1.0000  0.0000  1
1280:   1.0000  0.0000  1
1281:   0.9892  0.0108  1
1282:   0.9935  0.0065  1
1283:   1.0000  0.0000  1
1284:   1.0000  0.0000  1
1285:   0.9978  0.0022  1
1286:   1.0000  0.0000  1
1287:   1.0000  0.0000  1
1288:   1.0000  0.0000  1
1289:   1.0000  0.0000  1
1290:   1.0000  0.0000  1
1291:   1.0000  0.0000  1
1292:   1.0000  0.0000  1
1293:   0.9989  0.0011  1
1294:   1.0000  0.0000  1
1295:   1.0000  0.0000  1
1296:   0.9914  0.0086  1
1297:   0.9909  0.0091  1
1298:   0.9935  0.0065  1
1299:   0.9952  0.0048  1
1300:   0.9969  0.0031  1
1301:   0.9886  0.0114  1
1302:   0.9816  0.0184  1
1303:   0.9902  0.0098  1
1304:   0.9929  0.0071  1
1305:   0.9881  0.0119  1
1306:   0.9918  0.0082  1
1307:   0.9903  0.0097  1
1308:   0.9991  0.0009  1
1309:   0.9892  0.0108  1
1310:   0.9829  0.0171  1
1311:   1.0000  0.0000  1
1312:   0.9971  0.0029  1
1313:   1.0000  0.0000  1
1314:   1.0000  0.0000  1
1315:   1.0000  0.0000  1
1316:   1.0000  0.0000  1
1317:   1.0000  0.0000  1
1318:   0.9851  0.0149  1
1319:   1.0000  0.0000  1
1320:   1.0000  0.0000  1
1321:   0.9967  0.0033  1
1322:   0.9944  0.0056  1
1323:   0.9689  0.0311  1
1324:   1.0000  0.0000  1
1325:   1.0000  0.0000  1
1326:   0.9974  0.0026  1
1327:   0.9990  0.0010  1
1328:   1.0000  0.0000  1
1329:   1.0000  0.0000  1
1330:   1.0000  0.0000  1
1331:   0.9976  0.0024  1
1332:   0.9983  0.0017  1
1333:   1.0000  0.0000  1
1334:   0.9976  0.0024  1
1335:   1.0000  0.0000  1
1336:   0.9998  0.0002  1
1337:   0.9108  0.0892  1
1338:   0.9867  0.0133  1
1339:   0.9820  0.0180  1
1340:   1.0000  0.0000  1
1341:   0.9994  0.0006  1
1342:   0.9989  0.0011  1
1343:   1.0000  0.0000  1
1344:   0.9938  0.0062  1
1345:   1.0000  0.0000  1
1346:   1.0000  0.0000  1
1347:   1.0000  0.0000  1
1348:   0.9775  0.0225  1
1349:   0.9990  0.0010  1
1350:   1.0000  0.0000  1
1351:   0.9988  0.0012  1
1352:   0.9988  0.0012  1
1353:   0.9994  0.0006  1
1354:   0.9911  0.0089  1
1355:   1.0000  0.0000  1
1356:   1.0000  0.0000  1
1357:   1.0000  0.0000  1
1358:   0.9946  0.0054  1
1359:   0.9940  0.0060  1
1360:   0.9982  0.0018  1
1361:   1.0000  0.0000  1
1362:   0.9989  0.0011  1
1363:   1.0000  0.0000  1
1364:   0.9994  0.0006  1
1365:   0.9959  0.0041  1
1366:   1.0000  0.0000  1
1367:   0.8898  0.1102  1
1368:   1.0000  0.0000  1
1369:   1.0000  0.0000  1
1370:   1.0000  0.0000  1
1371:   1.0000  0.0000  1
1372:   1.0000  0.0000  1
1373:   1.0000  0.0000  1
1374:   0.9999  0.0001  1
1375:   1.0000  0.0000  1
1376:   1.0000  0.0000  1
1377:   1.0000  0.0000  1
1378:   1.0000  0.0000  1
1379:   1.0000  0.0000  1
1380:   1.0000  0.0000  1
1381:   1.0000  0.0000  1
1382:   1.0000  0.0000  1
1383:   1.0000  0.0000  1
1384:   1.0000  0.0000  1
1385:   1.0000  0.0000  1
1386:   1.0000  0.0000  1
1387:   1.0000  0.0000  1
1388:   0.0000  1.0000  1
1389:   0.0000  1.0000  1
1390:   0.0000  1.0000  1
1391:   0.0000  1.0000  1
1392:   0.0000  1.0000  1
1393:   0.0000  1.0000  1
1394:   0.0000  1.0000  1
1395:   0.0000  1.0000  1
1396:   0.0000  1.0000  1
1397:   0.0000  1.0000  1
1398:   0.0000  1.0000  1
1399:   0.0092  0.9908  1
1400:   0.0000  1.0000  1
1401:   0.0000  1.0000  1
1402:   0.0072  0.9928  1
1403:   0.0000  1.0000  1
1404:   0.0000  1.0000  1
1405:   0.0000  1.0000  1
1406:   0.0000  1.0000  1
1407:   0.0018  0.9982  1
1408:   0.0000  1.0000  1
1409:   0.0000  1.0000  1
1410:   0.0000  1.0000  1
1411:   0.0000  1.0000  1
1412:   0.0000  1.0000  1
1413:   0.0000  1.0000  1
1414:   0.0000  1.0000  1
1415:   0.0000  1.0000  1
1416:   0.0000  1.0000  1
1417:   0.0000  1.0000  1
1418:   0.0000  1.0000  1
1419:   0.0000  1.0000  1
1420:   0.0000  1.0000  1
1421:   0.0000  1.0000  1
1422:   0.0005  0.9995  1
1423:   0.0000  1.0000  1
1424:   0.0000  1.0000  1
1425:   0.0000  1.0000  1
1426:   0.0000  1.0000  1
1427:   0.0000  1.0000  1
1428:   0.0000  1.0000  1
1429:   0.0000  1.0000  1
1430:   0.0000  1.0000  1
1431:   0.0000  1.0000  1
1432:   0.0000  1.0000  1
1433:   0.0000  1.0000  1
1434:   0.0000  1.0000  1
1435:   0.0000  1.0000  1
1436:   0.0000  1.0000  1
1437:   0.0231  0.9769  1
1438:   0.0000  1.0000  1
1439:   0.0000  1.0000  1
1440:   0.0000  1.0000  1
1441:   0.0000  1.0000  1
1442:   0.0000  1.0000  1
1443:   0.0000  1.0000  1
1444:   0.0000  1.0000  1
1445:   0.0000  1.0000  1
1446:   0.0000  1.0000  1
1447:   0.0000  1.0000  1
1448:   0.0000  1.0000  1
1449:   0.0000  1.0000  1
1450:   0.0000  1.0000  1
1451:   0.0000  1.0000  1
1452:   0.0000  1.0000  1
1453:   0.0000  1.0000  1
1454:   0.0004  0.9996  1
1455:   0.0000  1.0000  1
1456:   0.0000  1.0000  1
1457:   0.0000  1.0000  1
1458:   0.0000  1.0000  1
1459:   0.0000  1.0000  1
1460:   0.0000  1.0000  1
1461:   0.0000  1.0000  1
1462:   0.0000  1.0000  1
1463:   0.0000  1.0000  1
1464:   0.0000  1.0000  1
1465:   0.0000  1.0000  1
1466:   0.0000  1.0000  1
1467:   0.0000  1.0000  1
1468:   0.0000  1.0000  1
1469:   0.0000  1.0000  1
1470:   0.0000  1.0000  1
1471:   0.0000  1.0000  1
1472:   0.0000  1.0000  1
1473:   0.0000  1.0000  1
1474:   0.0000  1.0000  1
1475:   0.0000  1.0000  1
1476:   0.0000  1.0000  1
1477:   0.0000  1.0000  1
1478:   0.0000  1.0000  1
1479:   0.0000  1.0000  1
1480:   0.0004  0.9996  1
1481:   0.0000  1.0000  1
1482:   0.0000  1.0000  1
1483:   0.0000  1.0000  1
1484:   0.0000  1.0000  1
1485:   0.0000  1.0000  1
1486:   0.0000  1.0000  1
1487:   0.0000  1.0000  1
1488:   0.0000  1.0000  1
1489:   0.0000  1.0000  1
1490:   0.0003  0.9997  1
1491:   0.0000  1.0000  1
1492:   0.0000  1.0000  1
1493:   0.0051  0.9949  1
1494:   0.0000  1.0000  1
1495:   0.0000  1.0000  1
1496:   0.0000  1.0000  1
1497:   0.0000  1.0000  1
1498:   0.0093  0.9907  1
1499:   0.0915  0.9085  1
1500:   0.0000  1.0000  1
1501:   0.0000  1.0000  1
1502:   0.0000  1.0000  1
1503:   0.0000  1.0000  1
1504:   0.0000  1.0000  1
1505:   0.0000  1.0000  1
1506:   0.0000  1.0000  1
1507:   0.0000  1.0000  1
1508:   0.0000  1.0000  1
1509:   0.0000  1.0000  1
1510:   0.0000  1.0000  1
1511:   0.0000  1.0000  1
1512:   0.0000  1.0000  1
1513:   0.0000  1.0000  1
1514:   0.0000  1.0000  1
1515:   0.0000  1.0000  1
1516:   0.0000  1.0000  1
1517:   0.0000  1.0000  1
1518:   0.0017  0.9983  1
1519:   0.0000  1.0000  1
1520:   0.0000  1.0000  1
1521:   0.0000  1.0000  1
1522:   0.0000  1.0000  1
1523:   0.0000  1.0000  1
1524:   0.0000  1.0000  1
1525:   0.0000  1.0000  1
1526:   0.0000  1.0000  1
1527:   0.0000  1.0000  1
1528:   0.0000  1.0000  1
1529:   0.0000  1.0000  1
1530:   0.0000  1.0000  1
1531:   0.0000  1.0000  1
1532:   0.0000  1.0000  1
1533:   0.0000  1.0000  1
1534:   0.0000  1.0000  1
1535:   0.0000  1.0000  1
1536:   0.0000  1.0000  1
1537:   0.0000  1.0000  1
1538:   0.0000  1.0000  1
1539:   0.0000  1.0000  1
1540:   0.0000  1.0000  1
1541:   0.0000  1.0000  1
1542:   0.0000  1.0000  1
1543:   0.0000  1.0000  1
1544:   0.0000  1.0000  1
1545:   0.0000  1.0000  1
1546:   0.0005  0.9995  1
1547:   0.0000  1.0000  1
1548:   0.0000  1.0000  1
1549:   0.0000  1.0000  1
1550:   0.0000  1.0000  1
1551:   0.0000  1.0000  1
1552:   0.0000  1.0000  1
1553:   0.0000  1.0000  1
1554:   0.0000  1.0000  1
1555:   0.0000  1.0000  1
1556:   0.0000  1.0000  1
1557:   0.0000  1.0000  1
1558:   0.0000  1.0000  1
1559:   0.0000  1.0000  1
1560:   0.0000  1.0000  1
1561:   0.0000  1.0000  1
1562:   0.0000  1.0000  1
1563:   0.0000  1.0000  1
1564:   0.0000  1.0000  1
1565:   0.0000  1.0000  1
1566:   0.0000  1.0000  1
1567:   0.0000  1.0000  1
1568:   0.0000  1.0000  1
1569:   0.0000  1.0000  1
1570:   0.0000  1.0000  1
1571:   0.0000  1.0000  1
1572:   0.0000  1.0000  1
1573:   0.0000  1.0000  1
1574:   0.0000  1.0000  1
1575:   0.0000  1.0000  1
1576:   0.0000  1.0000  1
1577:   0.0000  1.0000  1
1578:   0.0000  1.0000  1
1579:   0.0000  1.0000  1
1580:   0.0000  1.0000  1
1581:   0.0000  1.0000  1
1582:   0.0000  1.0000  1
1583:   0.0000  1.0000  1
1584:   0.0000  1.0000  1
1585:   0.0000  1.0000  1
1586:   0.0000  1.0000  1
1587:   0.0000  1.0000  1
1588:   0.0000  1.0000  1
1589:   0.0000  1.0000  1
1590:   0.0000  1.0000  1
1591:   0.0000  1.0000  1
1592:   0.0000  1.0000  1
1593:   0.0000  1.0000  1
1594:   0.0000  1.0000  1
1595:   0.0000  1.0000  1
1596:   0.0000  1.0000  1
1597:   0.0000  1.0000  1
1598:   0.0000  1.0000  1
1599:   0.0000  1.0000  1
1600:   0.0000  1.0000  1
1601:   0.0000  1.0000  1
1602:   0.0000  1.0000  1
1603:   0.0000  1.0000  1
1604:   0.0000  1.0000  1
1605:   0.0000  1.0000  1
1606:   0.0104  0.9896  1
1607:   0.0025  0.9975  1
1608:   0.0013  0.9987  1
1609:   0.0000  1.0000  1
1610:   0.0000  1.0000  1
1611:   0.0000  1.0000  1
1612:   0.0000  1.0000  1
1613:   0.0000  1.0000  1
1614:   0.0000  1.0000  1
1615:   0.0000  1.0000  1
1616:   0.0000  1.0000  1
1617:   0.0000  1.0000  1
1618:   0.0000  1.0000  1
1619:   0.0033  0.9967  1
1620:   0.0000  1.0000  1
1621:   0.0000  1.0000  1
1622:   0.0000  1.0000  1
1623:   0.0000  1.0000  1
1624:   0.0000  1.0000  1
1625:   0.0000  1.0000  1
1626:   0.0000  1.0000  1
1627:   0.0000  1.0000  1
1628:   0.0000  1.0000  1
1629:   0.0000  1.0000  1
1630:   0.0000  1.0000  1
1631:   0.0000  1.0000  1
1632:   0.0000  1.0000  1
1633:   0.0000  1.0000  1
1634:   0.0000  1.0000  1
1635:   0.0000  1.0000  1
1636:   0.0000  1.0000  1
1637:   0.0000  1.0000  1
1638:   0.0000  1.0000  1
1639:   0.0000  1.0000  1
1640:   0.0000  1.0000  1
1641:   0.0000  1.0000  1
1642:   0.0000  1.0000  1
1643:   0.0000  1.0000  1
1644:   0.0000  1.0000  1
1645:   0.0000  1.0000  1
1646:   0.0043  0.9957  1
1647:   0.0000  1.0000  1
1648:   0.0000  1.0000  1
1649:   0.0000  1.0000  1
1650:   0.0000  1.0000  1
1651:   0.0000  1.0000  1
1652:   0.0000  1.0000  1
1653:   0.0000  1.0000  1
1654:   0.0000  1.0000  1
1655:   0.0000  1.0000  1
1656:   0.0000  1.0000  1
1657:   0.0000  1.0000  1
1658:   0.0000  1.0000  1
1659:   0.0007  0.9993  1
1660:   0.0000  1.0000  1
1661:   0.0000  1.0000  1
1662:   0.0000  1.0000  1
1663:   0.0000  1.0000  1
1664:   0.0000  1.0000  1
1665:   0.0000  1.0000  1
1666:   0.0000  1.0000  1
1667:   0.0000  1.0000  1
1668:   0.0000  1.0000  1
1669:   0.0000  1.0000  1
1670:   0.0000  1.0000  1
1671:   0.0000  1.0000  1
1672:   0.0000  1.0000  1
1673:   0.0000  1.0000  1
1674:   0.0000  1.0000  1
1675:   0.0000  1.0000  1
1676:   0.0000  1.0000  1
1677:   0.0000  1.0000  1
1678:   0.0000  1.0000  1
1679:   0.0000  1.0000  1
1680:   0.0000  1.0000  1
1681:   0.0000  1.0000  1
1682:   0.0000  1.0000  1
1683:   0.0000  1.0000  1
1684:   0.0000  1.0000  1
1685:   0.0000  1.0000  1
1686:   0.0000  1.0000  1
1687:   0.0000  1.0000  1
1688:   0.0000  1.0000  1
1689:   0.0000  1.0000  1
1690:   0.0000  1.0000  1
1691:   0.0000  1.0000  1
1692:   0.0000  1.0000  1
1693:   0.0000  1.0000  1
1694:   0.0000  1.0000  1
1695:   0.0000  1.0000  1
1696:   0.0000  1.0000  1
1697:   0.0009  0.9991  1
1698:   0.0000  1.0000  1
1699:   0.0000  1.0000  1
1700:   0.0000  1.0000  1
1701:   0.0000  1.0000  1
1702:   0.0000  1.0000  1
1703:   0.0000  1.0000  1
1704:   0.0000  1.0000  1
1705:   0.0000  1.0000  1
1706:   0.0000  1.0000  1
1707:   0.0005  0.9995  1
1708:   0.0000  1.0000  1
1709:   0.0000  1.0000  1
1710:   0.0000  1.0000  1
1711:   0.0000  1.0000  1
1712:   0.0000  1.0000  1
1713:   0.0000  1.0000  1
1714:   0.0000  1.0000  1
1715:   0.0000  1.0000  1
1716:   0.0000  1.0000  1
1717:   0.0000  1.0000  1
1718:   0.0000  1.0000  1
1719:   0.0000  1.0000  1
1720:   0.0000  1.0000  1
1721:   0.0000  1.0000  1
1722:   0.0006  0.9994  1
1723:   0.0000  1.0000  1
1724:   0.0000  1.0000  1
1725:   0.0000  1.0000  1
1726:   0.0000  1.0000  1
1727:   0.0000  1.0000  1
1728:   0.0000  1.0000  1
1729:   0.0000  1.0000  1
1730:   0.0000  1.0000  1
1731:   0.0000  1.0000  1
1732:   0.0000  1.0000  1
1733:   0.0000  1.0000  1
1734:   0.0000  1.0000  1
1735:   0.0000  1.0000  1
1736:   0.0757  0.9243  1
1737:   0.0000  1.0000  1
1738:   0.0000  1.0000  1
1739:   0.0000  1.0000  1
1740:   0.0000  1.0000  1
1741:   0.0000  1.0000  1
1742:   0.0000  1.0000  1
1743:   0.0000  1.0000  1
1744:   0.0000  1.0000  1
1745:   0.0000  1.0000  1
1746:   0.0000  1.0000  1
1747:   0.0000  1.0000  1
1748:   0.0000  1.0000  1
1749:   0.0000  1.0000  1
1750:   0.0000  1.0000  1
1751:   0.0000  1.0000  1
1752:   0.0000  1.0000  1
1753:   0.0000  1.0000  1
1754:   0.0000  1.0000  1
1755:   0.0000  1.0000  1
1756:   0.0000  1.0000  1
1757:   0.0000  1.0000  1
1758:   0.0000  1.0000  1
1759:   0.0000  1.0000  1
1760:   0.0000  1.0000  1
1761:   0.0000  1.0000  1
1762:   0.0000  1.0000  1
1763:   0.0000  1.0000  1
1764:   0.0000  1.0000  1
1765:   0.0000  1.0000  1
1766:   0.0000  1.0000  1
1767:   0.0000  1.0000  1
1768:   0.0000  1.0000  1
1769:   0.0000  1.0000  1
1770:   0.0000  1.0000  1
1771:   0.0000  1.0000  1
1772:   0.0000  1.0000  1
1773:   0.0000  1.0000  1
1774:   0.0000  1.0000  1
1775:   0.0000  1.0000  1
1776:   0.0000  1.0000  1
1777:   0.0000  1.0000  1
1778:   0.0000  1.0000  1
1779:   0.0000  1.0000  1
1780:   0.0000  1.0000  1
1781:   0.0000  1.0000  1
1782:   0.0000  1.0000  1
1783:   0.0000  1.0000  1
1784:   0.0000  1.0000  1
1785:   0.0000  1.0000  1
1786:   0.0000  1.0000  1
1787:   0.0000  1.0000  1
1788:   0.0000  1.0000  1
1789:   0.0133  0.9867  1
1790:   0.0000  1.0000  1
1791:   0.0000  1.0000  1
1792:   0.0000  1.0000  1
1793:   0.0000  1.0000  1
1794:   0.0000  1.0000  1
1795:   0.0000  1.0000  1
1796:   0.0000  1.0000  1
1797:   0.0000  1.0000  1
1798:   0.0000  1.0000  1
1799:   0.0000  1.0000  1
1800:   0.0000  1.0000  1
1801:   0.0000  1.0000  1
1802:   0.0000  1.0000  1
1803:   0.0000  1.0000  1
1804:   0.0000  1.0000  1
1805:   0.0000  1.0000  1
1806:   0.0000  1.0000  1
1807:   0.0000  1.0000  1
1808:   0.0000  1.0000  1
1809:   0.0000  1.0000  1
1810:   0.0000  1.0000  1
1811:   0.0000  1.0000  1
1812:   0.0000  1.0000  1
1813:   0.0000  1.0000  1
1814:   0.0000  1.0000  1
1815:   0.0000  1.0000  1
1816:   0.0000  1.0000  1
1817:   0.0000  1.0000  1
1818:   0.0000  1.0000  1
1819:   0.0000  1.0000  1
1820:   0.0000  1.0000  1
1821:   0.0000  1.0000  1
1822:   0.0000  1.0000  1
1823:   0.0000  1.0000  1
1824:   0.0000  1.0000  1
1825:   0.0000  1.0000  1
1826:   0.0000  1.0000  1
1827:   0.0000  1.0000  1
1828:   0.0000  1.0000  1
1829:   0.0000  1.0000  1
1830:   0.0000  1.0000  1
1831:   0.0000  1.0000  1
1832:   0.0000  1.0000  1
1833:   0.0000  1.0000  1
1834:   0.0000  1.0000  1
1835:   0.0000  1.0000  1
1836:   0.0000  1.0000  1
1837:   0.0000  1.0000  1
1838:   0.0000  1.0000  1
1839:   0.0005  0.9995  1
1840:   0.0000  1.0000  1
1841:   0.0000  1.0000  1
1842:   0.0000  1.0000  1
1843:   0.0068  0.9932  1
1844:   0.0000  1.0000  1
1845:   0.0000  1.0000  1
1846:   0.0000  1.0000  1
1847:   0.0000  1.0000  1
1848:   0.0000  1.0000  1
1849:   0.0000  1.0000  1
1850:   0.0000  1.0000  1
1851:   0.0000  1.0000  1
1852:   0.0000  1.0000  1
1853:   0.0000  1.0000  1
1854:   0.0000  1.0000  1
1855:   0.0000  1.0000  1
1856:   0.0000  1.0000  1
1857:   0.0000  1.0000  1
1858:   0.0000  1.0000  1
1859:   0.0000  1.0000  1
1860:   0.0000  1.0000  1
1861:   0.0000  1.0000  1
1862:   0.0000  1.0000  1
1863:   0.0000  1.0000  1
1864:   0.0000  1.0000  1
1865:   0.0000  1.0000  1
1866:   0.0000  1.0000  1
1867:   0.0000  1.0000  1
1868:   0.0000  1.0000  1
1869:   0.0000  1.0000  1
1870:   0.0000  1.0000  1
1871:   0.0000  1.0000  1
1872:   0.0000  1.0000  1
1873:   0.0000  1.0000  1
1874:   0.0000  1.0000  1
1875:   0.0000  1.0000  1
1876:   0.0000  1.0000  1
1877:   0.0000  1.0000  1
1878:   0.0000  1.0000  1
1879:   0.0000  1.0000  1
1880:   0.0000  1.0000  1
1881:   0.0000  1.0000  1
1882:   0.0000  1.0000  1
1883:   0.0000  1.0000  1
1884:   0.0000  1.0000  1
1885:   0.0000  1.0000  1
1886:   0.0000  1.0000  1
1887:   0.0000  1.0000  1
1888:   0.0000  1.0000  1
1889:   0.0000  1.0000  1
1890:   0.0003  0.9997  1
1891:   0.0000  1.0000  1
1892:   0.0000  1.0000  1
1893:   0.0000  1.0000  1
1894:   0.0006  0.9994  1
1895:   0.0000  1.0000  1
1896:   0.0000  1.0000  1
1897:   0.0000  1.0000  1
1898:   0.0000  1.0000  1
1899:   0.0000  1.0000  1
1900:   0.0000  1.0000  1
1901:   0.0000  1.0000  1
1902:   0.0000  1.0000  1
1903:   0.0000  1.0000  1
1904:   0.0008  0.9992  1
1905:   0.0000  1.0000  1
1906:   0.0000  1.0000  1
1907:   0.0000  1.0000  1
1908:   0.0000  1.0000  1
1909:   0.0000  1.0000  1
1910:   0.0000  1.0000  1
1911:   0.0000  1.0000  1
1912:   0.0000  1.0000  1
1913:   0.0000  1.0000  1
1914:   0.0000  1.0000  1
1915:   0.0004  0.9996  1
1916:   0.0027  0.9973  1
1917:   0.0782  0.9218  1
1918:   0.0418  0.9582  1
1919:   0.0198  0.9802  1
1920:   0.0062  0.9938  1
1921:   0.0000  1.0000  1
1922:   0.0000  1.0000  1
1923:   0.0000  1.0000  1
1924:   0.0000  1.0000  1
1925:   0.0000  1.0000  1
1926:   0.0000  1.0000  1
1927:   0.0000  1.0000  1
1928:   0.0000  1.0000  1
1929:   0.0000  1.0000  1
1930:   0.0000  1.0000  1
1931:   0.0000  1.0000  1
1932:   0.0000  1.0000  1
1933:   0.0000  1.0000  1
1934:   0.0000  1.0000  1
1935:   0.0000  1.0000  1
1936:   0.0000  1.0000  1
1937:   0.0000  1.0000  1
1938:   0.0000  1.0000  1
1939:   0.0000  1.0000  1
1940:   0.0000  1.0000  1
1941:   0.0000  1.0000  1
1942:   0.0000  1.0000  1
1943:   0.0000  1.0000  1
1944:   0.0000  1.0000  1
1945:   0.0000  1.0000  1
1946:   0.0000  1.0000  1
1947:   0.0000  1.0000  1
1948:   0.0000  1.0000  1
1949:   0.0000  1.0000  1
1950:   0.0000  1.0000  1
1951:   0.0000  1.0000  1
1952:   0.0000  1.0000  1
1953:   0.0000  1.0000  1
1954:   0.0000  1.0000  1
1955:   0.0000  1.0000  1
1956:   0.0000  1.0000  1
1957:   0.0000  1.0000  1
1958:   0.0000  1.0000  1
1959:   0.0000  1.0000  1
1960:   0.0000  1.0000  1
1961:   0.0000  1.0000  1
1962:   0.0000  1.0000  1
1963:   0.0000  1.0000  1
1964:   0.0000  1.0000  1
1965:   0.0000  1.0000  1
1966:   0.0000  1.0000  1
1967:   0.0000  1.0000  1
1968:   0.0000  1.0000  1
1969:   0.0000  1.0000  1
1970:   0.0000  1.0000  1
1971:   0.0000  1.0000  1
1972:   0.0000  1.0000  1
1973:   0.0000  1.0000  1
1974:   0.0000  1.0000  1
1975:   0.0000  1.0000  1
1976:   0.0000  1.0000  1
1977:   0.0000  1.0000  1
1978:   0.0000  1.0000  1
1979:   0.0411  0.9589  1
1980:   0.0000  1.0000  1
1981:   0.0000  1.0000  1
1982:   0.0000  1.0000  1
1983:   0.0000  1.0000  1
1984:   0.0000  1.0000  1
1985:   0.0000  1.0000  1
1986:   0.0000  1.0000  1
1987:   0.0000  1.0000  1
1988:   0.0000  1.0000  1
1989:   0.0000  1.0000  1
1990:   0.0000  1.0000  1
1991:   0.0000  1.0000  1
1992:   0.0000  1.0000  1
1993:   0.0030  0.9970  1
1994:   0.0000  1.0000  1
1995:   0.0000  1.0000  1
1996:   0.0000  1.0000  1
1997:   0.0000  1.0000  1
1998:   0.0000  1.0000  1
1999:   0.0000  1.0000  1
2000:   0.0000  1.0000  1
2001:   0.0000  1.0000  1
2002:   0.0000  1.0000  1
2003:   0.0000  1.0000  1
2004:   0.0000  1.0000  1
2005:   0.0000  1.0000  1
2006:   0.0000  1.0000  1
2007:   0.0000  1.0000  1
2008:   0.0000  1.0000  1
2009:   0.0000  1.0000  1
2010:   0.0000  1.0000  1
2011:   0.0000  1.0000  1
2012:   0.0000  1.0000  1
2013:   0.0000  1.0000  1
2014:   0.0015  0.9985  1
2015:   0.0176  0.9824  1
2016:   0.0251  0.9749  1
2017:   0.0128  0.9872  1
2018:   0.0000  1.0000  1
2019:   0.0000  1.0000  1
2020:   0.0000  1.0000  1
2021:   0.0000  1.0000  1
2022:   0.0000  1.0000  1
2023:   0.0017  0.9983  1
2024:   0.0009  0.9991  1
2025:   0.0000  1.0000  1
2026:   0.0000  1.0000  1
2027:   0.0000  1.0000  1
2028:   0.0000  1.0000  1
2029:   0.0000  1.0000  1
2030:   0.0000  1.0000  1
2031:   0.0000  1.0000  1
2032:   0.0000  1.0000  1
2033:   0.0000  1.0000  1
2034:   0.0000  1.0000  1
2035:   0.0000  1.0000  1
2036:   0.0000  1.0000  1
2037:   0.0000  1.0000  1
2038:   0.0000  1.0000  1
2039:   0.0000  1.0000  1
2040:   0.0000  1.0000  1
2041:   0.0000  1.0000  1
2042:   0.0000  1.0000  1
2043:   0.0000  1.0000  1
2044:   0.1454  0.8546  1
2045:   0.0000  1.0000  1
2046:   0.0000  1.0000  1
2047:   0.0000  1.0000  1
2048:   0.0000  1.0000  1
2049:   0.0000  1.0000  1
2050:   0.0000  1.0000  1
2051:   0.0000  1.0000  1
2052:   0.0000  1.0000  1
2053:   0.0000  1.0000  1
2054:   0.0000  1.0000  1
2055:   0.0000  1.0000  1
2056:   0.0000  1.0000  1
2057:   0.0000  1.0000  1
2058:   0.0000  1.0000  1
2059:   0.0000  1.0000  1
2060:   0.0000  1.0000  1
2061:   0.0000  1.0000  1
2062:   0.0000  1.0000  1
2063:   0.0000  1.0000  1
2064:   0.0000  1.0000  1
2065:   0.0000  1.0000  1
2066:   0.0000  1.0000  1
2067:   0.0000  1.0000  1
2068:   0.0000  1.0000  1
2069:   0.0000  1.0000  1
2070:   0.0000  1.0000  1
2071:   0.0000  1.0000  1
2072:   0.0000  1.0000  1
2073:   0.0000  1.0000  1
2074:   0.0000  1.0000  1
2075:   0.0000  1.0000  1
2076:   0.0000  1.0000  1
2077:   0.0000  1.0000  1
2078:   0.0000  1.0000  1
2079:   0.0000  1.0000  1
2080:   0.0000  1.0000  1
2081:   0.0000  1.0000  1
2082:   0.0000  1.0000  1
2083:   0.0008  0.9992  1
2084:   0.0000  1.0000  1
2085:   0.0000  1.0000  1
2086:   0.0000  1.0000  1
2087:   0.0000  1.0000  1
2088:   0.0045  0.9955  1
2089:   0.0000  1.0000  1
2090:   0.0000  1.0000  1
2091:   0.0000  1.0000  1
2092:   0.0000  1.0000  1
2093:   0.0000  1.0000  1
2094:   0.0000  1.0000  1
2095:   0.0000  1.0000  1
2096:   0.0000  1.0000  1
2097:   0.0006  0.9994  1
2098:   0.0126  0.9874  1
2099:   0.0004  0.9996  1
2100:   0.0000  1.0000  1
2101:   0.0014  0.9986  1
2102:   0.0000  1.0000  1
2103:   0.0000  1.0000  1
2104:   0.0000  1.0000  1
2105:   0.0000  1.0000  1
2106:   0.0000  1.0000  1
2107:   0.0000  1.0000  1
2108:   0.0000  1.0000  1
2109:   0.0000  1.0000  1
2110:   0.0000  1.0000  1
2111:   0.0000  1.0000  1
2112:   0.0000  1.0000  1
2113:   0.0000  1.0000  1
2114:   0.0000  1.0000  1
2115:   0.0000  1.0000  1
2116:   0.0000  1.0000  1
2117:   0.0000  1.0000  1
2118:   0.0000  1.0000  1
2119:   0.0000  1.0000  1
2120:   0.0000  1.0000  1
2121:   0.0000  1.0000  1
2122:   0.0000  1.0000  1
2123:   0.0001  0.9999  1
2124:   0.0000  1.0000  1
2125:   0.0000  1.0000  1
2126:   0.0000  1.0000  1
2127:   0.0006  0.9994  1
2128:   0.0000  1.0000  1
2129:   0.0000  1.0000  1
2130:   0.0000  1.0000  1
2131:   0.0000  1.0000  1
2132:   0.0000  1.0000  1
2133:   0.0000  1.0000  1
2134:   0.0000  1.0000  1
2135:   0.0868  0.9132  1
2136:   0.0000  1.0000  1
2137:   0.0000  1.0000  1
2138:   0.0000  1.0000  1
2139:   0.0000  1.0000  1
2140:   0.0004  0.9996  1
2141:   0.0000  1.0000  1
2142:   0.0000  1.0000  1
2143:   0.0000  1.0000  1
2144:   0.0000  1.0000  1
2145:   0.0000  1.0000  1
2146:   0.0000  1.0000  1
2147:   0.0000  1.0000  1
2148:   0.0000  1.0000  1
2149:   0.0000  1.0000  1
2150:   0.0000  1.0000  1
2151:   0.0000  1.0000  1
2152:   0.0000  1.0000  1
2153:   0.0000  1.0000  1
2154:   0.0000  1.0000  1
2155:   0.0000  1.0000  1
2156:   0.0000  1.0000  1
2157:   0.0000  1.0000  1
2158:   0.0000  1.0000  1
2159:   0.0000  1.0000  1
2160:   0.0000  1.0000  1
2161:   0.0002  0.9998  1
2162:   0.0000  1.0000  1
2163:   0.0000  1.0000  1
2164:   0.0000  1.0000  1
2165:   0.0000  1.0000  1
2166:   0.0000  1.0000  1
2167:   0.0000  1.0000  1
2168:   0.0000  1.0000  1
2169:   0.0000  1.0000  1
2170:   0.0000  1.0000  1
2171:   0.0000  1.0000  1
2172:   0.0000  1.0000  1
2173:   0.0000  1.0000  1
2174:   0.0000  1.0000  1
2175:   0.0000  1.0000  1
2176:   0.0000  1.0000  1
2177:   0.0000  1.0000  1
2178:   0.0000  1.0000  1
2179:   0.0000  1.0000  1
2180:   0.0000  1.0000  1
2181:   0.0000  1.0000  1
2182:   0.0000  1.0000  1
2183:   0.0000  1.0000  1
2184:   0.0014  0.9986  1
2185:   0.0000  1.0000  1
2186:   0.0000  1.0000  1
2187:   0.0000  1.0000  1
2188:   0.0000  1.0000  1
2189:   0.0000  1.0000  1
2190:   0.0000  1.0000  1
2191:   0.0000  1.0000  1
2192:   0.0000  1.0000  1
2193:   0.0000  1.0000  1
2194:   0.0000  1.0000  1
2195:   0.0000  1.0000  1
2196:   0.0008  0.9992  1
2197:   0.0000  1.0000  1
2198:   0.0000  1.0000  1
2199:   0.0000  1.0000  1
2200:   0.0005  0.9995  1
2201:   0.0000  1.0000  1
2202:   0.0000  1.0000  1
2203:   0.0000  1.0000  1
2204:   0.0000  1.0000  1
2205:   0.0000  1.0000  1
2206:   0.0000  1.0000  1
2207:   0.0000  1.0000  1
2208:   0.0000  1.0000  1
2209:   0.0000  1.0000  1
2210:   0.0000  1.0000  1
2211:   0.0000  1.0000  1
2212:   0.0000  1.0000  1
2213:   0.0000  1.0000  1
2214:   0.0000  1.0000  1
2215:   0.0000  1.0000  1
2216:   0.0000  1.0000  1
2217:   0.0000  1.0000  1
2218:   0.0000  1.0000  1
2219:   0.0000  1.0000  1
2220:   0.0000  1.0000  1
2221:   0.0000  1.0000  1
2222:   0.0000  1.0000  1
2223:   0.0000  1.0000  1
2224:   0.0000  1.0000  1
2225:   0.0000  1.0000  1
2226:   0.0000  1.0000  1
2227:   0.0000  1.0000  1
2228:   0.0000  1.0000  1
2229:   0.0000  1.0000  1
2230:   0.0000  1.0000  1
2231:   0.0000  1.0000  1
2232:   0.0000  1.0000  1
2233:   0.0000  1.0000  1
2234:   0.0000  1.0000  1
2235:   0.0009  0.9991  1
2236:   0.0003  0.9997  1
2237:   0.0000  1.0000  1
2238:   0.0000  1.0000  1
2239:   0.0000  1.0000  1
2240:   0.0000  1.0000  1
2241:   0.0012  0.9988  1
2242:   0.0007  0.9993  1
2243:   0.0000  1.0000  1
2244:   0.0000  1.0000  1
2245:   0.0000  1.0000  1
2246:   0.0381  0.9619  1
2247:   0.0004  0.9996  1
2248:   0.0005  0.9995  1
2249:   0.0000  1.0000  1
2250:   0.0000  1.0000  1
2251:   0.0000  1.0000  1
2252:   0.0000  1.0000  1
2253:   0.0000  1.0000  1
2254:   0.0000  1.0000  1
2255:   0.0000  1.0000  1
2256:   0.0000  1.0000  1
2257:   0.0251  0.9749  1
2258:   0.0000  1.0000  1
2259:   0.0000  1.0000  1
2260:   0.0000  1.0000  1
2261:   0.0000  1.0000  1
2262:   0.0000  1.0000  1
2263:   0.0000  1.0000  1
2264:   0.0000  1.0000  1
2265:   0.0000  1.0000  1
2266:   0.0000  1.0000  1
2267:   0.0000  1.0000  1
2268:   0.0000  1.0000  1
2269:   0.0000  1.0000  1
2270:   0.0000  1.0000  1
2271:   0.0000  1.0000  1
2272:   0.0000  1.0000  1
2273:   0.0000  1.0000  1
2274:   0.0000  1.0000  1
2275:   0.0000  1.0000  1
2276:   0.0000  1.0000  1
2277:   0.0894  0.9106  1
2278:   0.0000  1.0000  1
2279:   0.0000  1.0000  1
2280:   0.0000  1.0000  1
2281:   0.0000  1.0000  1
2282:   0.0000  1.0000  1
2283:   0.0000  1.0000  1
2284:   0.0000  1.0000  1
2285:   0.0000  1.0000  1
2286:   0.0000  1.0000  1
2287:   0.0000  1.0000  1
2288:   0.0000  1.0000  1
2289:   0.0000  1.0000  1
2290:   0.0000  1.0000  1
2291:   0.0000  1.0000  1
2292:   0.0000  1.0000  1
2293:   0.0000  1.0000  1
2294:   0.0000  1.0000  1
2295:   0.0000  1.0000  1
2296:   0.0000  1.0000  1
2297:   0.0000  1.0000  1
2298:   0.0000  1.0000  1
2299:   0.0000  1.0000  1
2300:   0.0000  1.0000  1
2301:   0.0000  1.0000  1
2302:   0.0036  0.9964  1
2303:   0.0187  0.9813  1
2304:   0.0000  1.0000  1
2305:   0.0000  1.0000  1
2306:   0.0000  1.0000  1
2307:   0.0000  1.0000  1
2308:   0.0000  1.0000  1
2309:   0.0000  1.0000  1
2310:   0.0000  1.0000  1
2311:   0.0000  1.0000  1
2312:   0.0004  0.9996  1
2313:   0.0000  1.0000  1
2314:   0.0120  0.9880  1
2315:   0.0000  1.0000  1
2316:   0.0000  1.0000  1
2317:   0.1250  0.8750  1
2318:   0.0407  0.9593  1
2319:   0.0476  0.9524  1
2320:   0.0000  1.0000  1
2321:   0.0000  1.0000  1
2322:   0.0000  1.0000  1
2323:   0.0000  1.0000  1
2324:   0.0000  1.0000  1
2325:   0.0000  1.0000  1
2326:   0.0000  1.0000  1
2327:   0.0000  1.0000  1
2328:   0.0000  1.0000  1
2329:   0.0000  1.0000  1
2330:   0.0000  1.0000  1
2331:   0.0000  1.0000  1
2332:   0.0000  1.0000  1
2333:   0.0000  1.0000  1
2334:   0.0000  1.0000  1
2335:   0.0000  1.0000  1
2336:   0.0000  1.0000  1
2337:   0.0000  1.0000  1
2338:   0.0000  1.0000  1
2339:   0.0000  1.0000  1
2340:   0.0000  1.0000  1
2341:   0.0000  1.0000  1
2342:   0.0000  1.0000  1
2343:   0.0000  1.0000  1
2344:   0.0000  1.0000  1
2345:   0.0000  1.0000  1
2346:   0.0000  1.0000  1
2347:   0.0000  1.0000  1
2348:   0.0000  1.0000  1
2349:   0.0000  1.0000  1
2350:   0.0000  1.0000  1
2351:   0.0000  1.0000  1
2352:   0.0000  1.0000  1
2353:   0.0000  1.0000  1
2354:   0.0000  1.0000  1
2355:   0.0000  1.0000  1
2356:   0.0000  1.0000  1
2357:   0.0000  1.0000  1
2358:   0.0000  1.0000  1
2359:   0.0000  1.0000  1
2360:   0.0000  1.0000  1
2361:   0.0000  1.0000  1
2362:   0.0005  0.9995  1
2363:   0.0000  1.0000  1
2364:   0.0000  1.0000  1
2365:   0.0000  1.0000  1
2366:   0.0000  1.0000  1
2367:   0.0000  1.0000  1
2368:   0.0000  1.0000  1
2369:   0.0000  1.0000  1
2370:   0.0000  1.0000  1
2371:   0.0000  1.0000  1
2372:   0.0000  1.0000  1
2373:   0.0000  1.0000  1
2374:   0.0000  1.0000  1
2375:   0.0001  0.9999  1
2376:   0.0000  1.0000  1
2377:   0.0000  1.0000  1
2378:   0.0000  1.0000  1
2379:   0.0000  1.0000  1
2380:   0.0548  0.9452  1
2381:   0.0000  1.0000  1
2382:   0.0000  1.0000  1
2383:   0.0000  1.0000  1
2384:   0.0000  1.0000  1
2385:   0.0000  1.0000  1
2386:   0.0000  1.0000  1
2387:   0.0000  1.0000  1
2388:   0.0000  1.0000  1
2389:   0.0000  1.0000  1
2390:   0.0000  1.0000  1
2391:   0.0000  1.0000  1
2392:   0.0000  1.0000  1
2393:   0.0004  0.9996  1
2394:   0.0001  0.9999  1
2395:   0.0000  1.0000  1
2396:   0.0000  1.0000  1
2397:   0.0000  1.0000  1
2398:   0.0000  1.0000  1
2399:   0.0000  1.0000  1
2400:   0.0000  1.0000  1
2401:   0.0000  1.0000  1
2402:   0.0000  1.0000  1
2403:   0.0000  1.0000  1
2404:   0.0000  1.0000  1
2405:   0.0000  1.0000  1
2406:   0.0000  1.0000  1
2407:   0.0000  1.0000  1
2408:   0.0000  1.0000  1
2409:   0.0000  1.0000  1
2410:   0.0000  1.0000  1
2411:   0.0000  1.0000  1
2412:   0.0000  1.0000  1
2413:   0.0000  1.0000  1
2414:   0.0008  0.9992  1
2415:   0.0000  1.0000  1
2416:   0.0000  1.0000  1
2417:   0.0000  1.0000  1
2418:   0.0000  1.0000  1
2419:   0.0000  1.0000  1
2420:   0.0000  1.0000  1
2421:   0.0000  1.0000  1
2422:   0.0000  1.0000  1
2423:   0.0000  1.0000  1
2424:   0.0000  1.0000  1
2425:   0.0000  1.0000  1
2426:   0.0000  1.0000  1
2427:   0.0000  1.0000  1
2428:   0.0000  1.0000  1
2429:   0.0000  1.0000  1
2430:   0.0000  1.0000  1
2431:   0.0000  1.0000  1
2432:   0.0000  1.0000  1
2433:   0.0000  1.0000  1
2434:   0.0000  1.0000  1
2435:   0.0000  1.0000  1
2436:   0.0000  1.0000  1
2437:   0.0000  1.0000  1
2438:   0.0000  1.0000  1
2439:   0.0000  1.0000  1
2440:   0.0000  1.0000  1
2441:   0.0000  1.0000  1
2442:   0.0000  1.0000  1
2443:   0.0000  1.0000  1
2444:   0.0000  1.0000  1
2445:   0.0004  0.9996  1
2446:   0.0000  1.0000  1
2447:   0.0000  1.0000  1
2448:   0.0000  1.0000  1
2449:   0.0000  1.0000  1
2450:   0.0000  1.0000  1
2451:   0.0000  1.0000  1
2452:   0.0000  1.0000  1
2453:   0.0000  1.0000  1
2454:   0.0000  1.0000  1
2455:   0.0000  1.0000  1
2456:   0.0000  1.0000  1
2457:   0.0000  1.0000  1
2458:   0.0000  1.0000  1
2459:   0.0000  1.0000  1
2460:   0.0000  1.0000  1
2461:   0.0000  1.0000  1
2462:   0.0000  1.0000  1
2463:   0.0000  1.0000  1
2464:   0.0000  1.0000  1
2465:   0.0000  1.0000  1
2466:   0.0000  1.0000  1
2467:   0.0000  1.0000  1
2468:   0.0000  1.0000  1
2469:   0.0000  1.0000  1
2470:   0.0000  1.0000  1
2471:   0.0000  1.0000  1
2472:   0.0000  1.0000  1
2473:   0.0002  0.9998  1
2474:   0.0005  0.9995  1
2475:   0.0000  1.0000  1
2476:   0.0000  1.0000  1
2477:   0.0000  1.0000  1
2478:   0.0000  1.0000  1
2479:   0.0000  1.0000  1
2480:   0.0000  1.0000  1
2481:   0.0000  1.0000  1
2482:   0.0000  1.0000  1
2483:   0.0000  1.0000  1
2484:   0.0000  1.0000  1
2485:   0.0000  1.0000  1
2486:   0.0000  1.0000  1
2487:   0.0000  1.0000  1
2488:   0.0000  1.0000  1
2489:   0.0000  1.0000  1
2490:   0.0000  1.0000  1
2491:   0.0000  1.0000  1
2492:   0.0000  1.0000  1
2493:   0.0000  1.0000  1
2494:   0.0000  1.0000  1
2495:   0.0000  1.0000  1
2496:   0.0000  1.0000  1
2497:   0.0000  1.0000  1
2498:   0.0000  1.0000  1
2499:   0.0000  1.0000  1
2500:   0.0000  1.0000  1
2501:   0.0000  1.0000  1
2502:   0.0000  1.0000  1
2503:   0.0000  1.0000  1
2504:   0.0000  1.0000  1
2505:   0.0000  1.0000  1
2506:   0.0000  1.0000  1
2507:   0.0000  1.0000  1
2508:   0.0000  1.0000  1
2509:   0.0000  1.0000  1
2510:   0.0000  1.0000  1
2511:   0.0000  1.0000  1
2512:   0.0000  1.0000  1
2513:   0.0000  1.0000  1
2514:   0.0000  1.0000  1
2515:   0.0000  1.0000  1
2516:   0.0000  1.0000  1
2517:   0.0000  1.0000  1
2518:   0.0000  1.0000  1
2519:   0.0000  1.0000  1
2520:   0.0000  1.0000  1
2521:   0.0000  1.0000  1
2522:   0.0000  1.0000  1
2523:   0.0000  1.0000  1
2524:   0.0000  1.0000  1
2525:   0.0000  1.0000  1
2526:   0.0000  1.0000  1
2527:   0.0000  1.0000  1
2528:   0.0000  1.0000  1
2529:   0.0000  1.0000  1
2530:   0.0000  1.0000  1
2531:   0.0000  1.0000  1
2532:   0.0000  1.0000  1
2533:   0.0000  1.0000  1
2534:   0.0000  1.0000  1
2535:   0.0000  1.0000  1
2536:   0.0000  1.0000  1
2537:   0.0000  1.0000  1
2538:   0.0000  1.0000  1
2539:   0.0000  1.0000  1
2540:   0.0000  1.0000  1
2541:   0.0000  1.0000  1
2542:   0.0000  1.0000  1
2543:   0.0000  1.0000  1
2544:   0.0000  1.0000  1
2545:   0.0000  1.0000  1
2546:   0.0000  1.0000  1
2547:   0.0000  1.0000  1
2548:   0.0000  1.0000  1
2549:   0.0000  1.0000  1
2550:   0.0000  1.0000  1
2551:   0.0000  1.0000  1
2552:   0.0000  1.0000  1
2553:   0.0000  1.0000  1
2554:   0.0000  1.0000  1
2555:   0.0000  1.0000  1
2556:   0.0000  1.0000  1
2557:   0.0000  1.0000  1
2558:   0.0000  1.0000  1
2559:   0.0000  1.0000  1
2560:   0.0000  1.0000  1
2561:   0.0000  1.0000  1
2562:   0.0000  1.0000  1
2563:   0.0000  1.0000  1
2564:   0.0000  1.0000  1
2565:   0.0000  1.0000  1
2566:   0.0000  1.0000  1
2567:   0.0000  1.0000  1
2568:   0.0000  1.0000  1
2569:   0.0000  1.0000  1
2570:   0.0000  1.0000  1
2571:   0.0000  1.0000  1
2572:   0.0000  1.0000  1
2573:   0.0000  1.0000  1
2574:   0.0000  1.0000  1
2575:   0.0000  1.0000  1
2576:   0.0000  1.0000  1
2577:   0.0000  1.0000  1
2578:   0.0000  1.0000  1
2579:   0.0000  1.0000  1
2580:   0.0000  1.0000  1
2581:   0.0000  1.0000  1
2582:   0.0000  1.0000  1
2583:   0.0000  1.0000  1
2584:   0.0000  1.0000  1
2585:   0.0000  1.0000  1
2586:   0.0006  0.9994  1
2587:   0.0000  1.0000  1
2588:   0.0726  0.9274  1
2589:   0.0000  1.0000  1
2590:   0.0000  1.0000  1
2591:   0.0000  1.0000  1
2592:   0.0000  1.0000  1
2593:   0.0000  1.0000  1
2594:   0.0000  1.0000  1
2595:   0.0000  1.0000  1
2596:   0.0000  1.0000  1
2597:   0.0000  1.0000  1
2598:   0.0000  1.0000  1
2599:   0.0000  1.0000  1
2600:   0.0000  1.0000  1
2601:   0.0000  1.0000  1
2602:   0.0000  1.0000  1
2603:   0.0000  1.0000  1
2604:   0.0000  1.0000  1
2605:   0.0000  1.0000  1
2606:   0.0000  1.0000  1
2607:   0.0000  1.0000  1
2608:   0.0000  1.0000  1
2609:   0.0000  1.0000  1
2610:   0.0000  1.0000  1
2611:   0.0000  1.0000  1
2612:   0.0000  1.0000  1
2613:   0.0000  1.0000  1
2614:   0.0000  1.0000  1
2615:   0.0000  1.0000  1
2616:   0.0000  1.0000  1
2617:   0.0000  1.0000  1
2618:   0.0000  1.0000  1
2619:   0.0000  1.0000  1
2620:   0.0000  1.0000  1
2621:   0.0000  1.0000  1
2622:   0.0000  1.0000  1
2623:   0.0000  1.0000  1
2624:   0.0004  0.9996  1
2625:   0.0000  1.0000  1
2626:   0.0000  1.0000  1
2627:   0.0000  1.0000  1
2628:   0.0000  1.0000  1
2629:   0.0000  1.0000  1
2630:   0.0000  1.0000  1
2631:   0.0000  1.0000  1
2632:   0.0002  0.9998  1
2633:   0.0000  1.0000  1
2634:   0.0000  1.0000  1
2635:   0.0000  1.0000  1
2636:   0.0000  1.0000  1
2637:   0.0000  1.0000  1
2638:   0.0000  1.0000  1
2639:   0.0000  1.0000  1
2640:   0.0000  1.0000  1
2641:   0.0000  1.0000  1
2642:   0.0000  1.0000  1
2643:   0.0000  1.0000  1
2644:   0.0000  1.0000  1
2645:   0.0000  1.0000  1
2646:   0.0000  1.0000  1
2647:   0.0000  1.0000  1
2648:   0.0000  1.0000  1
2649:   0.0000  1.0000  1
2650:   0.0000  1.0000  1
2651:   0.0000  1.0000  1
2652:   0.0000  1.0000  1
2653:   0.0000  1.0000  1
2654:   0.0000  1.0000  1
2655:   0.0000  1.0000  1
2656:   0.0000  1.0000  1
2657:   0.0000  1.0000  1
2658:   0.0018  0.9982  1
2659:   0.0005  0.9995  1
2660:   0.0000  1.0000  1
2661:   0.0000  1.0000  1
2662:   0.0000  1.0000  1
2663:   0.0000  1.0000  1
2664:   0.0000  1.0000  1
2665:   0.0000  1.0000  1
2666:   0.0000  1.0000  1
2667:   0.0000  1.0000  1
2668:   0.0000  1.0000  1
2669:   0.0000  1.0000  1
2670:   0.0000  1.0000  1
2671:   0.0000  1.0000  1
2672:   0.0000  1.0000  1
2673:   0.0000  1.0000  1
2674:   0.0000  1.0000  1
2675:   0.0000  1.0000  1
2676:   0.0289  0.9711  1
2677:   0.0000  1.0000  1
2678:   0.0000  1.0000  1
2679:   0.0000  1.0000  1
2680:   0.0000  1.0000  1
2681:   0.0000  1.0000  1
2682:   0.0000  1.0000  1
2683:   0.0000  1.0000  1
2684:   0.0000  1.0000  1
2685:   0.0000  1.0000  1
2686:   0.0000  1.0000  1
2687:   0.0000  1.0000  1
2688:   0.0000  1.0000  1
2689:   0.0000  1.0000  1
2690:   0.0000  1.0000  1
2691:   0.0000  1.0000  1
2692:   0.0000  1.0000  1
2693:   0.0000  1.0000  1
2694:   0.0000  1.0000  1
2695:   0.0000  1.0000  1
2696:   0.0000  1.0000  1
2697:   0.0000  1.0000  1
2698:   0.0000  1.0000  1
2699:   0.0000  1.0000  1
2700:   0.0000  1.0000  1
2701:   0.0000  1.0000  1
2702:   0.0000  1.0000  1
2703:   0.0000  1.0000  1
2704:   0.0000  1.0000  1
2705:   0.0000  1.0000  1
2706:   0.0000  1.0000  1
2707:   0.0000  1.0000  1
2708:   0.0000  1.0000  1
2709:   0.0000  1.0000  1
2710:   0.0000  1.0000  1
2711:   0.0000  1.0000  1
2712:   0.0000  1.0000  1
2713:   0.0000  1.0000  1
2714:   0.0000  1.0000  1
2715:   0.0000  1.0000  1
2716:   0.0000  1.0000  1
2717:   0.0000  1.0000  1
2718:   0.0000  1.0000  1
2719:   0.0000  1.0000  1
2720:   0.0000  1.0000  1
2721:   0.0000  1.0000  1
2722:   0.0000  1.0000  1
2723:   0.0000  1.0000  1
2724:   0.0000  1.0000  1
2725:   0.0000  1.0000  1
2726:   0.0000  1.0000  1
2727:   0.0000  1.0000  1
2728:   0.0000  1.0000  1
2729:   0.0000  1.0000  1
2730:   0.0000  1.0000  1
2731:   0.0000  1.0000  1
2732:   0.0000  1.0000  1
2733:   0.0000  1.0000  1
2734:   0.0000  1.0000  1
2735:   0.0000  1.0000  1
2736:   0.0000  1.0000  1
2737:   0.0000  1.0000  1
2738:   0.0000  1.0000  1
2739:   0.0000  1.0000  1
2740:   0.0000  1.0000  1
2741:   0.0000  1.0000  1
2742:   0.0000  1.0000  1
2743:   0.0000  1.0000  1
2744:   0.0000  1.0000  1
2745:   0.0000  1.0000  1
2746:   0.0000  1.0000  1
2747:   0.0000  1.0000  1
2748:   0.0000  1.0000  1
2749:   0.0000  1.0000  1
2750:   0.0000  1.0000  1
2751:   0.0000  1.0000  1
2752:   0.0000  1.0000  1
2753:   0.0000  1.0000  1
2754:   0.0000  1.0000  1
2755:   0.0000  1.0000  1
2756:   0.0000  1.0000  1
2757:   0.0000  1.0000  1
2758:   0.0000  1.0000  1
2759:   0.0000  1.0000  1
2760:   0.0000  1.0000  1
2761:   0.0000  1.0000  1
2762:   0.0000  1.0000  1
2763:   0.0000  1.0000  1
2764:   0.0000  1.0000  1
2765:   0.0000  1.0000  1
2766:   0.0000  1.0000  1
2767:   0.0000  1.0000  1
2768:   0.0000  1.0000  1
2769:   0.0000  1.0000  1
2770:   0.0000  1.0000  1
2771:   0.0000  1.0000  1
2772:   0.0000  1.0000  1
2773:   0.0000  1.0000  1
2774:   0.0000  1.0000  1
2775:   0.0000  1.0000  1
2776:   0.0000  1.0000  1
2777:   0.0000  1.0000  1
2778:   0.0000  1.0000  1
2779:   0.0000  1.0000  1
2780:   0.0000  1.0000  1
2781:   0.0000  1.0000  1
2782:   0.0000  1.0000  1
2783:   0.0000  1.0000  1
2784:   0.0000  1.0000  1
2785:   0.0000  1.0000  1
2786:   0.0000  1.0000  1
2787:   0.0000  1.0000  1
2788:   0.0000  1.0000  1
2789:   0.0000  1.0000  1
2790:   0.0000  1.0000  1
2791:   0.0000  1.0000  1
2792:   0.0005  0.9995  1
2793:   0.0000  1.0000  1
