colony_input
colony_input
9
72
810016
1
2
1
0
0 0
0
1
0
0
1
2
0
10000
0
2
2
MK@
0@
0.01 0.01 0.01 0.01 0.01 0.01 0.01 0.01 0.01 0.01 0.01 0.01 0.01 0.01 0.01 0.01 0.01 0.01 0.01 0.01 0.01 0.01 0.01 0.01 0.01 0.01 0.01 0.01 0.01 0.01 0.01 0.01 0.01 0.01 0.01 0.01 0.01 0.01 0.01 0.01 0.01 0.01 0.01 0.01 0.01 0.01 0.01 0.01 0.01 0.01 0.01 0.01 0.01 0.01 0.01 0.01 0.01 0.01 0.01 0.01 0.01 0.01 0.01 0.01 0.01 0.01 0.01 0.01 0.01 0.01 0.01 0.01
0.01 0.01 0.01 0.01 0.01 0.01 0.01 0.01 0.01 0.01 0.01 0.01 0.01 0.01 0.01 0.01 0.01 0.01 0.01 0.01 0.01 0.01 0.01 0.01 0.01 0.01 0.01 0.01 0.01 0.01 0.01 0.01 0.01 0.01 0.01 0.01 0.01 0.01 0.01 0.01 0.01 0.01 0.01 0.01 0.01 0.01 0.01 0.01 0.01 0.01 0.01 0.01 0.01 0.01 0.01 0.01 0.01 0.01 0.01 0.01 0.01 0.01 0.01 0.01 0.01 0.01 0.01 0.01 0.01 0.01 0.01 0.01
MCD_LIN_2000_101 3 3 2 2 1 1 4 4 1 4 2 2 3 1 4 4 1 1 1 1 4 2 4 3 2 2 2 2 2 2 4 2 1 1 2 2 2 2 3 3 2 3 4 3 2 2 4 4 3 3 3 3 3 3 4 4 2 4 1 2 3 1 3 4 3 4 3 2 1 4 1 4 2 2 4 4 2 4 0 0 2 4 2 1 2 2 1 4 3 3 2 2 2 2 1 4 1 1 2 2 2 2 1 3 2 2 2 2 3 3 2 2 1 4 4 2 1 1 3 3 4 2 3 4 4 2 2 4 2 2 3 1 3 3 3 3 4 4 2 2 4 4 4 4
MCD_LIN_2000_102 0 0 0 0 0 0 4 4 1 1 2 2 3 1 0 0 1 1 1 4 4 4 4 4 2 2 2 2 2 2 2 2 1 1 2 4 2 1 3 1 2 3 4 4 2 2 4 2 3 3 0 0 1 3 2 2 2 4 1 2 3 1 3 4 3 4 3 2 1 4 1 4 2 4 4 4 2 4 2 2 2 2 0 0 2 2 1 4 3 3 2 2 2 1 1 4 3 1 0 0 0 0 1 1 0 0 2 2 3 3 2 2 1 4 2 2 4 1 3 3 4 2 4 4 2 2 4 4 2 2 0 0 3 3 3 3 4 1 2 4 4 4 4 4
MCD_LIN_2000_104 0 0 0 0 0 0 4 4 1 1 2 2 3 1 4 2 1 1 1 1 4 4 4 4 2 4 2 4 2 2 4 2 1 3 4 4 1 1 1 1 3 3 4 4 1 2 4 4 3 3 0 0 3 3 4 2 2 4 1 2 3 1 3 4 3 4 3 2 1 1 4 4 0 0 4 4 4 4 2 2 2 2 0 0 2 2 1 1 3 2 2 2 2 2 1 4 3 1 2 2 2 2 3 3 2 2 2 2 3 3 0 0 1 1 2 2 0 0 3 3 4 4 3 4 4 2 2 4 2 4 0 0 3 3 3 3 1 1 4 4 4 4 4 4
MCD_LIN_2000_105 3 3 2 2 1 1 4 4 1 1 2 2 3 1 4 4 1 1 1 1 4 2 4 4 2 2 2 2 2 2 2 2 0 0 2 4 2 1 3 1 2 3 4 4 2 2 4 2 3 1 1 1 1 3 4 2 2 4 1 2 3 1 3 4 3 4 3 2 1 4 1 4 2 4 4 4 4 4 2 2 2 2 2 1 2 2 1 1 3 3 2 2 2 2 1 4 3 1 2 2 2 2 1 3 2 2 2 2 3 3 2 2 4 4 2 2 4 1 3 3 0 0 3 3 4 4 2 2 2 2 0 0 3 3 3 3 4 1 2 4 4 4 4 4
MCD_LIN_2000_109 0 0 0 0 0 0 4 4 1 1 2 2 3 1 4 4 1 1 1 4 4 4 4 4 2 2 2 2 0 0 0 0 1 3 2 4 2 1 3 1 2 3 4 4 1 2 0 0 1 1 0 0 3 3 2 2 2 4 1 2 3 1 3 4 3 3 3 3 4 4 1 1 0 0 4 4 4 4 0 0 0 0 1 1 2 1 1 1 3 2 3 2 2 2 4 4 3 1 2 2 2 2 0 0 0 0 2 2 0 0 0 0 0 0 4 2 4 1 3 3 0 0 3 3 4 4 0 0 2 4 0 0 3 3 3 3 4 1 2 4 4 4 4 4
MCD_LIN_2000_110 3 1 0 0 0 0 4 3 1 1 2 1 3 1 0 0 0 0 1 4 0 0 4 4 0 0 0 0 2 4 0 0 0 0 4 4 1 1 1 1 0 0 4 4 0 0 4 4 3 3 3 3 3 3 0 0 2 4 1 2 3 1 3 4 3 4 3 2 0 0 0 0 0 0 0 0 4 4 2 3 2 2 2 1 2 2 0 0 3 3 2 2 2 2 1 1 3 1 2 2 2 2 0 0 0 0 0 0 1 3 2 1 1 1 2 2 4 1 3 1 4 4 3 3 4 4 0 0 0 0 0 0 0 0 3 3 0 0 0 0 4 4 4 4
MCD_LIN_2000_111 3 3 2 1 1 2 0 0 1 1 0 0 3 1 4 4 0 0 0 0 0 0 4 4 2 2 2 2 2 2 0 0 0 0 0 0 0 0 0 0 2 3 0 0 0 0 0 0 0 0 0 0 0 0 0 0 0 0 0 0 0 0 0 0 0 0 0 0 4 4 1 1 4 4 0 0 0 0 0 0 0 0 0 0 0 0 0 0 0 0 0 0 0 0 0 0 0 0 0 0 0 0 0 0 0 0 0 0 3 3 0 0 0 0 0 0 0 0 0 0 0 0 0 0 0 0 0 0 0 0 0 0 0 0 3 4 0 0 0 0 0 0 0 0
MCD_LIN_2000_112 0 0 0 0 0 0 4 4 1 1 0 0 3 1 0 0 1 4 0 0 4 4 4 4 2 4 2 2 2 4 0 0 0 0 2 4 2 1 3 1 2 3 0 0 2 2 4 4 0 0 1 3 0 0 4 2 2 4 1 2 3 1 3 4 3 4 3 2 1 4 1 4 0 0 0 0 4 4 2 2 0 0 0 0 2 2 1 4 3 3 0 0 0 0 0 0 0 0 2 1 2 1 0 0 2 2 2 2 3 3 0 0 0 0 0 0 0 0 3 3 4 2 3 4 4 2 2 4 0 0 0 0 3 3 3 4 0 0 0 0 2 4 3 4
MCD_LIN_2000_113 3 3 0 0 0 0 4 4 0 0 2 2 3 1 0 0 1 1 1 4 4 4 4 4 2 4 2 2 0 0 4 2 0 0 2 2 2 2 3 3 3 3 4 4 1 1 0 0 3 1 3 3 3 3 4 2 2 4 1 2 3 1 3 4 3 4 3 2 1 4 1 4 0 0 4 2 0 0 0 0 2 4 0 0 2 2 1 1 3 3 2 2 2 2 1 4 1 1 0 0 0 0 0 0 2 4 2 1 0 0 0 0 1 4 2 2 4 1 3 3 0 0 3 4 4 2 2 4 2 4 0 0 3 1 3 3 1 1 4 4 4 4 4 4


0 0
0 0




0 0
0 0
0
0
0
0
0
0
