colony_input
colony_input
9
87
557974
1
2
1
0
0 0
0
1
0
0
1
2
0
10000
0
2
2
MK@
0@
0.01 0.01 0.01 0.01 0.01 0.01 0.01 0.01 0.01 0.01 0.01 0.01 0.01 0.01 0.01 0.01 0.01 0.01 0.01 0.01 0.01 0.01 0.01 0.01 0.01 0.01 0.01 0.01 0.01 0.01 0.01 0.01 0.01 0.01 0.01 0.01 0.01 0.01 0.01 0.01 0.01 0.01 0.01 0.01 0.01 0.01 0.01 0.01 0.01 0.01 0.01 0.01 0.01 0.01 0.01 0.01 0.01 0.01 0.01 0.01 0.01 0.01 0.01 0.01 0.01 0.01 0.01 0.01 0.01 0.01 0.01 0.01 0.01 0.01 0.01 0.01 0.01 0.01 0.01 0.01 0.01 0.01 0.01 0.01 0.01 0.01 0.01
0.01 0.01 0.01 0.01 0.01 0.01 0.01 0.01 0.01 0.01 0.01 0.01 0.01 0.01 0.01 0.01 0.01 0.01 0.01 0.01 0.01 0.01 0.01 0.01 0.01 0.01 0.01 0.01 0.01 0.01 0.01 0.01 0.01 0.01 0.01 0.01 0.01 0.01 0.01 0.01 0.01 0.01 0.01 0.01 0.01 0.01 0.01 0.01 0.01 0.01 0.01 0.01 0.01 0.01 0.01 0.01 0.01 0.01 0.01 0.01 0.01 0.01 0.01 0.01 0.01 0.01 0.01 0.01 0.01 0.01 0.01 0.01 0.01 0.01 0.01 0.01 0.01 0.01 0.01 0.01 0.01 0.01 0.01 0.01 0.01 0.01 0.01
QUI_WAC_2016_001 0 0 3 3 2 1 1 2 0 0 4 4 0 0 3 1 2 4 0 0 4 1 1 1 2 2 1 1 0 0 0 0 4 4 2 4 0 0 3 1 2 4 2 1 3 1 2 3 4 4 4 4 2 2 3 3 1 2 0 0 3 3 3 3 0 0 0 0 1 1 1 1 2 4 1 2 3 1 3 4 3 4 3 2 4 4 1 1 2 4 0 0 3 1 2 4 4 2 2 2 3 3 0 0 0 0 0 0 3 3 4 4 1 1 1 1 3 1 0 0 2 2 2 2 2 2 1 3 3 3 3 3 4 4 0 0 1 4 1 1 3 3 3 3 2 2 0 0 3 4 0 0 2 2 3 4 4 2 2 4 0 0 0 0 2 2 0 0 0 0 2 4 3 4
QUI_WAC_2016_002 4 3 3 3 2 2 1 1 4 4 4 3 2 2 3 1 2 2 0 0 0 0 1 4 4 2 1 1 4 4 0 0 4 2 0 0 4 4 0 0 0 0 0 0 0 0 0 0 4 4 4 4 0 0 0 0 1 2 2 2 3 4 3 4 1 1 4 3 1 3 1 1 2 2 1 1 3 3 0 0 3 3 3 3 0 0 0 0 0 0 0 0 3 1 2 4 4 2 0 0 0 0 0 0 2 1 1 1 3 2 4 4 1 1 1 4 3 1 4 1 2 1 2 1 2 2 1 3 3 1 0 0 4 4 4 4 4 4 0 0 0 0 3 4 4 4 0 0 0 0 3 1 2 2 3 3 4 4 2 2 2 2 0 0 2 2 0 0 0 0 4 4 0 0
QUI_WAC_2016_004 4 4 3 3 2 2 1 1 4 3 4 4 2 2 3 1 2 2 3 3 0 0 0 0 2 2 1 1 0 0 3 1 4 4 2 2 4 4 3 3 0 0 2 2 3 3 0 0 4 4 4 3 0 0 0 0 2 2 4 2 3 3 3 3 1 3 0 0 1 1 0 0 2 4 1 2 3 1 3 4 3 4 3 2 0 0 0 0 0 0 0 0 0 0 0 0 0 0 0 0 3 4 0 0 0 0 1 1 3 3 0 0 0 0 0 0 3 1 4 4 2 2 2 2 2 2 3 3 0 0 3 3 0 0 4 2 0 0 1 3 3 2 3 3 0 0 4 2 3 3 3 3 2 2 0 0 4 4 0 0 2 2 0 0 2 2 1 1 4 4 4 4 0 0
QUI_WAC_2016_005 4 3 3 3 0 0 1 1 4 4 4 4 2 2 3 1 2 2 3 3 4 4 1 1 4 4 1 3 4 4 3 3 0 0 0 0 4 2 3 3 0 0 2 2 3 3 2 3 4 4 4 4 4 2 1 3 2 2 0 0 3 4 3 3 0 0 0 0 1 1 1 3 2 4 1 2 3 1 3 4 3 4 3 2 4 4 1 1 4 4 0 0 1 1 4 4 2 2 2 3 3 3 2 4 0 0 1 1 0 0 4 4 1 1 1 1 0 0 0 0 0 0 0 0 2 2 0 0 1 1 3 3 4 4 0 0 0 0 0 0 0 0 3 3 4 4 4 4 3 4 3 1 2 2 3 3 4 4 2 2 2 2 3 1 2 2 0 0 0 0 2 4 3 4
QUI_WAC_2016_006 4 4 3 3 2 2 1 1 4 4 4 4 2 4 3 1 2 2 3 3 0 0 1 4 4 4 1 1 4 4 0 0 4 4 2 2 4 4 3 3 2 4 2 1 3 1 2 3 4 4 0 0 4 2 1 3 1 2 4 4 3 3 3 3 3 3 0 0 1 1 1 1 2 4 1 2 3 1 3 4 3 4 3 2 1 4 1 4 2 4 2 4 1 1 4 4 2 2 0 0 3 3 0 0 0 0 1 1 3 3 4 1 1 1 0 0 3 1 4 4 2 2 2 2 2 2 1 3 1 1 0 0 4 4 4 4 1 4 1 1 3 3 3 3 4 2 4 4 0 0 3 3 2 2 3 3 4 4 2 2 2 2 0 0 2 2 1 1 4 4 0 0 0 0
QUI_WAC_2016_008 4 3 3 3 2 1 0 0 4 4 4 4 2 2 3 1 2 2 3 3 4 4 1 1 4 2 1 1 4 4 3 3 4 4 2 2 4 4 0 0 2 2 2 2 3 3 0 0 4 1 4 4 2 2 3 3 2 2 4 2 4 4 3 3 1 1 0 0 1 1 1 1 2 4 1 2 3 1 3 4 0 0 0 0 4 4 1 1 2 4 2 2 1 1 4 4 2 2 2 2 3 3 2 2 1 1 1 1 3 3 4 4 1 2 1 1 3 1 4 4 2 2 2 2 2 1 1 3 3 3 1 3 4 4 0 0 1 4 1 1 3 3 3 3 4 4 0 0 3 3 3 3 2 2 3 3 4 4 2 2 2 4 0 0 2 2 1 1 4 4 2 4 3 4
QUI_WAC_2016_009 0 0 0 0 0 0 0 0 0 0 0 0 0 0 0 0 0 0 0 0 0 0 0 0 4 4 0 0 0 0 0 0 0 0 0 0 4 4 0 0 2 4 2 1 3 1 0 0 0 0 0 0 0 0 0 0 0 0 0 0 0 0 0 0 0 0 0 0 0 0 0 0 2 4 1 2 3 1 3 4 3 4 3 2 0 0 0 0 0 0 2 4 0 0 0 0 0 0 2 2 0 0 0 0 0 0 0 0 3 3 0 0 0 0 1 1 0 0 0 0 2 1 2 1 0 0 0 0 3 1 0 0 0 0 0 0 0 0 0 0 0 0 0 0 0 0 0 0 3 3 0 0 2 2 0 0 0 0 0 0 0 0 0 0 2 4 0 0 0 0 0 0 0 0
QUI_WAC_2016_011 4 3 3 1 2 2 1 1 4 4 4 4 2 2 3 1 2 2 3 3 4 4 1 1 4 4 0 0 4 3 3 3 4 4 2 2 4 2 0 0 0 0 0 0 0 0 0 0 4 4 4 4 2 2 3 3 2 2 0 0 3 4 3 3 1 3 4 4 1 1 0 0 2 4 1 2 3 1 3 4 3 4 3 2 4 4 1 1 2 4 2 4 1 1 4 4 2 2 0 0 3 3 0 0 0 0 1 3 3 3 4 4 1 1 1 1 0 0 0 0 2 1 0 0 2 2 0 0 3 1 3 3 4 2 0 0 4 4 1 1 3 3 3 3 4 4 0 0 0 0 3 3 2 4 3 3 4 4 0 0 2 2 3 1 2 2 4 1 2 4 2 2 0 0
QUI_WAC_2016_012 0 0 0 0 0 0 0 0 0 0 4 4 0 0 3 1 2 2 4 3 4 4 0 0 4 2 1 3 4 4 0 0 0 0 2 2 4 2 3 3 2 4 2 1 3 1 0 0 4 4 0 0 0 0 3 3 2 2 0 0 3 3 3 3 0 0 4 4 0 0 1 3 2 2 1 1 3 3 0 0 0 0 0 0 4 4 1 1 0 0 2 4 0 0 0 0 0 0 2 3 3 3 0 0 0 0 0 0 3 3 4 4 1 1 1 1 0 0 0 0 2 1 2 1 2 2 1 1 3 1 0 0 0 0 0 0 0 0 0 0 0 0 3 3 0 0 0 0 0 0 3 3 2 2 3 3 4 4 2 2 0 0 0 0 2 2 4 1 2 4 2 4 3 4


0 0
0 0




0 0
0 0
0
0
0
0
0
0
