colony_input
colony_input
8
59
237497
1
2
1
0
0 0
0
1
0
0
1
2
0
10000
0
2
2
MK@
0@
0.01 0.01 0.01 0.01 0.01 0.01 0.01 0.01 0.01 0.01 0.01 0.01 0.01 0.01 0.01 0.01 0.01 0.01 0.01 0.01 0.01 0.01 0.01 0.01 0.01 0.01 0.01 0.01 0.01 0.01 0.01 0.01 0.01 0.01 0.01 0.01 0.01 0.01 0.01 0.01 0.01 0.01 0.01 0.01 0.01 0.01 0.01 0.01 0.01 0.01 0.01 0.01 0.01 0.01 0.01 0.01 0.01 0.01 0.01
0.01 0.01 0.01 0.01 0.01 0.01 0.01 0.01 0.01 0.01 0.01 0.01 0.01 0.01 0.01 0.01 0.01 0.01 0.01 0.01 0.01 0.01 0.01 0.01 0.01 0.01 0.01 0.01 0.01 0.01 0.01 0.01 0.01 0.01 0.01 0.01 0.01 0.01 0.01 0.01 0.01 0.01 0.01 0.01 0.01 0.01 0.01 0.01 0.01 0.01 0.01 0.01 0.01 0.01 0.01 0.01 0.01 0.01 0.01
SFH_NFG_2009_217 2 1 2 2 3 1 1 1 4 2 4 1 4 4 2 2 2 2 3 1 2 2 2 2 3 3 3 3 2 2 3 1 3 3 3 1 2 2 4 2 2 4 1 2 3 1 3 4 3 4 3 2 1 4 1 1 2 1 1 4 1 3 4 4 4 4 2 1 3 4 4 4 1 1 3 1 3 3 3 3 1 4 1 1 2 4 1 3 1 2 3 1 3 4 3 1 1 1 2 2 4 4 1 1 2 2 4 3 4 3 3 1 1 1 4 4 3 3
SFH_NFG_2009_218 2 1 2 1 3 1 1 1 4 4 4 1 4 4 2 2 2 2 3 1 2 4 2 1 3 1 3 3 1 2 3 1 3 3 3 3 2 2 4 4 2 4 1 2 3 1 3 4 3 4 3 2 1 1 1 1 2 1 1 4 3 3 2 4 4 4 2 1 4 4 4 4 1 1 3 1 3 3 3 3 0 0 1 1 2 2 1 1 1 1 3 3 3 3 3 3 1 1 4 2 4 4 3 1 2 4 4 3 4 3 0 0 1 1 2 4 0 0
SFH_NFG_2009_219 1 1 0 0 3 1 1 1 4 2 4 4 4 4 2 2 2 2 3 3 2 2 2 2 3 3 3 3 1 2 3 3 1 3 3 1 2 2 4 4 2 4 1 2 3 1 3 4 3 4 3 2 1 1 1 1 2 1 1 4 3 3 2 4 4 4 1 1 3 4 1 4 1 3 1 1 1 1 3 3 1 4 1 1 2 2 1 1 1 1 3 3 3 3 3 3 4 1 4 2 4 4 3 1 2 2 3 3 3 3 3 1 2 1 2 4 3 3
SFH_NFG_2009_220 1 1 2 2 3 1 1 4 0 0 4 4 4 4 2 2 2 4 3 3 0 0 2 2 3 3 0 0 2 2 3 3 0 0 0 0 2 2 0 0 2 4 1 2 3 1 3 4 3 4 3 2 1 1 1 4 0 0 0 0 3 3 2 2 0 0 0 0 3 4 4 4 0 0 1 1 0 0 3 3 0 0 0 0 2 2 1 1 1 1 3 3 3 3 3 3 4 4 0 0 0 0 3 1 2 2 4 3 4 3 3 1 1 1 2 4 3 4
SFH_NFG_2009_221 2 2 0 0 3 1 1 1 2 2 4 4 4 4 2 2 2 2 3 3 2 4 2 1 3 1 3 3 2 2 3 3 3 3 3 1 2 2 4 4 2 4 1 2 3 1 3 4 3 4 3 2 1 4 1 1 2 2 1 1 1 3 2 4 4 4 2 1 4 4 4 4 1 3 3 1 3 3 3 3 1 4 1 1 2 2 1 1 1 1 3 3 3 3 3 3 1 1 4 4 4 4 3 3 2 2 4 3 4 3 3 1 1 1 2 2 3 3
SFH_NFG_2009_222 0 0 2 2 3 1 1 1 4 4 4 4 4 2 2 4 2 2 3 3 2 4 2 1 3 1 1 3 1 2 3 3 3 3 3 1 2 1 4 2 2 4 1 2 3 1 3 4 3 4 3 2 1 1 1 1 2 2 1 1 1 3 2 4 4 4 0 0 0 0 4 4 0 0 3 1 3 3 3 1 1 4 1 3 2 2 1 1 1 1 3 3 3 3 3 3 1 1 2 2 4 4 0 0 2 2 4 3 4 3 3 1 1 1 2 4 3 3
SFH_NFG_2009_223 1 1 2 2 3 1 1 1 4 2 4 4 4 4 2 2 2 2 3 3 2 4 2 1 3 1 3 3 1 2 3 3 1 3 3 3 2 2 4 4 2 4 1 2 3 1 3 4 3 4 3 2 1 1 1 1 1 1 4 4 1 3 2 4 4 4 1 1 3 4 4 4 1 1 1 1 3 3 3 3 1 4 1 1 2 2 1 1 1 1 3 3 3 3 3 3 4 1 4 2 3 4 3 1 2 2 4 4 4 4 3 1 1 1 2 4 3 3
SFH_NFG_2009_224 2 1 2 2 3 1 1 1 0 0 4 4 4 4 2 2 2 2 3 3 2 4 2 1 3 1 3 3 1 2 3 3 1 3 3 3 2 2 4 4 2 4 1 2 3 1 3 4 3 4 3 2 1 1 1 1 2 1 0 0 3 3 2 4 4 1 2 1 3 4 1 4 1 3 1 1 3 3 3 3 1 1 1 1 2 2 1 1 1 1 3 3 3 3 3 3 1 1 4 2 4 4 3 1 2 2 4 4 4 4 3 1 2 1 2 4 3 3


0 0
0 0




0 0
0 0
0
0
0
0
0
0
