colony_input
colony_input
3
22
56273
1
2
1
0
0 0
0
1
0
0
1
2
0
10000
0
2
2
MK@
0@
0.01 0.01 0.01 0.01 0.01 0.01 0.01 0.01 0.01 0.01 0.01 0.01 0.01 0.01 0.01 0.01 0.01 0.01 0.01 0.01 0.01 0.01
0.01 0.01 0.01 0.01 0.01 0.01 0.01 0.01 0.01 0.01 0.01 0.01 0.01 0.01 0.01 0.01 0.01 0.01 0.01 0.01 0.01 0.01
STE_LTA_2000_005 3 1 1 2 2 4 1 2 2 4 1 2 3 1 3 4 3 4 3 2 2 1 1 4 2 1 0 0 4 4 3 4 0 0 2 1 0 0 3 1 2 2 0 0
STE_LTA_2000_007 0 0 0 0 2 2 0 0 2 4 1 2 3 1 3 4 3 4 3 2 0 0 0 0 0 0 0 0 0 0 0 0 0 0 0 0 0 0 0 0 2 4 0 0
STE_LTA_2000_017 3 1 0 0 2 2 1 2 2 4 1 2 3 1 3 4 3 4 3 2 1 1 4 4 2 2 2 3 4 2 3 3 1 4 0 0 3 1 3 3 2 2 3 1


0 0
0 0




0 0
0 0
0
0
0
0
0
0
