colony_input
colony_input
20
118
995416
1
2
1
0
0 0
0
1
0
0
1
2
0
10000
0
2
2
MK@
0@
0.01 0.01 0.01 0.01 0.01 0.01 0.01 0.01 0.01 0.01 0.01 0.01 0.01 0.01 0.01 0.01 0.01 0.01 0.01 0.01 0.01 0.01 0.01 0.01 0.01 0.01 0.01 0.01 0.01 0.01 0.01 0.01 0.01 0.01 0.01 0.01 0.01 0.01 0.01 0.01 0.01 0.01 0.01 0.01 0.01 0.01 0.01 0.01 0.01 0.01 0.01 0.01 0.01 0.01 0.01 0.01 0.01 0.01 0.01 0.01 0.01 0.01 0.01 0.01 0.01 0.01 0.01 0.01 0.01 0.01 0.01 0.01 0.01 0.01 0.01 0.01 0.01 0.01 0.01 0.01 0.01 0.01 0.01 0.01 0.01 0.01 0.01 0.01 0.01 0.01 0.01 0.01 0.01 0.01 0.01 0.01 0.01 0.01 0.01 0.01 0.01 0.01 0.01 0.01 0.01 0.01 0.01 0.01 0.01 0.01 0.01 0.01 0.01 0.01 0.01 0.01 0.01 0.01
0.01 0.01 0.01 0.01 0.01 0.01 0.01 0.01 0.01 0.01 0.01 0.01 0.01 0.01 0.01 0.01 0.01 0.01 0.01 0.01 0.01 0.01 0.01 0.01 0.01 0.01 0.01 0.01 0.01 0.01 0.01 0.01 0.01 0.01 0.01 0.01 0.01 0.01 0.01 0.01 0.01 0.01 0.01 0.01 0.01 0.01 0.01 0.01 0.01 0.01 0.01 0.01 0.01 0.01 0.01 0.01 0.01 0.01 0.01 0.01 0.01 0.01 0.01 0.01 0.01 0.01 0.01 0.01 0.01 0.01 0.01 0.01 0.01 0.01 0.01 0.01 0.01 0.01 0.01 0.01 0.01 0.01 0.01 0.01 0.01 0.01 0.01 0.01 0.01 0.01 0.01 0.01 0.01 0.01 0.01 0.01 0.01 0.01 0.01 0.01 0.01 0.01 0.01 0.01 0.01 0.01 0.01 0.01 0.01 0.01 0.01 0.01 0.01 0.01 0.01 0.01 0.01 0.01
CAR_EFC_2017_001 3 1 2 1 0 0 4 2 3 4 3 3 3 3 1 1 2 2 3 1 4 4 2 2 3 3 3 3 4 4 1 3 0 0 2 2 2 2 2 2 2 4 3 3 3 3 3 3 2 1 4 2 2 2 1 3 2 2 4 4 1 2 2 2 3 3 1 3 3 3 4 4 3 3 1 1 3 3 3 3 3 3 4 2 2 4 1 2 3 1 3 4 3 4 3 2 4 4 2 4 2 2 4 4 1 1 4 4 2 2 1 1 2 2 1 1 2 2 4 4 3 3 2 2 4 4 2 2 4 4 1 1 2 2 2 2 3 3 3 3 3 2 3 3 1 4 2 2 2 2 2 2 1 3 1 1 3 3 3 3 1 1 4 4 0 0 1 4 2 2 1 1 2 4 1 3 1 2 2 4 1 4 4 3 3 1 4 3 3 4 2 4 3 4 3 1 4 4 4 4 1 1 3 3 3 4 4 4 3 4 4 2 2 4 2 2 2 4 3 3 3 3 3 1 3 3 4 4 3 1 4 4 2 2 0 0
CAR_EFC_2017_002 3 3 2 2 1 1 4 4 3 3 3 3 3 3 1 1 2 4 3 1 4 4 0 0 3 3 3 3 0 0 1 3 0 0 2 2 2 2 2 4 2 4 3 3 3 3 3 3 1 1 4 4 2 2 1 1 2 2 4 4 1 2 2 2 3 3 3 3 3 1 4 3 3 1 1 1 3 3 3 2 3 3 4 2 2 4 1 2 3 1 3 4 3 4 3 2 4 4 2 2 2 2 4 4 1 1 4 4 2 2 1 1 2 2 1 1 2 2 4 4 3 3 2 2 4 4 2 2 4 4 1 1 2 2 2 2 3 3 3 3 3 2 3 4 1 1 2 2 2 2 2 2 1 1 1 1 3 1 3 1 1 3 4 2 1 3 1 4 2 2 1 1 2 4 1 3 1 2 2 4 1 4 4 3 3 1 4 3 3 3 2 2 3 4 3 1 4 4 4 1 1 1 3 3 3 4 4 4 3 3 4 4 2 2 2 2 2 4 3 3 3 3 3 1 3 3 4 4 3 3 4 4 4 4 4 4
CAR_EFC_2017_004 3 3 2 2 1 1 4 4 0 0 0 0 0 0 0 0 2 2 3 1 4 4 2 2 3 3 1 3 0 0 3 3 0 0 2 2 0 0 2 2 2 4 3 3 3 3 0 0 0 0 0 0 2 2 1 1 2 2 4 4 1 2 0 0 3 3 1 3 0 0 0 0 3 3 1 1 3 3 0 0 3 3 0 0 2 4 1 2 3 1 3 4 3 4 3 2 4 4 2 4 2 2 4 4 1 1 4 4 0 0 0 0 2 2 1 3 0 0 4 4 3 1 2 4 4 2 2 2 4 4 0 0 0 0 0 0 3 3 3 3 3 2 0 0 1 1 2 1 2 1 0 0 0 0 1 3 3 1 0 0 1 1 4 2 1 3 1 4 2 2 0 0 2 4 1 3 1 2 2 4 1 4 4 3 3 1 4 3 3 4 2 4 3 4 3 1 4 4 4 1 0 0 3 3 0 0 2 4 3 3 4 4 2 2 2 2 2 4 3 3 3 3 0 0 3 3 4 4 3 3 4 3 2 4 3 4
CAR_EFC_2017_006 3 3 2 2 1 1 4 4 3 3 3 3 3 3 1 1 2 2 3 1 4 4 2 2 3 3 3 3 4 4 1 3 0 0 2 2 2 2 2 2 4 4 3 3 3 3 3 3 1 1 4 4 2 2 1 1 2 2 4 4 1 2 2 2 3 3 1 3 3 1 4 3 3 1 3 3 3 3 3 3 3 3 4 2 2 4 1 2 3 1 3 4 3 4 3 2 4 4 2 4 2 2 4 4 1 1 4 4 2 2 1 1 2 2 1 3 2 2 4 4 3 1 2 4 4 2 2 2 4 4 1 1 2 2 2 4 3 3 3 1 3 2 3 3 1 1 2 2 2 2 2 2 1 1 1 1 3 3 3 3 1 3 4 2 1 3 1 4 2 2 1 1 2 2 1 1 1 1 2 2 1 1 4 4 3 3 4 4 3 3 2 2 3 3 3 3 4 4 4 4 1 1 3 3 3 4 4 4 3 3 4 4 2 2 2 2 2 2 3 3 3 3 3 1 3 3 4 4 3 3 4 4 4 4 4 4
CAR_EFC_2017_009 3 3 0 0 1 1 4 4 3 3 3 3 3 3 1 1 2 2 3 1 4 4 2 2 3 3 3 3 4 4 1 3 0 0 2 2 2 2 2 2 2 4 3 3 3 3 3 3 1 1 4 4 2 2 1 1 2 2 4 4 1 2 2 2 3 3 3 3 3 3 4 4 3 3 1 1 3 3 3 3 3 3 4 2 2 4 1 2 3 1 3 4 3 4 3 2 4 4 4 4 2 2 4 4 1 1 4 4 2 2 1 1 2 2 1 3 2 4 4 4 3 3 2 2 4 4 2 2 4 4 1 1 2 2 2 2 3 3 3 1 3 2 3 4 4 4 2 2 2 2 0 0 3 3 1 1 3 3 3 3 1 1 4 2 1 3 1 4 2 2 3 1 2 4 1 3 1 2 0 0 1 1 0 0 0 0 4 4 3 3 2 2 3 4 3 1 4 1 4 1 1 1 3 1 3 3 4 4 3 3 4 4 2 2 2 2 2 2 3 3 3 3 3 1 3 3 4 4 3 3 4 4 4 4 4 4
CAR_EFC_2017_010 3 3 2 2 1 1 4 4 3 3 3 1 3 1 1 1 2 2 3 1 4 4 1 1 3 3 3 3 4 4 1 1 0 0 2 2 2 2 2 2 4 4 3 3 3 3 3 3 1 1 4 4 2 2 1 1 2 2 4 4 1 2 2 2 3 3 1 3 1 1 4 4 3 3 3 3 3 3 0 0 3 3 2 2 2 4 1 2 3 1 3 4 3 4 3 2 1 1 2 4 2 2 4 4 1 1 4 4 2 2 1 1 2 2 1 1 2 4 4 4 3 3 2 2 4 4 2 2 4 4 1 1 2 2 2 2 3 3 3 1 2 2 3 3 4 4 2 2 2 2 2 2 3 3 1 1 3 3 3 3 1 3 4 4 1 3 4 4 2 2 1 1 2 4 1 3 1 2 2 4 1 4 4 3 3 1 4 3 3 4 2 4 3 4 3 1 4 4 4 1 1 4 3 3 3 4 4 4 3 3 4 4 2 2 2 2 2 2 3 3 3 3 3 1 3 3 4 4 3 3 4 4 4 4 4 4
CAR_EFC_2017_011 3 3 0 0 1 1 4 4 3 3 3 3 3 3 0 0 2 2 3 1 4 4 2 2 3 3 3 3 4 4 1 1 2 2 2 2 2 2 2 2 4 4 3 3 3 3 3 3 2 1 4 4 2 2 1 1 2 2 4 4 1 2 4 2 3 3 1 3 3 3 4 4 3 3 1 1 3 3 3 3 3 3 4 2 2 4 1 2 3 1 3 4 3 4 3 2 1 4 2 2 2 2 4 4 1 1 4 4 2 1 1 4 2 2 1 1 2 2 4 4 3 3 2 2 4 4 2 2 4 4 2 1 2 2 2 2 3 3 3 3 3 2 3 3 4 4 2 2 2 1 2 2 3 3 1 1 3 3 3 3 1 1 4 2 1 1 1 4 2 2 3 1 2 2 1 1 1 1 2 2 1 1 4 4 3 3 4 4 3 3 2 2 3 3 3 3 4 4 4 1 1 1 3 3 3 3 4 4 3 3 4 4 2 2 2 4 2 2 0 0 0 0 3 1 3 3 4 4 3 3 4 4 2 4 3 4
CAR_EFC_2017_012 3 3 2 2 1 1 4 4 3 3 3 3 3 3 1 1 2 2 3 1 4 4 2 1 3 3 3 3 4 1 3 3 0 0 2 2 2 2 2 2 4 4 3 3 3 3 3 3 1 1 4 4 2 2 1 1 2 2 4 4 1 1 2 2 3 3 3 3 3 1 4 3 3 1 1 1 3 3 3 2 1 3 4 2 2 4 1 2 3 1 3 4 3 4 3 2 4 4 2 2 2 2 4 4 1 1 4 4 2 2 1 1 2 2 1 3 2 2 4 4 3 1 2 4 4 2 2 2 4 4 1 1 2 2 2 4 3 3 1 1 2 2 3 4 1 1 2 2 2 2 2 2 1 3 1 1 3 3 3 3 1 3 4 2 1 3 1 4 2 2 1 1 2 2 1 1 1 1 2 2 1 1 4 4 3 3 4 4 3 3 2 2 3 3 3 3 4 4 4 4 1 1 3 3 4 4 2 4 3 4 4 2 2 4 2 2 2 2 4 3 4 3 0 0 3 3 4 4 3 3 4 4 4 4 4 4
CAR_EFC_2017_013 3 3 2 2 1 1 4 4 3 3 3 3 3 3 1 1 2 2 3 1 4 4 1 1 3 4 1 1 4 4 1 3 0 0 2 2 2 2 2 2 2 4 3 3 3 3 3 3 1 1 4 4 2 1 1 1 2 2 4 4 1 2 2 2 3 3 1 1 3 3 4 4 3 3 1 3 3 3 3 3 3 3 2 2 2 4 1 2 3 1 3 4 3 4 3 2 4 4 2 4 2 2 4 4 1 1 4 4 2 2 1 1 2 2 1 1 2 2 4 4 3 3 2 2 4 4 2 2 4 4 2 1 2 2 2 2 3 3 3 3 3 2 3 3 1 4 2 2 2 2 2 2 1 1 1 1 3 1 3 3 1 1 4 2 1 1 1 4 2 2 3 1 2 4 1 3 1 2 2 4 1 4 4 3 3 1 4 3 0 0 0 0 3 4 3 1 4 4 4 1 1 1 3 3 3 3 2 4 3 3 4 4 2 2 2 2 0 0 3 3 3 3 3 1 3 3 4 4 3 3 4 4 4 4 4 4
CAR_EFC_2017_015 3 1 2 2 1 1 4 4 3 3 3 3 3 3 1 1 2 2 3 1 4 4 2 2 3 3 0 0 4 4 1 1 0 0 2 2 2 2 2 2 4 4 3 3 3 4 3 1 0 0 4 4 2 2 1 1 2 2 4 4 1 2 2 2 3 3 1 1 3 3 4 4 3 3 1 1 3 3 3 3 3 3 4 4 2 4 1 2 3 1 3 4 3 4 3 2 1 4 2 2 2 1 4 3 1 2 4 4 2 1 1 4 0 0 1 1 2 2 4 1 3 3 2 2 4 4 2 2 0 0 2 2 2 4 2 2 3 3 3 1 3 2 3 3 1 4 2 2 2 2 2 2 1 3 1 1 3 3 3 3 1 3 4 2 1 1 1 1 2 2 3 1 2 4 1 3 1 2 2 4 0 0 4 3 3 1 0 0 0 0 0 0 3 4 3 1 4 4 4 4 1 1 3 3 0 0 4 4 3 3 4 4 2 2 2 2 2 2 3 3 3 3 3 1 3 3 4 4 3 1 4 4 2 4 3 4
CAR_EFC_2017_017 3 3 2 2 1 1 4 4 3 3 3 3 3 3 1 1 2 2 3 1 4 4 2 2 3 3 3 3 4 4 1 3 0 0 2 2 2 2 2 2 2 4 3 3 3 3 3 3 1 1 4 4 2 2 1 1 2 2 4 4 1 1 2 2 3 3 1 1 3 1 4 3 3 1 0 0 3 3 3 3 1 3 2 2 2 4 1 2 3 1 3 4 3 4 3 2 4 4 2 4 2 2 4 4 1 1 4 4 2 2 1 1 2 4 1 1 2 4 4 4 3 3 2 2 4 4 2 2 4 2 1 1 2 2 2 2 3 3 3 1 2 2 3 3 1 4 2 2 2 2 2 2 3 3 1 1 3 1 3 3 1 1 4 4 1 1 4 4 2 2 3 3 2 4 1 3 1 2 2 4 1 4 4 3 3 1 4 3 3 3 2 2 3 4 3 1 4 4 1 1 1 1 3 3 3 3 2 4 3 4 4 2 2 4 2 2 2 2 3 3 3 3 3 1 3 3 4 4 3 3 4 4 4 4 4 4
CAR_EFC_2017_018 3 3 2 2 1 1 4 4 3 3 3 3 3 3 1 1 2 2 3 1 4 4 2 2 3 3 1 3 4 4 1 1 2 1 2 2 2 2 2 2 2 4 3 3 3 3 3 3 1 1 4 4 1 1 1 1 2 2 4 4 1 1 2 2 3 3 1 3 3 1 4 4 3 3 1 3 3 3 0 0 0 0 2 2 2 4 1 2 3 1 3 4 3 4 3 2 4 4 2 4 2 2 4 4 1 1 4 4 2 2 1 1 2 2 1 1 2 2 4 4 3 3 2 2 4 4 2 2 4 4 2 2 2 2 2 2 3 3 3 3 3 2 3 3 1 4 0 0 0 0 2 2 1 3 1 1 3 1 3 3 1 3 4 2 1 1 1 4 2 2 3 1 2 4 1 3 1 1 2 2 1 1 4 4 3 3 4 4 3 3 2 2 3 4 3 1 4 4 4 4 1 1 3 3 3 3 4 4 3 3 4 4 2 2 2 2 2 2 3 3 3 3 3 1 3 3 4 4 3 3 4 4 4 4 4 4
CAR_EFC_2017_019 3 3 2 1 1 2 4 2 3 3 3 1 3 1 1 1 2 2 3 1 4 4 2 2 3 3 3 3 4 4 1 1 2 2 2 2 2 2 2 2 2 4 3 1 3 4 3 1 1 1 4 4 2 2 1 1 2 2 4 4 1 2 2 2 3 3 1 3 3 3 4 4 3 3 1 3 3 3 3 3 3 3 2 2 2 4 1 2 3 1 3 4 3 4 3 2 4 4 2 4 2 1 4 3 1 2 4 4 2 1 1 4 2 2 1 1 2 2 4 1 3 1 2 4 4 2 2 2 4 4 2 1 2 4 2 2 3 3 3 3 3 2 3 4 1 4 2 2 2 2 2 2 1 3 1 1 3 3 3 3 1 3 4 2 1 1 1 1 2 2 1 1 2 4 1 3 1 2 0 0 1 4 0 0 3 1 4 3 3 3 2 2 3 4 3 1 4 4 4 4 1 1 3 3 3 3 4 4 3 3 4 4 2 2 2 4 2 2 3 3 3 3 3 1 3 3 4 4 3 1 4 4 2 4 3 4
CAR_EFC_2017_021 3 3 2 1 0 0 4 4 3 3 3 3 3 3 1 4 2 2 3 1 4 4 2 1 3 3 1 1 4 4 0 0 0 0 2 2 2 2 2 2 2 4 3 3 3 3 3 3 2 1 4 4 1 1 1 1 2 2 4 4 1 2 2 2 3 4 1 3 3 1 4 4 3 3 1 3 3 3 3 3 3 3 2 2 2 4 1 2 3 1 3 4 3 4 3 2 4 4 2 4 2 2 4 4 1 1 4 4 0 0 0 0 2 2 1 1 2 2 4 4 3 3 2 2 4 4 2 2 4 4 1 1 2 2 2 2 3 3 3 3 3 2 3 3 1 4 2 2 2 2 2 2 1 3 0 0 3 1 3 3 1 3 4 2 1 1 1 4 2 2 0 0 2 4 1 3 1 2 2 4 1 4 4 3 3 1 4 3 3 3 2 2 3 4 3 1 4 4 4 1 1 1 3 3 3 3 2 4 3 3 4 4 2 2 2 2 2 4 3 3 3 3 3 1 3 3 4 4 3 3 4 4 4 4 4 4
CAR_EFC_2017_022 3 3 2 2 1 1 4 4 3 3 0 0 0 0 1 1 2 2 3 1 4 4 0 0 3 3 3 3 4 4 1 3 0 0 2 2 2 2 2 2 2 4 0 0 3 3 3 3 1 1 4 4 2 2 1 1 2 2 4 4 1 2 2 2 3 3 0 0 3 3 4 4 3 3 1 1 3 3 0 0 1 3 4 2 2 4 1 2 3 1 3 4 3 4 3 2 4 4 2 4 2 2 4 4 1 1 0 0 2 2 1 1 0 0 1 3 2 2 4 4 3 1 2 4 4 2 2 2 0 0 1 1 2 2 2 4 3 2 3 3 3 2 3 4 1 1 2 2 2 2 2 1 1 3 1 1 3 3 3 3 1 1 4 2 1 3 1 4 2 2 1 1 2 4 1 3 1 2 2 4 1 4 4 3 3 1 4 3 3 4 2 4 3 4 3 1 4 4 4 4 1 1 3 3 4 4 4 4 3 4 4 2 2 4 2 2 0 0 3 3 3 3 3 1 3 3 4 4 3 3 0 0 0 0 0 0
CAR_EFC_2017_025 3 3 2 2 1 1 4 2 3 3 3 3 3 3 1 1 2 2 3 1 4 4 1 1 3 4 1 3 4 4 3 3 0 0 2 2 2 2 2 2 4 4 3 3 3 3 3 3 2 1 4 4 2 1 1 1 2 2 4 4 1 2 2 2 3 3 1 1 3 3 4 4 3 3 3 3 3 3 3 3 3 3 4 2 2 4 1 2 3 1 3 4 3 4 3 2 4 4 2 4 2 2 4 4 1 1 4 4 2 2 1 1 2 2 1 1 2 2 4 4 3 3 2 2 4 4 2 2 4 4 2 1 2 2 2 2 3 3 3 3 3 2 3 3 1 4 2 2 2 2 2 2 1 3 1 1 3 3 3 3 1 3 4 2 1 1 1 4 2 2 3 1 2 4 1 3 1 2 2 4 1 4 4 3 3 1 4 3 3 4 2 4 3 4 3 1 4 4 4 4 1 1 3 3 3 3 2 4 3 3 4 4 2 2 2 2 2 2 3 3 3 3 3 1 3 3 4 4 3 3 4 4 4 4 4 4
CAR_EFC_2017_027 3 3 2 2 1 1 4 4 3 3 3 3 3 3 1 1 2 2 3 1 4 2 2 1 3 3 0 0 4 1 1 1 2 2 2 4 2 2 2 2 2 4 3 3 3 3 3 3 2 2 4 2 2 2 1 3 2 4 4 2 1 1 2 2 3 3 3 3 3 1 4 4 3 3 1 1 3 4 0 0 3 3 2 2 2 4 1 2 3 1 3 4 0 0 0 0 0 0 4 4 2 2 4 4 1 1 4 1 2 2 1 1 0 0 1 1 2 2 4 4 1 1 4 4 2 2 2 2 0 0 1 1 2 2 2 2 3 3 0 0 2 2 3 3 0 0 2 2 2 2 2 2 3 3 0 0 3 3 0 0 1 1 4 4 1 1 4 4 2 2 3 1 2 4 1 3 1 2 2 4 1 4 4 3 3 1 4 3 3 4 2 4 3 4 3 1 4 4 4 4 1 4 3 3 3 4 2 4 3 3 4 4 2 2 2 2 2 2 3 3 3 3 0 0 3 3 4 4 3 3 0 0 0 0 0 0
CAR_EFC_2017_028 3 3 2 2 1 1 4 2 3 4 3 1 3 1 0 0 2 2 3 1 4 4 2 1 0 0 1 3 0 0 1 1 0 0 2 2 2 2 2 2 4 4 0 0 3 3 3 3 0 0 4 2 2 2 1 3 2 2 4 4 1 1 2 2 3 3 0 0 3 1 0 0 3 3 1 3 3 3 0 0 3 3 4 2 2 4 1 2 3 1 3 4 3 4 3 2 4 4 4 4 2 2 4 4 1 1 4 4 0 0 0 0 2 2 1 1 2 4 4 4 1 1 4 4 2 2 2 4 4 4 0 0 2 2 2 2 3 3 3 3 2 2 3 3 1 4 2 2 2 2 2 2 1 3 1 1 3 3 0 0 1 3 4 4 1 3 4 4 2 1 1 1 2 4 1 3 1 2 2 4 1 4 4 3 3 1 4 3 3 4 2 4 3 4 3 1 4 4 4 1 1 4 3 1 4 4 4 4 3 4 4 2 2 4 2 4 2 2 4 3 4 3 3 1 3 4 4 2 3 3 4 4 2 4 3 4
CAR_EFC_2017_031 3 3 2 2 1 1 4 4 3 3 3 3 3 3 0 0 0 0 3 1 4 4 2 1 3 3 3 3 4 4 1 3 0 0 2 2 2 1 2 2 2 4 3 3 3 3 3 3 1 1 4 4 2 1 1 1 2 2 4 4 1 2 2 2 3 3 1 3 1 1 4 4 3 3 1 1 3 3 0 0 3 3 2 2 0 0 1 2 3 1 3 4 0 0 0 0 4 4 2 4 2 2 4 4 1 1 4 4 2 2 1 1 2 2 1 1 2 4 4 4 3 3 2 2 4 4 2 2 4 4 1 1 2 2 2 2 3 3 3 3 3 2 0 0 4 4 2 2 2 2 2 2 3 3 1 1 1 1 3 3 1 1 4 4 1 3 4 4 2 2 1 1 2 4 1 3 1 2 2 4 1 4 4 3 3 1 4 3 3 4 2 4 3 4 3 1 4 4 1 1 4 4 3 1 3 4 4 4 3 4 4 2 2 4 2 2 2 4 3 3 3 3 3 1 3 3 4 4 1 1 4 4 4 4 4 4
CAR_EFC_2017_032 3 3 0 0 1 1 4 4 3 3 3 3 3 3 1 1 2 2 3 1 4 4 2 2 3 3 1 3 4 4 1 3 0 0 2 2 2 2 2 2 2 4 3 3 3 3 3 3 1 1 4 4 2 1 1 1 2 2 4 4 1 1 2 2 3 3 1 3 3 3 4 4 3 3 1 1 3 3 0 0 3 3 2 2 2 4 1 2 3 1 3 4 3 4 3 2 4 4 2 4 2 2 4 4 1 1 4 4 2 2 1 1 2 2 1 1 2 2 4 4 3 3 2 2 4 4 2 2 4 4 1 1 2 2 2 2 3 3 1 1 2 2 3 3 1 4 2 2 2 2 2 2 1 3 0 0 3 1 3 3 1 1 4 2 1 1 1 4 2 2 3 1 2 4 1 3 1 2 2 4 1 4 4 3 3 1 4 3 3 4 2 4 3 4 3 1 4 1 4 1 1 1 3 3 3 4 4 4 3 4 4 2 2 4 2 2 0 0 3 3 3 3 3 1 3 3 4 4 3 3 4 4 4 4 4 4


0 0
0 0




0 0
0 0
0
0
0
0
0
0
