colony_input
colony_input
18
92
202213
1
2
1
0
0 0
0
1
0
0
1
2
0
10000
0
2
2
MK@
0@
0.01 0.01 0.01 0.01 0.01 0.01 0.01 0.01 0.01 0.01 0.01 0.01 0.01 0.01 0.01 0.01 0.01 0.01 0.01 0.01 0.01 0.01 0.01 0.01 0.01 0.01 0.01 0.01 0.01 0.01 0.01 0.01 0.01 0.01 0.01 0.01 0.01 0.01 0.01 0.01 0.01 0.01 0.01 0.01 0.01 0.01 0.01 0.01 0.01 0.01 0.01 0.01 0.01 0.01 0.01 0.01 0.01 0.01 0.01 0.01 0.01 0.01 0.01 0.01 0.01 0.01 0.01 0.01 0.01 0.01 0.01 0.01 0.01 0.01 0.01 0.01 0.01 0.01 0.01 0.01 0.01 0.01 0.01 0.01 0.01 0.01 0.01 0.01 0.01 0.01 0.01 0.01
0.01 0.01 0.01 0.01 0.01 0.01 0.01 0.01 0.01 0.01 0.01 0.01 0.01 0.01 0.01 0.01 0.01 0.01 0.01 0.01 0.01 0.01 0.01 0.01 0.01 0.01 0.01 0.01 0.01 0.01 0.01 0.01 0.01 0.01 0.01 0.01 0.01 0.01 0.01 0.01 0.01 0.01 0.01 0.01 0.01 0.01 0.01 0.01 0.01 0.01 0.01 0.01 0.01 0.01 0.01 0.01 0.01 0.01 0.01 0.01 0.01 0.01 0.01 0.01 0.01 0.01 0.01 0.01 0.01 0.01 0.01 0.01 0.01 0.01 0.01 0.01 0.01 0.01 0.01 0.01 0.01 0.01 0.01 0.01 0.01 0.01 0.01 0.01 0.01 0.01 0.01 0.01
EFH_NFC_2012_001 3 3 0 0 0 0 4 4 3 3 3 3 2 2 3 1 2 4 2 2 1 1 4 4 4 4 3 3 3 3 3 1 4 4 4 4 2 2 1 1 2 4 2 1 3 1 4 4 4 4 1 1 4 4 4 4 0 0 2 4 1 2 3 1 3 4 3 4 3 2 4 4 2 2 3 3 4 4 1 3 2 4 1 1 3 1 2 4 4 2 3 3 3 3 0 0 4 4 3 3 2 1 3 3 2 2 3 2 3 4 0 0 3 3 3 3 1 1 2 2 3 3 3 3 4 4 3 3 3 3 1 1 1 4 4 2 4 1 1 1 3 3 3 3 2 2 3 3 4 4 2 2 2 4 2 2 4 4 4 4 3 3 0 0 4 4 1 2 1 1 3 1 1 1 4 4 2 2 3 3 2 4 3 4
EFH_NFC_2012_002 3 3 0 0 4 4 4 4 3 3 3 3 2 2 3 1 4 4 2 2 0 0 4 4 4 4 3 3 3 3 3 1 4 4 4 2 2 4 1 1 2 2 2 2 3 3 4 4 4 4 1 1 4 4 4 4 1 1 2 4 1 2 3 1 3 4 3 4 3 2 4 4 2 2 3 3 4 4 1 1 4 4 1 1 3 1 2 4 4 2 3 3 3 3 2 2 4 4 3 3 2 2 3 3 2 2 3 3 3 3 4 4 3 3 3 3 1 1 2 2 3 3 1 3 4 4 3 3 1 3 1 1 1 1 4 2 4 1 1 1 3 3 1 1 2 2 3 3 4 4 2 2 2 4 0 0 4 4 4 4 3 3 0 0 4 4 1 2 1 1 3 3 1 1 4 4 2 2 3 3 2 4 3 4
EFH_NFC_2012_003 3 3 2 2 4 4 4 4 3 4 4 3 2 2 3 1 0 0 2 2 1 1 4 3 4 1 3 2 3 3 1 1 4 1 0 0 2 2 1 1 4 4 1 1 1 1 4 4 4 4 1 1 4 4 4 4 1 1 2 4 1 2 3 1 3 4 3 4 3 2 4 4 2 2 3 3 0 0 1 1 2 4 1 1 3 1 2 4 4 2 3 1 3 3 2 2 4 4 3 3 0 0 3 3 2 2 3 3 0 0 4 4 3 3 3 3 1 4 2 2 3 3 3 3 4 4 3 3 3 3 1 1 1 4 4 4 4 4 1 1 3 4 3 1 2 2 3 3 4 4 2 2 2 2 2 2 4 3 4 3 3 3 0 0 4 4 1 2 1 1 3 1 1 1 4 4 2 2 0 0 2 2 3 3
EFH_NFC_2012_004 0 0 0 0 0 0 4 4 3 3 0 0 0 0 3 1 0 0 0 0 0 0 0 0 0 0 0 0 3 3 0 0 0 0 0 0 0 0 1 1 0 0 0 0 0 0 4 1 0 0 0 0 0 0 4 4 0 0 2 4 1 2 3 1 3 4 3 4 3 2 4 4 2 2 0 0 0 0 1 1 2 4 0 0 0 0 0 0 0 0 3 3 3 3 2 3 0 0 3 3 0 0 3 3 2 4 0 0 0 0 4 1 3 3 0 0 1 1 2 2 3 3 0 0 4 2 0 0 0 0 0 0 1 1 0 0 4 4 1 1 3 3 1 1 2 2 3 3 4 4 0 0 0 0 2 4 4 4 4 4 3 3 0 0 4 4 0 0 1 1 3 1 1 4 0 0 0 0 0 0 0 0 0 0
EFH_NFC_2012_005 3 3 0 0 4 4 4 4 3 3 0 0 2 2 3 1 0 0 2 2 1 1 4 4 4 4 3 3 3 3 1 1 4 4 2 2 2 2 1 1 4 4 1 1 1 1 4 4 0 0 1 1 4 4 4 4 1 1 2 4 1 2 3 1 3 4 3 4 3 2 1 4 2 2 3 3 4 4 1 1 2 4 1 1 3 1 2 4 4 2 3 1 3 3 2 2 0 0 3 3 0 0 3 3 2 2 3 3 3 3 4 4 3 3 3 3 1 4 2 2 3 3 1 3 0 0 3 3 3 3 1 1 1 4 4 4 4 4 1 1 3 3 1 1 2 2 3 3 4 4 2 2 2 4 2 2 4 4 4 4 3 3 3 1 4 4 1 1 1 1 3 3 1 4 4 4 2 2 3 3 2 4 3 4
EFH_NFC_2012_006 3 3 2 2 0 0 4 4 0 0 3 3 2 2 3 1 0 0 0 0 0 0 4 4 4 4 3 3 3 3 3 1 4 4 4 4 0 0 0 0 4 4 1 1 1 1 4 4 4 2 1 3 4 4 0 0 1 3 2 2 1 1 3 3 3 3 0 0 0 0 4 4 2 2 4 3 4 4 1 3 2 4 1 1 3 1 2 4 4 2 3 3 3 3 0 0 0 0 3 3 2 1 3 3 0 0 3 3 0 0 4 4 0 0 3 3 1 1 2 2 3 3 1 3 0 0 0 0 3 3 0 0 1 4 4 2 4 1 1 1 3 3 3 3 2 2 0 0 0 0 0 0 2 4 0 0 0 0 0 0 3 1 0 0 4 4 2 2 1 1 3 1 1 1 0 0 0 0 0 0 4 4 0 0
EFH_NFC_2012_007 3 3 2 2 0 0 4 4 0 0 0 0 0 0 3 1 2 2 0 0 0 0 4 4 4 4 3 3 3 3 0 0 0 0 4 2 2 2 1 1 0 0 0 0 0 0 4 4 0 0 0 0 4 4 4 4 1 3 2 4 1 2 3 1 3 4 3 4 3 2 0 0 2 2 0 0 0 0 1 3 0 0 0 0 0 0 0 0 0 0 3 3 3 3 0 0 4 2 3 3 0 0 3 3 0 0 3 3 3 4 0 0 3 3 0 0 1 1 2 2 3 3 0 0 0 0 0 0 0 0 0 0 0 0 4 2 4 4 1 1 0 0 1 1 2 2 3 3 4 4 2 2 0 0 2 4 4 4 4 4 3 3 0 0 4 4 1 2 1 1 3 3 1 4 4 1 2 4 0 0 0 0 0 0
EFH_NFC_2012_008 0 0 2 2 4 1 4 4 0 0 3 3 2 2 3 1 0 0 2 2 1 1 4 4 4 4 3 3 3 3 3 1 4 4 4 2 2 2 1 1 2 2 2 2 3 3 4 4 4 4 1 1 0 0 4 4 1 1 2 4 1 2 3 1 3 4 3 4 3 2 0 0 2 2 0 0 4 4 1 1 4 4 0 0 3 1 2 4 4 2 3 3 3 1 0 0 4 4 3 3 2 1 3 3 2 2 3 3 3 3 0 0 3 3 3 3 1 1 2 2 3 3 1 1 4 4 3 1 1 3 1 1 4 4 4 4 4 4 1 1 3 3 1 1 2 2 3 3 4 4 2 2 4 4 0 0 4 4 4 4 3 3 3 1 4 4 1 2 1 1 3 1 0 0 4 4 2 2 0 0 4 4 0 0
EFH_NFC_2012_009 3 3 2 2 4 1 4 4 3 3 3 3 2 2 3 1 2 4 2 2 1 1 4 4 4 4 3 3 3 3 3 1 4 4 4 2 2 2 1 1 4 4 1 1 1 1 4 4 2 2 3 3 4 4 4 4 1 1 2 4 1 2 3 1 3 4 3 4 3 2 4 4 2 2 0 0 4 4 1 3 2 4 1 1 3 1 2 4 4 2 3 3 3 3 2 2 4 4 3 3 2 1 3 3 2 4 3 3 3 3 4 4 3 2 3 3 1 1 2 2 3 3 3 3 4 4 3 3 3 3 1 1 1 1 4 2 4 4 1 1 3 3 3 1 2 2 3 3 4 4 2 2 2 2 2 2 4 4 4 4 3 3 3 1 4 4 2 2 0 0 1 1 1 1 4 4 2 2 0 0 2 4 3 4
EFH_NFC_2012_010 0 0 0 0 0 0 0 0 3 3 0 0 0 0 3 1 2 4 0 0 0 0 0 0 0 0 0 0 0 0 3 1 0 0 0 0 0 0 1 1 2 4 2 1 3 1 0 0 0 0 0 0 0 0 0 0 0 0 2 4 1 2 3 1 3 4 3 4 3 2 0 0 0 0 0 0 0 0 0 0 0 0 0 0 3 3 2 2 4 4 3 3 3 3 0 0 0 0 3 3 0 0 0 0 0 0 0 0 3 3 0 0 3 3 3 3 0 0 2 2 3 3 1 3 0 0 0 0 1 3 1 1 1 1 0 0 1 1 1 1 0 0 3 1 2 2 3 3 4 4 2 2 0 0 2 2 0 0 0 0 3 3 0 0 0 0 0 0 3 1 1 1 0 0 0 0 0 0 3 3 2 2 0 0
EFH_NFC_2012_011 0 0 0 0 4 4 4 1 3 3 3 3 2 2 3 1 2 4 2 2 1 1 4 4 4 4 3 3 3 3 3 1 4 4 2 2 0 0 1 1 2 2 2 2 3 3 4 4 0 0 0 0 4 4 4 4 1 1 2 4 1 2 3 1 3 4 3 4 3 2 4 4 2 2 3 3 4 4 1 1 2 2 1 1 3 1 2 4 4 2 3 3 3 3 0 0 4 4 3 3 2 1 3 3 2 2 0 0 3 3 4 4 3 3 3 3 1 1 2 2 3 3 1 1 4 4 3 3 1 3 1 3 1 1 4 2 4 1 1 1 3 3 3 1 2 2 3 3 4 4 2 2 0 0 2 4 4 4 4 4 3 3 0 0 4 2 1 2 1 1 0 0 1 1 4 4 2 2 3 3 2 4 3 4
EFH_NFC_2012_012 3 1 2 2 0 0 4 4 3 3 3 3 2 2 3 1 2 4 2 2 1 1 4 4 4 4 3 3 3 3 3 3 4 4 4 2 2 2 1 1 2 2 2 2 3 3 4 4 4 4 1 1 4 4 4 4 1 1 2 4 1 2 3 1 3 4 3 4 3 2 4 4 2 2 3 3 4 4 1 1 2 2 1 3 3 1 2 4 4 2 3 3 3 3 2 2 4 4 3 3 2 2 3 3 2 2 3 3 3 3 4 4 3 3 3 3 4 4 2 2 3 3 1 3 4 4 3 3 1 3 1 1 1 1 4 2 4 1 1 1 3 3 1 1 2 2 3 4 4 2 2 4 2 4 2 2 4 4 4 4 3 3 3 1 4 4 1 2 1 1 3 1 1 4 4 4 2 2 3 4 2 2 3 3
EFH_NFC_2012_013 3 3 2 2 4 4 4 4 3 3 3 3 0 0 3 1 2 4 2 2 0 0 4 4 4 4 3 3 3 3 3 1 4 4 4 2 2 2 1 1 0 0 0 0 0 0 4 4 4 4 1 1 4 4 0 0 1 1 2 4 1 2 3 1 3 4 3 4 3 2 4 4 2 2 3 3 4 4 1 1 2 2 1 1 3 1 2 4 4 2 3 3 3 3 0 0 4 4 3 3 0 0 3 3 0 0 0 0 3 3 4 4 3 3 3 3 1 4 2 2 3 3 1 3 0 0 3 3 1 3 0 0 1 1 4 4 4 4 0 0 3 3 3 1 2 2 3 3 4 4 0 0 4 4 0 0 4 4 4 4 3 3 3 1 4 4 2 2 0 0 1 1 1 1 0 0 0 0 3 3 2 2 3 3
EFH_NFC_2012_014 3 3 2 2 4 4 4 4 3 3 3 3 0 0 3 1 2 2 2 4 1 1 4 4 4 4 3 3 3 1 3 1 4 4 4 2 2 2 1 3 2 2 2 2 3 3 4 4 4 2 1 3 4 4 4 4 1 1 2 4 1 2 3 1 3 4 3 4 3 2 4 4 2 4 3 3 0 0 1 3 2 4 1 1 3 1 2 4 4 2 3 3 3 3 2 2 4 4 3 3 2 2 3 4 2 2 3 3 3 3 4 4 3 3 3 1 1 4 0 0 3 3 1 3 4 4 3 3 1 3 0 0 1 4 4 4 4 4 1 1 3 3 0 0 2 2 3 3 4 4 2 2 4 4 2 4 4 4 4 4 3 3 3 1 4 4 2 2 1 1 1 1 1 1 4 4 2 2 0 0 4 4 0 0
EFH_NFC_2012_015 3 3 2 2 0 0 4 4 3 3 3 3 2 2 3 1 2 2 2 2 0 0 4 4 4 4 3 3 3 3 3 1 4 4 4 2 2 2 1 1 2 4 2 1 3 1 4 4 4 4 1 1 4 4 4 4 1 1 2 4 1 2 3 1 3 4 3 4 3 2 4 4 2 2 4 3 4 4 1 1 2 2 1 1 3 3 2 2 4 4 3 3 3 3 0 0 4 4 3 3 2 2 3 3 2 2 3 3 3 3 4 4 3 3 3 3 1 4 2 2 3 3 1 1 4 4 3 3 1 1 1 1 1 1 4 4 4 4 1 1 3 3 3 1 2 2 3 3 4 4 2 2 2 4 0 0 4 4 4 4 3 3 0 0 4 4 2 2 1 1 3 1 1 1 4 4 2 2 3 3 2 4 3 4
EFH_NFC_2012_016 0 0 0 0 4 4 0 0 3 3 3 3 2 2 3 1 2 2 2 2 1 1 4 4 4 4 3 3 3 1 0 0 4 4 2 2 2 2 1 1 0 0 1 1 1 1 4 4 4 4 1 1 4 2 4 3 1 1 2 4 1 2 3 1 3 4 3 4 3 2 4 4 2 2 3 3 0 0 1 3 2 2 0 0 3 1 2 4 4 2 3 3 3 3 2 2 4 4 3 4 1 1 3 3 2 2 3 3 3 3 4 4 3 3 3 3 4 4 2 2 3 1 1 1 4 4 3 3 1 3 0 0 1 1 4 4 4 4 1 4 3 3 0 0 2 2 3 3 4 4 2 2 4 4 0 0 0 0 0 0 3 3 0 0 4 4 1 2 1 1 3 3 1 1 4 4 2 2 3 3 2 2 0 0
EFH_NFC_2012_017 0 0 0 0 0 0 4 4 3 3 3 3 2 4 3 1 2 4 0 0 0 0 0 0 0 0 0 0 3 3 0 0 0 0 0 0 0 0 0 0 0 0 1 1 1 1 4 4 4 4 1 1 0 0 0 0 0 0 2 4 1 2 3 1 3 4 3 4 3 2 0 0 2 2 0 0 4 2 0 0 2 4 0 0 0 0 0 0 0 0 0 0 0 0 0 0 4 4 3 3 0 0 0 0 0 0 3 3 3 4 4 1 0 0 3 3 0 0 2 2 0 0 0 0 4 4 3 3 0 0 0 0 1 4 0 0 1 1 1 1 0 0 0 0 2 4 0 0 0 0 0 0 4 4 2 2 4 4 4 4 0 0 0 0 4 4 2 2 0 0 3 1 0 0 0 0 0 0 0 0 2 4 3 4
EFH_NFC_2012_018 3 3 2 1 4 4 4 4 3 3 3 3 2 2 3 1 2 4 2 2 1 4 4 4 4 4 3 3 3 3 3 1 4 4 4 2 2 2 1 1 2 4 2 1 3 1 4 4 4 4 1 1 4 4 4 4 1 1 2 4 1 2 3 1 3 4 3 4 3 2 1 4 2 2 4 3 4 4 1 1 2 4 1 1 3 3 2 2 4 4 3 3 3 3 2 2 4 4 3 3 2 2 3 3 2 2 3 3 3 3 0 0 3 3 3 3 1 1 2 1 3 3 1 3 4 4 3 3 1 3 1 1 1 1 4 4 4 4 1 1 3 3 3 3 0 0 3 3 4 4 2 2 2 2 2 2 4 4 4 4 3 3 0 0 4 4 1 2 1 1 3 3 1 1 4 4 2 2 3 3 2 4 3 4


0 0
0 0




0 0
0 0
0
0
0
0
0
0
