colony_input
colony_input
21
82
781754
1
2
1
0
0 0
0
1
0
0
1
2
0
10000
0
2
2
MK@
0@
0.01 0.01 0.01 0.01 0.01 0.01 0.01 0.01 0.01 0.01 0.01 0.01 0.01 0.01 0.01 0.01 0.01 0.01 0.01 0.01 0.01 0.01 0.01 0.01 0.01 0.01 0.01 0.01 0.01 0.01 0.01 0.01 0.01 0.01 0.01 0.01 0.01 0.01 0.01 0.01 0.01 0.01 0.01 0.01 0.01 0.01 0.01 0.01 0.01 0.01 0.01 0.01 0.01 0.01 0.01 0.01 0.01 0.01 0.01 0.01 0.01 0.01 0.01 0.01 0.01 0.01 0.01 0.01 0.01 0.01 0.01 0.01 0.01 0.01 0.01 0.01 0.01 0.01 0.01 0.01 0.01 0.01
0.01 0.01 0.01 0.01 0.01 0.01 0.01 0.01 0.01 0.01 0.01 0.01 0.01 0.01 0.01 0.01 0.01 0.01 0.01 0.01 0.01 0.01 0.01 0.01 0.01 0.01 0.01 0.01 0.01 0.01 0.01 0.01 0.01 0.01 0.01 0.01 0.01 0.01 0.01 0.01 0.01 0.01 0.01 0.01 0.01 0.01 0.01 0.01 0.01 0.01 0.01 0.01 0.01 0.01 0.01 0.01 0.01 0.01 0.01 0.01 0.01 0.01 0.01 0.01 0.01 0.01 0.01 0.01 0.01 0.01 0.01 0.01 0.01 0.01 0.01 0.01 0.01 0.01 0.01 0.01 0.01 0.01
REE_MHK_2000_003 2 2 4 4 1 1 3 3 4 4 3 3 4 4 3 1 2 2 2 2 4 3 4 1 3 2 3 3 4 1 3 3 1 1 3 3 3 3 2 2 2 2 4 4 1 1 1 1 2 2 2 2 3 3 3 3 4 2 1 1 2 4 1 2 3 1 3 4 3 4 3 2 1 1 4 4 4 4 1 1 2 2 1 1 1 1 4 4 2 2 2 2 3 3 2 2 3 3 4 4 2 2 4 4 2 2 2 2 2 2 3 3 3 3 3 3 2 2 1 1 1 1 1 1 1 1 2 2 3 3 2 2 1 1 1 1 3 3 4 4 3 4 2 2 3 3 3 3 3 1 4 4 1 1 2 2 2 2 1 1 3 3 4 4
REE_MHK_2000_004 0 0 4 4 1 1 3 3 4 4 3 3 4 4 3 1 2 2 2 2 4 3 4 1 3 2 3 3 4 1 3 3 1 1 3 3 3 3 2 2 2 2 0 0 1 1 0 0 2 2 0 0 1 1 3 3 2 2 1 1 2 4 1 2 3 1 3 4 3 4 3 2 1 1 4 4 4 4 1 1 2 1 1 4 3 1 2 4 4 2 2 2 3 3 2 2 3 3 4 4 2 2 4 4 2 2 2 2 2 2 3 3 3 3 3 3 2 2 1 1 1 1 1 1 1 4 2 2 3 3 2 2 1 1 1 1 3 3 4 4 3 4 2 4 3 3 3 3 3 1 4 4 1 1 2 2 2 2 1 1 1 3 4 4
REE_MHK_2000_005 0 0 0 0 0 0 3 3 4 4 0 0 0 0 3 1 2 2 0 0 0 0 0 0 0 0 3 3 4 1 3 3 1 1 0 0 3 1 2 2 0 0 0 0 0 0 0 0 2 2 0 0 1 3 0 0 0 0 1 1 0 0 0 0 0 0 0 0 0 0 0 0 1 4 1 4 0 0 0 0 0 0 0 0 0 0 0 0 0 0 0 0 3 3 0 0 3 3 0 0 0 0 0 0 0 0 2 2 2 1 0 0 0 0 3 3 0 0 0 0 0 0 2 1 0 0 0 0 3 3 0 0 0 0 0 0 3 3 0 0 3 4 0 0 0 0 0 0 0 0 0 0 0 0 0 0 2 4 0 0 0 0 0 0
REE_MHK_2000_006 0 0 4 4 1 1 3 3 4 4 3 3 4 4 3 1 2 2 2 2 4 4 4 4 3 3 3 3 4 1 3 3 1 1 3 3 3 3 2 2 2 2 4 4 1 1 1 1 2 2 2 2 1 1 3 3 2 2 1 3 2 4 1 2 3 1 3 4 0 0 0 0 1 1 4 4 4 4 1 1 2 1 1 4 1 1 4 4 2 2 2 2 3 3 2 1 3 3 4 4 2 2 4 4 2 2 2 2 2 2 3 3 3 3 3 3 2 2 1 1 0 0 2 1 1 1 2 2 3 2 2 2 1 1 1 1 3 3 4 4 3 4 2 2 4 3 4 3 0 0 4 4 1 1 2 2 2 2 1 1 1 3 4 4
REE_MHK_2000_009 2 1 4 1 1 3 3 3 4 4 3 3 4 4 3 1 2 2 2 2 4 4 4 4 3 3 3 3 4 1 3 3 1 1 3 3 3 3 2 2 2 2 0 0 2 1 3 1 2 2 2 2 1 1 3 3 2 2 1 1 2 4 1 2 3 1 3 4 3 4 3 2 1 1 4 4 4 4 1 1 2 1 1 4 1 1 4 4 2 2 2 2 3 3 2 2 3 3 4 4 2 2 4 4 2 2 2 2 2 2 3 3 3 3 3 3 2 2 1 1 1 1 1 1 0 0 2 1 3 3 2 2 1 1 0 0 3 3 4 4 3 3 2 4 4 4 4 4 3 1 4 4 1 1 2 2 2 2 1 1 1 3 4 4
REE_MHK_2000_011 0 0 0 0 0 0 3 3 4 4 0 0 4 3 3 1 2 2 2 1 3 3 1 1 2 2 3 4 4 1 3 3 0 0 3 3 0 0 2 2 2 2 0 0 1 1 1 1 0 0 2 2 1 1 3 3 2 2 1 1 2 4 1 2 3 1 3 4 3 4 3 2 1 1 4 4 4 4 1 1 0 0 0 0 1 1 4 4 2 2 2 2 3 3 2 2 3 3 4 4 0 0 4 4 2 2 2 2 2 2 3 1 3 3 3 3 2 2 0 0 0 0 0 0 0 0 0 0 3 3 2 2 1 1 1 4 3 3 0 0 3 4 2 2 3 3 3 3 3 1 4 4 1 1 2 2 0 0 0 0 1 3 0 0
REE_MHK_2000_012 0 0 0 0 0 0 3 3 4 4 0 0 0 0 0 0 2 2 0 0 0 0 0 0 0 0 0 0 4 1 0 0 0 0 0 0 3 3 0 0 0 0 0 0 0 0 0 0 0 0 0 0 0 0 0 0 0 0 0 0 0 0 0 0 0 0 0 0 0 0 0 0 1 1 4 4 4 4 0 0 2 1 1 4 0 0 0 0 0 0 0 0 0 0 0 0 3 3 4 4 0 0 0 0 0 0 0 0 0 0 0 0 0 0 3 3 0 0 0 0 0 0 0 0 1 4 2 2 0 0 2 2 0 0 0 0 0 0 0 0 3 4 0 0 0 0 0 0 0 0 0 0 0 0 0 0 0 0 0 0 1 3 4 4
REE_MHK_2000_013 2 1 4 4 1 1 3 3 4 4 3 3 4 4 3 1 2 2 2 2 4 4 4 4 3 3 3 3 1 1 3 3 1 1 3 3 3 3 2 2 2 2 4 4 1 1 1 1 2 2 2 2 1 3 3 3 4 2 1 1 2 4 1 2 3 1 3 4 3 4 3 2 1 1 4 4 4 4 1 1 1 1 4 4 1 1 4 4 2 2 2 2 3 3 2 2 3 3 4 4 2 2 4 4 2 2 2 2 2 2 3 3 3 3 3 3 2 2 1 1 1 1 1 1 1 1 2 2 3 3 2 2 1 1 1 1 3 3 4 4 3 3 2 2 3 3 3 3 3 1 4 4 1 1 2 2 2 2 1 1 1 3 4 4
REE_MHK_2000_014 2 2 4 4 1 1 3 3 4 4 3 3 4 4 3 1 2 2 2 2 4 4 4 4 3 3 3 3 1 1 3 3 1 1 3 3 3 3 2 2 2 2 4 4 1 1 1 1 0 0 2 2 1 3 1 3 4 2 1 1 2 4 1 2 3 1 3 4 3 4 3 2 1 1 4 4 4 4 1 1 2 1 1 4 1 1 4 4 2 2 2 2 3 3 2 2 3 3 4 4 2 2 4 4 2 2 2 2 2 1 3 3 3 3 3 3 2 2 1 1 1 1 1 1 1 1 2 2 3 3 2 2 1 1 1 1 3 3 4 4 3 4 2 2 4 4 4 4 3 1 4 4 1 1 2 2 2 2 1 1 1 3 4 4
REE_MHK_2000_015 2 2 4 4 1 1 3 3 4 4 3 3 4 4 3 1 2 2 2 2 4 4 4 4 3 3 3 3 4 4 3 3 1 1 3 3 3 3 2 2 2 2 0 0 2 1 3 1 2 2 2 2 1 1 3 3 2 2 1 1 2 4 1 2 3 1 3 4 3 4 3 2 1 1 4 4 4 4 1 1 1 1 4 4 3 1 2 4 4 2 2 4 3 3 2 2 3 3 4 4 2 2 4 4 2 2 2 2 2 2 3 3 3 3 3 3 2 2 1 1 0 0 1 1 0 0 2 2 3 3 2 2 4 1 1 1 3 3 4 4 3 4 2 2 3 3 3 3 3 1 4 4 1 1 2 2 2 2 1 1 0 0 4 4
REE_MHK_2000_016 0 0 0 0 0 0 3 1 4 1 0 0 0 0 3 1 0 0 0 0 0 0 0 0 0 0 0 0 0 0 3 3 1 3 0 0 0 0 2 2 0 0 0 0 1 1 1 1 0 0 0 0 1 1 0 0 0 0 0 0 0 0 0 0 0 0 0 0 0 0 0 0 1 4 1 4 4 4 0 0 0 0 0 0 3 1 2 4 4 2 2 2 0 0 0 0 0 0 1 4 0 0 0 0 0 0 0 0 0 0 3 3 0 0 0 0 0 0 0 0 1 3 0 0 0 0 2 1 0 0 2 2 0 0 0 0 3 1 4 2 0 0 2 4 0 0 0 0 0 0 0 0 0 0 0 0 0 0 0 0 1 3 0 0
REE_MHK_2000_017 2 2 0 0 0 0 3 3 4 4 3 3 4 4 3 1 2 2 2 2 3 3 1 1 2 2 3 3 4 1 3 3 1 1 3 3 3 3 2 2 2 2 4 4 1 1 1 1 2 2 2 2 1 1 1 3 2 2 1 1 2 4 1 2 3 1 3 4 3 4 3 2 1 1 4 4 4 4 1 1 2 1 1 4 1 1 4 4 2 2 2 2 3 3 2 1 3 3 4 4 0 0 4 4 2 2 2 1 2 1 3 3 3 3 3 3 2 2 1 1 1 1 1 1 1 1 2 2 3 3 2 2 1 1 1 1 3 3 4 4 3 4 0 0 4 3 4 3 3 1 4 4 1 1 2 2 2 2 1 1 1 3 4 4
REE_MHK_2000_021 2 1 4 4 1 1 3 3 4 4 3 3 4 4 3 1 2 2 2 2 4 4 4 4 3 3 3 3 4 1 3 3 1 1 3 3 3 3 2 2 2 2 2 4 2 1 3 1 2 2 2 2 1 1 1 3 2 2 1 1 2 4 1 2 3 1 3 4 3 4 3 2 1 1 4 4 4 2 0 0 2 1 1 4 1 1 4 4 2 2 2 2 3 4 2 2 3 3 0 0 2 2 4 4 2 2 2 2 2 2 3 3 3 3 3 3 2 1 1 1 0 0 1 1 1 1 2 2 3 3 2 2 1 1 1 1 3 3 4 4 3 3 2 2 3 3 3 3 0 0 4 4 1 1 2 2 2 2 1 1 1 3 4 4
REE_MHK_2000_022 0 0 4 4 1 1 3 3 4 4 3 3 4 4 3 1 2 2 2 2 4 3 4 1 3 2 3 3 4 1 3 1 1 1 3 3 3 3 2 2 2 4 4 4 1 1 0 0 2 2 2 2 1 3 3 3 4 2 1 1 2 4 1 2 3 1 3 4 3 4 3 2 1 1 4 4 4 4 1 1 2 2 1 1 1 1 4 4 2 2 2 2 3 3 2 2 3 3 4 4 2 1 4 4 2 2 0 0 0 0 3 3 3 3 3 3 2 2 1 1 1 1 1 1 1 1 2 2 3 3 2 2 1 1 1 1 3 3 4 4 3 4 2 2 4 3 4 3 3 1 4 4 1 1 2 2 2 2 1 1 1 1 4 4
REE_MHK_2000_023 2 2 4 4 1 1 3 3 4 4 3 3 4 4 3 1 2 2 2 2 4 4 4 4 3 3 3 3 4 1 3 3 1 1 3 3 3 3 2 2 2 2 4 4 1 1 1 1 4 2 2 3 1 1 3 3 2 2 1 1 0 0 0 0 3 3 3 3 3 3 3 3 1 1 4 4 4 4 1 1 1 1 4 4 1 1 4 4 2 2 2 2 3 3 0 0 3 3 4 4 2 2 4 4 2 1 2 2 2 2 3 3 1 3 3 3 2 2 1 1 1 1 1 1 1 1 2 2 3 3 2 2 1 1 1 1 3 3 4 4 0 0 2 2 4 4 4 4 3 1 4 4 1 1 2 2 2 2 1 1 3 3 4 4
REE_MHK_2000_025 2 1 0 0 0 0 3 3 4 4 3 3 4 4 3 1 2 2 2 2 4 4 4 4 3 3 3 3 4 1 3 3 1 1 3 3 3 3 2 2 2 2 4 4 1 1 1 1 0 0 0 0 1 3 3 3 2 2 1 1 2 4 1 2 3 1 3 4 3 4 3 2 1 1 4 4 4 4 0 0 1 1 4 4 1 1 4 4 2 2 2 2 3 3 0 0 3 3 4 4 0 0 0 0 2 2 2 2 2 2 3 3 3 3 3 4 2 2 1 1 1 1 0 0 1 1 2 2 3 3 0 0 1 1 1 1 3 3 0 0 3 4 2 2 4 3 4 3 0 0 4 2 2 1 2 1 2 2 0 0 1 3 4 3
REE_MHK_2000_026 2 2 4 4 1 1 3 3 4 4 3 3 4 4 3 1 2 2 2 2 4 4 4 4 3 3 3 3 4 4 3 3 1 1 3 3 3 3 2 2 2 2 4 4 1 1 1 1 2 2 2 2 1 1 3 3 2 2 1 1 2 4 1 2 3 1 3 4 3 4 3 2 1 1 4 4 4 4 1 1 2 2 1 1 1 1 4 4 2 2 2 2 3 3 0 0 3 3 4 4 2 2 4 4 2 2 2 2 2 2 3 3 3 3 3 3 2 2 1 3 1 1 1 1 1 1 2 2 3 3 2 2 1 1 1 1 3 3 4 4 3 4 2 2 4 3 4 3 3 1 4 4 1 1 2 2 2 2 1 1 1 3 4 4
REE_MHK_2000_027 0 0 0 0 0 0 0 0 0 0 0 0 0 0 3 1 0 0 0 0 0 0 0 0 0 0 3 3 1 1 3 3 0 0 4 3 0 0 2 4 2 2 0 0 0 0 0 0 0 0 2 2 0 0 0 0 2 2 0 0 2 4 1 2 3 1 3 4 3 4 3 2 0 0 0 0 4 4 1 2 0 0 0 0 3 1 2 4 4 2 0 0 0 0 0 0 0 0 0 0 0 0 0 0 0 0 0 0 0 0 3 1 3 3 0 0 0 0 0 0 1 1 0 0 0 0 0 0 0 0 0 0 1 1 1 1 3 3 0 0 3 4 0 0 0 0 0 0 0 0 4 4 1 1 0 0 0 0 0 0 0 0 4 4
REE_MHK_2000_028 0 0 0 0 0 0 3 3 4 4 4 3 0 0 3 1 2 4 2 2 4 4 4 4 3 3 3 3 4 1 3 3 0 0 3 3 3 1 0 0 2 2 4 4 1 1 1 1 2 2 0 0 1 1 3 3 2 2 0 0 2 4 1 2 3 1 3 4 3 4 3 2 1 1 0 0 4 4 1 1 2 1 1 4 1 1 4 4 2 2 0 0 0 0 2 2 3 2 4 4 2 2 4 1 2 2 0 0 2 1 3 3 3 3 3 3 0 0 1 1 1 1 0 0 1 1 0 0 0 0 4 2 1 1 1 4 0 0 4 4 4 4 0 0 0 0 0 0 0 0 4 4 1 1 2 2 0 0 1 4 0 0 0 0
REE_MHK_2000_029 0 0 0 0 0 0 3 3 4 4 0 0 0 0 3 1 2 2 2 2 4 4 4 4 3 3 3 3 0 0 0 0 0 0 3 3 0 0 2 2 0 0 0 0 1 1 1 1 0 0 2 2 0 0 0 0 0 0 0 0 2 4 1 2 3 1 3 4 3 4 3 2 1 1 4 4 0 0 0 0 1 1 4 4 1 1 4 4 2 2 0 0 3 3 0 0 3 3 4 4 2 2 4 4 2 2 2 2 2 2 3 3 3 3 3 3 0 0 0 0 1 1 0 0 1 1 2 2 0 0 0 0 4 1 1 1 0 0 0 0 3 4 0 0 4 3 4 3 0 0 0 0 0 0 0 0 0 0 1 1 1 1 0 0
REE_MHK_2000_031 2 2 4 4 1 1 3 3 4 4 3 3 4 4 3 1 2 2 2 2 4 3 4 1 3 2 3 3 4 4 3 3 1 1 3 3 3 3 2 2 2 2 4 4 1 1 1 1 2 2 2 2 1 1 3 3 2 2 1 1 2 4 1 2 3 1 3 4 3 4 3 2 1 1 4 4 4 4 1 1 2 1 1 4 1 1 4 4 2 2 2 2 3 3 2 2 3 3 4 4 2 2 4 4 2 2 2 2 2 2 3 3 3 3 3 3 2 2 1 1 1 1 1 1 1 1 2 2 3 3 2 2 1 1 1 1 3 3 4 4 4 4 2 2 4 3 4 3 3 1 4 4 1 1 2 2 2 2 0 0 1 1 4 4


0 0
0 0




0 0
0 0
0
0
0
0
0
0
