colony_input
colony_input
18
152
786649
1
2
1
0
0 0
0
1
0
0
1
2
0
10000
0
2
2
MK@
0@
0.01 0.01 0.01 0.01 0.01 0.01 0.01 0.01 0.01 0.01 0.01 0.01 0.01 0.01 0.01 0.01 0.01 0.01 0.01 0.01 0.01 0.01 0.01 0.01 0.01 0.01 0.01 0.01 0.01 0.01 0.01 0.01 0.01 0.01 0.01 0.01 0.01 0.01 0.01 0.01 0.01 0.01 0.01 0.01 0.01 0.01 0.01 0.01 0.01 0.01 0.01 0.01 0.01 0.01 0.01 0.01 0.01 0.01 0.01 0.01 0.01 0.01 0.01 0.01 0.01 0.01 0.01 0.01 0.01 0.01 0.01 0.01 0.01 0.01 0.01 0.01 0.01 0.01 0.01 0.01 0.01 0.01 0.01 0.01 0.01 0.01 0.01 0.01 0.01 0.01 0.01 0.01 0.01 0.01 0.01 0.01 0.01 0.01 0.01 0.01 0.01 0.01 0.01 0.01 0.01 0.01 0.01 0.01 0.01 0.01 0.01 0.01 0.01 0.01 0.01 0.01 0.01 0.01 0.01 0.01 0.01 0.01 0.01 0.01 0.01 0.01 0.01 0.01 0.01 0.01 0.01 0.01 0.01 0.01 0.01 0.01 0.01 0.01 0.01 0.01 0.01 0.01 0.01 0.01 0.01 0.01 0.01 0.01 0.01 0.01 0.01 0.01
0.01 0.01 0.01 0.01 0.01 0.01 0.01 0.01 0.01 0.01 0.01 0.01 0.01 0.01 0.01 0.01 0.01 0.01 0.01 0.01 0.01 0.01 0.01 0.01 0.01 0.01 0.01 0.01 0.01 0.01 0.01 0.01 0.01 0.01 0.01 0.01 0.01 0.01 0.01 0.01 0.01 0.01 0.01 0.01 0.01 0.01 0.01 0.01 0.01 0.01 0.01 0.01 0.01 0.01 0.01 0.01 0.01 0.01 0.01 0.01 0.01 0.01 0.01 0.01 0.01 0.01 0.01 0.01 0.01 0.01 0.01 0.01 0.01 0.01 0.01 0.01 0.01 0.01 0.01 0.01 0.01 0.01 0.01 0.01 0.01 0.01 0.01 0.01 0.01 0.01 0.01 0.01 0.01 0.01 0.01 0.01 0.01 0.01 0.01 0.01 0.01 0.01 0.01 0.01 0.01 0.01 0.01 0.01 0.01 0.01 0.01 0.01 0.01 0.01 0.01 0.01 0.01 0.01 0.01 0.01 0.01 0.01 0.01 0.01 0.01 0.01 0.01 0.01 0.01 0.01 0.01 0.01 0.01 0.01 0.01 0.01 0.01 0.01 0.01 0.01 0.01 0.01 0.01 0.01 0.01 0.01 0.01 0.01 0.01 0.01 0.01 0.01
QUI_WAC_1997_006 4 4 3 3 2 2 1 1 2 2 1 1 4 4 4 4 1 1 4 4 2 2 1 1 3 1 3 3 1 1 2 2 2 2 2 2 4 4 4 4 4 4 1 1 2 2 3 3 1 1 4 4 3 3 3 3 1 1 4 4 4 4 2 2 4 2 4 4 1 1 1 1 2 3 2 2 1 1 2 2 3 3 1 2 2 2 4 2 3 3 3 4 1 3 1 1 4 4 4 4 4 4 2 2 2 2 4 4 1 1 1 3 2 4 1 2 3 1 3 4 3 4 3 2 4 4 1 1 4 4 4 4 2 2 4 4 3 3 2 2 4 4 1 1 1 1 2 4 1 1 4 4 2 2 2 2 3 3 4 4 1 1 2 2 1 1 2 2 4 4 3 3 1 1 4 4 1 1 1 1 3 3 1 1 2 2 1 1 2 2 1 1 2 2 1 1 3 3 4 4 1 1 1 1 2 2 3 1 4 4 4 4 3 3 4 4 2 2 2 2 2 2 2 2 3 3 1 1 3 3 3 3 4 4 1 1 1 1 3 3 1 1 1 1 2 2 1 1 2 2 1 4 2 2 1 1 4 4 1 1 3 3 1 1 4 4 3 1 3 1 4 4 3 3 4 4 2 2 2 2 4 4 3 1 1 1 2 2 2 2 3 3 1 1 4 4 2 2 4 4 4 4 4 4
QUI_WAC_1997_007 4 3 0 0 0 0 1 1 2 2 1 1 4 4 4 4 1 1 4 4 2 2 1 1 3 1 3 3 1 1 2 2 2 2 2 2 4 4 4 4 4 4 0 0 4 2 3 3 1 1 4 4 3 3 3 3 1 1 4 4 4 4 2 2 4 2 0 0 1 1 1 1 0 0 2 2 1 1 4 2 1 3 2 2 2 2 2 2 3 3 3 4 3 3 1 1 4 4 4 4 4 4 2 2 0 0 0 0 1 1 0 0 2 4 1 2 3 1 3 4 3 4 3 2 0 0 0 0 2 4 4 4 2 2 4 4 3 3 2 2 4 4 1 1 1 1 2 4 3 1 4 4 0 0 2 2 3 3 4 4 1 1 0 0 0 0 2 2 4 4 3 3 1 1 4 4 0 0 0 0 3 3 1 1 2 2 1 1 2 2 1 1 0 0 1 1 3 3 4 4 1 1 1 1 2 2 3 1 4 4 4 4 3 3 4 4 2 2 2 2 2 2 2 2 3 3 1 1 3 3 3 3 4 4 0 0 0 0 3 3 1 1 1 1 2 2 1 1 2 2 1 4 2 4 1 1 4 2 1 1 3 3 1 1 4 4 3 3 1 1 4 4 3 3 4 4 0 0 2 4 4 4 3 1 1 1 2 2 2 2 3 3 1 1 4 1 2 4 4 4 4 4 4 4
QUI_WAC_1997_008 3 3 3 3 2 1 1 1 2 2 1 1 4 4 4 4 1 1 4 4 2 2 0 0 3 1 3 3 1 1 2 2 2 2 2 2 4 4 4 4 4 4 1 4 2 2 3 3 1 1 4 4 3 3 3 1 1 1 4 4 0 0 2 2 4 2 2 2 2 2 3 3 2 3 2 2 1 1 2 2 3 3 2 2 2 2 2 2 3 3 3 3 0 0 1 1 4 4 4 4 0 0 0 0 2 2 4 4 1 1 1 1 2 4 1 2 3 1 3 4 3 4 3 2 4 4 1 1 2 4 4 4 2 2 0 0 3 3 2 2 4 4 1 1 1 1 2 4 1 1 4 4 2 2 2 2 3 3 4 4 1 1 2 1 1 1 2 2 4 4 3 3 1 1 4 4 0 0 0 0 3 3 1 1 3 2 0 0 2 2 1 1 2 2 1 1 3 3 4 4 1 1 1 1 2 2 3 1 4 4 4 4 3 3 4 4 2 2 0 0 0 0 2 2 3 3 3 3 3 3 3 3 4 4 1 1 3 1 3 3 1 1 1 1 2 2 1 1 2 2 4 4 2 2 0 0 0 0 1 1 3 3 1 4 0 0 3 3 1 1 4 4 3 3 4 4 2 2 2 2 4 4 3 1 1 1 2 2 2 2 3 3 0 0 0 0 0 0 4 2 2 4 3 4
QUI_WAC_1997_011 4 3 3 3 2 2 1 1 2 2 1 1 4 4 4 4 1 1 4 4 2 2 1 1 3 1 3 3 1 1 2 2 2 2 2 2 4 4 4 4 4 4 1 4 4 2 3 3 1 1 4 4 3 3 3 3 1 4 4 3 4 4 2 2 4 2 2 2 2 2 3 3 3 3 0 0 1 1 2 2 3 3 1 2 2 2 4 2 3 3 3 3 0 0 1 1 4 4 4 4 4 4 2 1 2 2 4 4 1 1 1 1 2 4 1 2 3 1 3 4 3 4 3 2 4 4 1 1 4 4 4 4 2 2 2 4 3 4 2 2 4 4 1 1 1 1 2 4 1 1 4 4 2 2 2 3 3 3 4 4 1 1 2 2 1 1 2 2 4 4 3 3 1 1 4 4 1 1 1 1 3 3 1 1 2 2 1 1 2 2 1 1 2 2 1 1 3 3 4 4 1 1 1 1 0 0 0 0 0 0 4 4 3 3 4 4 2 2 2 1 2 1 2 2 3 3 1 3 3 3 3 3 4 4 1 1 3 1 3 3 1 1 1 1 2 2 1 1 2 2 4 4 2 2 1 3 4 2 1 1 3 3 1 1 4 1 3 3 1 1 4 4 3 3 4 4 2 2 2 4 4 4 3 1 1 1 2 2 2 2 3 3 0 0 1 1 4 4 4 2 2 4 3 4
QUI_WAC_1997_012 0 0 3 3 0 0 1 1 2 2 1 1 4 1 0 0 0 0 0 0 0 0 1 4 3 1 3 3 1 1 2 2 2 2 2 2 0 0 4 4 4 4 1 4 2 2 0 0 0 0 4 4 3 2 3 3 0 0 0 0 4 4 2 2 4 2 2 4 2 1 3 1 2 3 0 0 0 0 2 2 3 3 1 2 0 0 4 2 3 3 3 3 0 0 1 1 4 1 4 4 0 0 0 0 2 2 4 4 1 1 1 1 2 4 1 2 3 1 3 4 3 4 3 2 0 0 0 0 2 4 4 4 2 2 2 4 0 0 0 0 4 4 1 1 1 1 4 4 1 1 4 4 2 2 2 2 3 3 4 4 1 1 2 1 0 0 0 0 4 4 3 3 1 1 4 4 1 1 1 1 3 3 1 4 2 2 0 0 2 2 0 0 2 2 1 3 3 1 4 2 0 0 1 2 2 2 3 3 4 4 4 4 3 3 4 4 2 2 2 2 2 2 2 2 3 4 1 3 3 3 3 3 4 4 1 1 3 3 1 3 0 0 0 0 2 2 1 1 0 0 0 0 2 2 0 0 2 2 1 3 3 3 1 1 4 4 3 3 3 1 4 4 3 4 4 2 2 4 2 2 0 0 3 1 0 0 0 0 0 0 3 3 1 1 1 1 4 4 4 2 2 4 3 4
QUI_WAC_1997_013 0 0 0 0 0 0 0 0 0 0 0 0 0 0 0 0 0 0 0 0 0 0 0 0 0 0 0 0 0 0 0 0 0 0 0 0 0 0 0 0 0 0 0 0 0 0 0 0 0 0 0 0 0 0 0 0 0 0 0 0 0 0 0 0 0 0 0 0 0 0 0 0 0 0 0 0 1 1 0 0 0 0 0 0 0 0 0 0 0 0 0 0 0 0 0 0 4 4 4 4 0 0 0 0 0 0 0 0 0 0 0 0 0 0 0 0 0 0 0 0 0 0 0 0 0 0 0 0 2 4 0 0 0 0 0 0 0 0 0 0 0 0 0 0 0 0 0 0 0 0 0 0 0 0 0 0 0 0 0 0 0 0 0 0 0 0 0 0 0 0 0 0 0 0 0 0 0 0 0 0 0 0 0 0 0 0 0 0 0 0 0 0 0 0 0 0 3 3 0 0 0 0 0 0 0 0 0 0 0 0 0 0 0 0 0 0 0 0 0 0 0 0 0 0 0 0 0 0 0 0 0 0 0 0 0 0 3 1 0 0 0 0 0 0 0 0 0 0 0 0 0 0 2 2 0 0 0 0 0 0 0 0 0 0 0 0 0 0 1 1 0 0 3 3 4 4 2 2 0 0 0 0 0 0 0 0 0 0 0 0 0 0 0 0 0 0 0 0 4 4 0 0 0 0
QUI_WAC_1997_014 4 3 3 3 2 2 1 1 2 2 1 1 0 0 4 4 1 1 0 0 0 0 0 0 3 1 0 0 0 0 0 0 0 0 0 0 0 0 4 1 4 4 1 4 2 2 0 0 0 0 4 4 3 3 3 3 1 1 4 4 4 4 2 2 4 4 2 2 2 2 3 3 2 3 2 2 1 1 0 0 3 3 2 2 2 2 4 2 3 3 4 4 3 3 1 1 4 4 4 4 0 0 2 2 2 2 4 4 1 3 0 0 2 2 1 1 3 3 0 0 0 0 0 0 1 4 1 4 2 4 0 0 0 0 2 2 3 3 2 2 0 0 0 0 0 0 0 0 1 1 4 4 2 2 2 2 3 3 4 4 1 1 0 0 0 0 0 0 4 4 3 3 1 1 4 4 1 1 1 1 3 3 0 0 2 2 1 1 2 2 0 0 2 2 0 0 3 3 4 4 1 1 1 1 2 2 1 1 0 0 0 0 3 3 4 4 2 2 2 2 2 2 2 2 3 3 1 3 3 1 3 3 4 4 1 3 3 1 0 0 1 1 1 1 0 0 0 0 0 0 4 4 2 2 1 1 4 2 0 0 3 3 1 1 0 0 3 3 3 1 4 4 3 3 4 4 2 2 2 2 4 4 3 1 1 1 0 0 0 0 3 3 0 0 0 0 0 0 0 0 2 4 3 4
QUI_WAC_1997_015 3 3 3 3 0 0 1 1 2 2 1 1 4 1 0 0 0 0 4 4 2 4 0 0 3 1 3 3 1 1 2 2 2 2 2 2 0 0 4 4 0 0 1 4 2 2 3 1 1 3 4 3 3 3 3 3 0 0 0 0 0 0 2 4 0 0 0 0 0 0 0 0 2 3 2 2 1 1 0 0 0 0 1 2 2 2 4 2 3 3 3 3 0 0 1 1 4 4 4 4 4 4 0 0 2 2 4 4 0 0 1 1 0 0 0 0 0 0 3 4 0 0 0 0 4 4 0 0 4 4 0 0 2 2 4 4 3 3 2 2 4 4 1 1 1 1 2 4 0 0 0 0 0 0 2 3 3 3 0 0 1 1 2 1 1 1 2 2 4 4 3 3 1 1 4 4 1 1 1 1 3 3 1 4 2 2 0 0 0 0 1 1 2 2 0 0 3 3 4 4 1 1 1 1 2 1 3 1 4 4 4 4 3 3 4 4 2 2 2 2 2 2 2 2 3 3 0 0 3 3 3 3 4 4 0 0 3 1 3 3 1 1 1 1 2 4 1 4 0 0 0 0 2 2 1 1 0 0 0 0 3 3 1 1 0 0 3 3 1 1 4 4 3 3 4 4 2 2 0 0 4 4 0 0 1 1 2 1 0 0 3 3 1 4 4 1 2 4 4 4 2 4 3 4
QUI_WAC_1997_016 0 0 3 1 2 1 1 1 2 2 1 1 4 4 4 1 1 3 4 4 2 2 1 1 3 1 3 3 1 1 2 2 2 2 2 2 0 0 4 4 0 0 1 1 2 2 3 3 1 1 4 4 3 3 3 3 0 0 0 0 0 0 0 0 0 0 0 0 1 1 1 1 2 3 2 2 1 1 0 0 0 0 2 2 2 2 0 0 0 0 3 3 0 0 1 1 4 4 4 4 0 0 2 2 0 0 0 0 1 1 1 3 2 4 1 2 3 1 3 4 3 4 3 2 4 4 1 1 2 4 4 2 2 2 4 4 3 3 2 2 4 4 1 1 1 1 2 2 0 0 0 0 0 0 2 2 3 1 4 2 1 4 2 2 1 1 2 2 4 4 3 3 1 1 4 4 1 1 1 1 3 3 1 1 3 2 1 3 2 1 1 1 2 2 1 1 3 3 4 4 1 1 1 1 0 0 0 0 4 1 0 0 3 3 4 4 2 2 2 2 2 2 2 2 3 3 0 0 3 3 3 3 4 4 1 1 0 0 3 3 1 1 1 1 2 2 1 1 2 2 1 1 2 2 1 1 4 4 0 0 3 3 1 1 4 4 3 3 3 1 4 4 3 4 4 2 2 4 0 0 4 4 3 1 1 1 2 2 0 0 3 3 0 0 4 1 2 4 0 0 4 4 4 4
QUI_WAC_1997_017 4 3 3 3 2 2 1 1 2 2 1 1 4 4 4 4 1 1 4 4 2 2 0 0 3 1 3 3 1 1 2 2 2 2 2 2 4 4 4 4 4 4 1 1 2 2 3 3 1 1 4 4 3 3 3 3 1 1 4 4 4 4 2 2 4 4 2 2 2 2 3 3 2 2 0 0 0 0 2 2 3 3 2 2 2 2 4 4 3 3 3 3 1 3 1 1 4 4 4 4 4 4 2 2 2 4 4 2 1 1 1 1 2 4 1 2 3 1 3 4 3 4 3 2 4 4 1 1 2 2 4 4 2 2 2 2 3 3 2 2 4 4 1 1 1 1 2 2 3 3 2 2 4 4 2 2 3 3 4 4 1 1 2 2 2 1 2 2 4 4 3 3 1 1 4 4 1 3 1 4 3 3 0 0 2 2 1 1 2 2 1 1 2 2 1 3 3 3 4 2 1 3 1 2 2 2 3 1 4 4 4 2 3 2 4 2 2 4 2 2 2 2 2 2 3 3 3 3 3 3 3 3 4 4 0 0 1 1 3 3 1 1 1 1 2 2 1 1 2 2 4 4 2 2 1 1 4 4 1 1 3 3 1 1 4 4 3 3 3 1 4 4 3 4 4 2 2 4 0 0 4 4 3 1 1 1 0 0 2 2 3 3 1 1 4 1 2 4 4 4 0 0 0 0
QUI_WAC_1997_018 4 3 3 3 0 0 0 0 2 1 1 1 4 4 4 4 1 1 4 4 2 2 1 1 3 1 3 3 1 1 2 2 2 2 2 2 4 4 4 4 4 4 1 1 2 2 3 3 1 1 4 4 3 3 3 3 1 1 4 4 4 4 2 2 4 2 2 4 2 1 3 1 2 3 2 2 1 1 2 2 3 3 1 2 2 2 4 2 3 3 3 3 1 1 1 1 4 4 4 4 4 4 2 2 2 2 4 4 1 1 1 1 2 4 1 2 3 1 3 4 3 4 3 2 0 0 1 1 2 4 4 4 2 2 4 4 3 3 2 1 4 4 1 1 1 1 4 4 1 1 4 4 2 2 2 2 3 3 4 4 0 0 1 1 2 1 2 2 4 4 3 3 1 1 4 4 1 1 1 1 3 3 1 1 2 2 1 1 2 2 1 1 2 2 1 1 3 3 4 4 1 1 1 1 2 2 3 1 4 4 4 4 3 3 4 4 2 2 2 2 2 2 2 2 3 3 3 3 3 3 3 3 4 4 0 0 3 3 3 3 1 1 1 1 2 2 1 1 2 2 4 4 2 2 1 1 2 2 1 1 3 3 1 1 4 4 3 3 3 1 4 4 3 3 4 4 2 2 2 2 4 4 3 1 1 1 2 2 2 2 3 3 1 1 1 1 4 4 4 2 2 4 3 4
QUI_WAC_1997_019 4 3 3 3 2 1 1 2 2 2 1 1 4 4 4 4 1 1 4 4 2 2 1 1 3 1 3 3 1 1 2 2 2 2 2 2 4 4 0 0 4 1 4 4 4 2 3 3 1 1 4 4 3 3 3 3 1 1 4 4 4 4 2 2 4 4 0 0 0 0 3 3 3 3 0 0 0 0 2 2 3 3 1 2 2 2 2 2 3 1 3 3 0 0 1 1 4 4 4 2 4 4 2 2 2 2 4 4 1 1 0 0 2 4 1 2 3 1 3 4 3 4 3 2 0 0 0 0 4 4 4 4 2 1 2 4 3 3 2 2 4 4 1 1 1 1 2 4 0 0 0 0 0 0 0 0 3 3 4 4 1 1 2 2 2 1 2 3 4 3 3 4 1 3 4 3 0 0 0 0 3 2 0 0 2 2 1 1 2 2 0 0 2 2 1 1 3 3 4 4 1 1 1 1 2 2 3 3 4 4 4 4 3 3 4 4 2 2 2 2 2 2 2 2 3 3 1 3 3 3 3 3 4 4 1 3 1 1 3 3 0 0 0 0 2 2 1 1 2 2 1 4 2 2 1 1 4 4 1 1 3 3 1 1 4 4 3 3 3 1 4 4 3 4 4 2 2 4 2 2 4 4 0 0 1 1 0 0 2 2 3 4 1 1 1 1 4 4 4 4 2 4 3 4
QUI_WAC_1997_020 4 3 0 0 0 0 0 0 0 0 1 1 0 0 0 0 0 0 4 3 0 0 0 0 3 1 3 3 1 1 2 2 2 2 2 2 0 0 4 4 4 4 1 1 2 2 3 3 0 0 4 4 3 3 3 3 1 1 4 4 4 4 2 2 0 0 2 2 2 2 3 3 2 3 2 4 1 2 0 0 0 0 0 0 2 1 4 2 3 3 3 3 1 1 0 0 4 4 0 0 0 0 0 0 2 2 4 4 0 0 0 0 0 0 0 0 0 0 0 0 0 0 0 0 4 4 1 1 2 4 4 4 0 0 4 4 0 0 0 0 4 1 1 3 1 3 2 4 3 1 2 4 4 2 0 0 0 0 0 0 0 0 2 1 2 1 0 0 0 0 0 0 0 0 0 0 0 0 0 0 3 3 0 0 2 2 0 0 2 1 1 1 2 2 0 0 0 0 0 0 0 0 0 0 2 2 3 1 4 4 0 0 0 0 0 0 0 0 2 2 0 0 2 2 0 0 0 0 0 0 3 3 0 0 0 0 3 1 0 0 0 0 0 0 2 2 1 1 2 1 0 0 2 2 1 1 0 0 1 1 3 3 1 1 4 4 0 0 0 0 4 2 3 3 4 4 0 0 2 4 4 4 0 0 0 0 0 0 2 2 3 3 0 0 4 1 2 4 4 4 2 4 3 4
QUI_WAC_1997_021 4 3 3 3 2 1 1 1 2 2 1 1 4 4 4 4 1 1 4 4 2 2 1 1 3 1 3 3 1 1 2 2 2 2 2 2 4 4 4 4 4 4 1 1 4 2 3 3 1 1 4 4 3 3 3 3 1 1 4 4 4 4 2 2 4 4 2 2 2 2 0 0 2 2 2 2 1 1 2 2 3 3 2 2 2 2 4 2 3 3 3 3 1 1 1 1 4 4 4 4 4 4 2 2 2 2 4 4 1 1 1 3 2 4 1 2 3 1 3 4 3 4 3 2 4 4 1 1 0 0 4 4 2 2 2 4 3 3 2 2 4 4 1 1 1 1 2 2 3 1 2 4 4 2 2 2 3 3 4 4 1 1 2 2 1 1 2 2 4 4 3 3 1 1 4 4 1 1 1 1 3 3 1 1 2 2 1 1 2 2 1 1 2 2 1 1 3 3 4 4 1 1 1 1 2 2 1 1 4 4 4 4 3 3 4 4 2 2 2 2 2 2 2 2 3 3 1 1 3 3 3 1 0 0 1 1 1 1 3 3 1 1 1 1 2 2 1 1 2 2 1 4 2 2 1 1 4 4 1 1 3 3 1 1 4 4 3 3 3 3 4 4 3 3 4 4 2 2 0 0 4 3 3 1 1 1 2 2 2 2 3 3 1 1 0 0 0 0 4 4 2 4 3 4
QUI_WAC_1997_022 0 0 3 3 2 2 1 1 0 0 1 3 0 0 0 0 0 0 4 4 0 0 0 0 3 1 0 0 0 0 0 0 0 0 0 0 0 0 4 4 0 0 0 0 4 4 3 3 0 0 0 0 0 0 0 0 0 0 0 0 0 0 0 0 0 0 0 0 0 0 0 0 2 3 2 2 1 1 2 2 3 3 0 0 2 2 0 0 0 0 3 3 3 3 1 3 4 4 4 4 0 0 2 2 2 2 4 4 0 0 0 0 0 0 0 0 3 3 0 0 3 3 3 3 0 0 0 0 2 4 0 0 0 0 2 4 0 0 0 0 0 0 0 0 1 1 2 4 0 0 0 0 0 0 2 2 3 3 4 4 1 1 0 0 0 0 2 2 4 4 3 3 1 1 4 4 0 0 0 0 0 0 0 0 2 2 0 0 0 0 0 0 0 0 0 0 0 0 0 0 0 0 0 0 0 0 0 0 0 0 0 0 3 3 4 4 2 2 2 2 2 2 2 1 0 0 0 0 0 0 3 3 4 4 0 0 3 1 3 3 0 0 0 0 0 0 0 0 0 0 0 0 2 2 0 0 4 2 1 1 3 1 1 1 0 0 3 3 0 0 0 0 3 3 4 4 0 0 0 0 0 0 3 1 1 2 0 0 2 2 3 3 0 0 0 0 0 0 4 4 2 2 0 0
QUI_WAC_1997_023 4 4 3 3 0 0 1 1 2 2 1 1 4 4 0 0 0 0 4 4 2 2 0 0 3 1 3 4 1 3 2 4 2 4 2 4 4 4 4 4 4 4 1 1 4 2 3 3 1 1 4 4 3 3 3 3 1 1 4 4 4 2 2 4 4 2 4 4 1 1 1 1 2 3 2 2 1 1 2 2 3 3 1 2 2 2 2 2 3 3 3 3 3 3 1 1 4 4 4 4 4 4 2 2 2 2 4 4 1 1 1 3 2 4 1 2 3 1 3 4 3 4 0 0 4 4 1 1 2 4 4 4 2 2 4 4 3 3 2 2 4 4 1 1 1 1 2 4 3 1 2 4 4 2 2 3 3 3 4 4 1 1 2 2 2 1 2 2 4 4 3 3 1 1 4 4 1 1 1 1 3 3 0 0 2 2 1 1 2 2 1 1 2 2 1 1 3 3 4 4 1 1 1 1 2 2 3 3 4 4 4 4 3 3 4 4 2 2 2 2 2 2 2 2 3 3 1 3 3 3 3 3 4 4 1 1 3 3 3 3 1 1 1 1 2 2 1 1 2 2 0 0 2 2 1 1 4 2 1 1 3 3 1 1 4 4 3 3 1 1 4 4 3 4 4 2 2 4 2 2 4 4 3 1 1 1 2 2 2 2 3 3 1 1 1 1 4 4 4 4 4 4 4 4
QUI_WAC_1997_024 0 0 3 3 2 2 1 1 2 2 1 1 4 1 4 4 1 1 0 0 2 2 0 0 3 1 3 3 1 1 2 2 2 2 2 2 4 2 4 4 4 4 1 1 2 2 3 3 1 1 4 4 3 3 0 0 1 1 4 4 4 4 2 2 0 0 0 0 0 0 0 0 0 0 2 2 1 1 2 2 3 3 2 2 2 2 4 2 3 3 3 3 0 0 1 1 4 4 4 4 4 3 2 2 2 2 4 4 1 1 0 0 2 4 1 2 3 1 3 4 3 4 3 2 4 4 1 1 2 4 4 4 2 2 4 4 3 3 2 2 0 0 0 0 0 0 2 4 1 1 4 4 2 2 2 3 3 3 4 4 1 1 2 1 2 1 0 0 4 4 3 3 1 1 4 4 1 1 1 1 3 3 1 1 2 2 1 1 2 2 1 4 2 3 1 1 3 3 4 4 1 1 1 1 2 2 3 1 4 4 4 4 3 3 4 4 2 2 2 2 2 2 2 2 3 3 0 0 3 3 3 3 4 4 1 1 1 1 1 3 1 2 1 2 2 2 1 1 2 2 1 4 2 2 1 1 0 0 1 1 3 3 1 1 4 4 0 0 0 0 4 4 3 4 4 2 2 4 0 0 4 4 3 1 1 1 0 0 2 4 3 3 0 0 4 1 2 4 0 0 2 4 3 4
QUI_WAC_1997_025 4 3 3 3 2 2 1 1 2 2 1 1 4 4 4 4 1 1 4 4 2 2 1 1 3 1 3 3 1 1 2 2 2 2 2 2 4 2 4 4 4 4 1 1 2 2 3 3 1 1 4 4 3 3 3 3 1 1 0 0 0 0 2 2 4 2 2 2 2 2 3 3 2 3 2 2 1 1 4 2 1 3 2 2 2 2 2 2 3 3 3 3 1 1 1 1 4 4 4 4 4 4 2 2 2 2 4 4 1 1 1 1 2 4 1 2 3 1 3 4 3 4 3 2 4 4 1 1 2 4 4 4 2 2 4 4 3 3 2 2 4 4 1 1 1 1 4 4 1 1 4 4 2 2 2 2 3 3 4 4 1 1 2 1 1 1 2 2 4 4 3 3 1 1 4 4 1 1 1 1 3 3 1 1 0 0 1 1 2 2 1 1 2 2 1 1 3 3 4 4 1 1 1 1 2 2 3 3 0 0 4 4 3 3 4 4 2 2 2 2 0 0 2 2 3 3 1 3 3 3 3 3 4 1 1 1 3 3 3 3 1 1 1 1 2 2 1 1 0 0 4 4 2 4 1 1 4 2 0 0 3 1 1 1 4 4 3 3 3 1 4 4 3 3 4 4 0 0 2 2 4 4 3 1 1 1 2 1 2 2 3 3 1 1 4 1 2 4 4 2 2 4 3 4


0 0
0 0




0 0
0 0
0
0
0
0
0
0
