colony_input
colony_input
3
50
920646
1
2
1
0
0 0
0
1
0
0
1
2
0
10000
0
2
2
MK@
0@
0.01 0.01 0.01 0.01 0.01 0.01 0.01 0.01 0.01 0.01 0.01 0.01 0.01 0.01 0.01 0.01 0.01 0.01 0.01 0.01 0.01 0.01 0.01 0.01 0.01 0.01 0.01 0.01 0.01 0.01 0.01 0.01 0.01 0.01 0.01 0.01 0.01 0.01 0.01 0.01 0.01 0.01 0.01 0.01 0.01 0.01 0.01 0.01 0.01 0.01
0.01 0.01 0.01 0.01 0.01 0.01 0.01 0.01 0.01 0.01 0.01 0.01 0.01 0.01 0.01 0.01 0.01 0.01 0.01 0.01 0.01 0.01 0.01 0.01 0.01 0.01 0.01 0.01 0.01 0.01 0.01 0.01 0.01 0.01 0.01 0.01 0.01 0.01 0.01 0.01 0.01 0.01 0.01 0.01 0.01 0.01 0.01 0.01 0.01 0.01
REE_TNY_2012_001 3 1 2 2 4 4 4 4 3 3 3 3 4 4 0 0 4 1 0 0 1 4 4 3 2 4 2 4 2 1 3 1 2 2 3 3 4 4 0 0 2 2 1 1 3 3 2 4 1 2 3 1 3 4 3 4 3 2 0 0 0 0 1 1 3 2 2 2 1 1 2 1 4 2 2 2 2 1 1 3 2 1 1 4 0 0 0 0 3 4 0 0 2 2 1 1 3 1 2 4
REE_TNY_2012_002 3 1 2 4 4 4 4 4 0 0 3 1 4 1 1 3 4 4 3 4 0 0 0 0 2 2 2 4 2 1 3 1 4 2 3 4 3 4 0 0 2 3 1 3 1 3 2 2 1 1 3 3 3 3 3 3 3 3 1 4 2 4 1 1 3 3 2 3 0 0 2 1 4 4 2 1 2 1 1 1 1 1 1 1 4 4 3 1 3 4 3 1 2 1 1 2 3 1 4 4
REE_TNY_2012_003 3 1 2 4 4 3 4 1 3 2 3 3 4 4 1 1 4 4 3 4 1 1 4 4 2 2 2 4 2 1 3 1 2 2 3 3 4 4 1 3 2 2 1 1 3 3 2 4 1 2 3 1 3 4 3 4 3 2 0 0 2 2 1 3 3 3 0 0 2 1 2 2 4 4 2 2 2 2 1 1 2 2 1 1 4 2 3 3 3 4 3 1 1 1 1 1 3 3 2 2


0 0
0 0




0 0
0 0
0
0
0
0
0
0
