   1:   0.4720  0.1763  0.3516  1
   2:   0.4733  0.1794  0.3472  1
   3:   0.4724  0.1775  0.3502  1
   4:   0.4730  0.1793  0.3477  1
   5:   0.4731  0.1788  0.3480  1
   6:   0.4712  0.1764  0.3524  1
   7:   0.4713  0.1755  0.3532  1
   8:   0.4727  0.1791  0.3482  1
   9:   0.4720  0.1774  0.3506  1
  10:   0.4726  0.1785  0.3489  1
  11:   0.4723  0.1768  0.3509  1
  12:   0.4730  0.1781  0.3489  1
  13:   0.4726  0.1776  0.3498  1
  14:   0.4710  0.1756  0.3535  1
  15:   0.4721  0.1763  0.3516  1
  16:   0.4725  0.1772  0.3503  1
  17:   0.4725  0.1769  0.3506  1
  18:   0.4735  0.1803  0.3463  1
  19:   0.4736  0.1800  0.3464  1
  20:   0.4750  0.1826  0.3424  1
  21:   0.4729  0.1786  0.3485  1
  22:   0.4718  0.1764  0.3518  1
  23:   0.4724  0.1775  0.3502  1
  24:   0.4722  0.1769  0.3509  1
  25:   0.4726  0.1772  0.3502  1
  26:   0.4718  0.1759  0.3523  1
  27:   0.4729  0.1770  0.3501  1
  28:   0.4728  0.1776  0.3495  1
  29:   0.4722  0.1767  0.3511  1
  30:   0.4727  0.1761  0.3512  1
  31:   0.4745  0.1789  0.3466  1
  32:   0.4733  0.1781  0.3486  1
  33:   0.4743  0.1781  0.3476  1
  34:   0.4746  0.1800  0.3454  1
  35:   0.4717  0.1743  0.3541  1
  36:   0.4770  0.1832  0.3398  1
  37:   0.4734  0.1770  0.3496  1
  38:   0.4738  0.1788  0.3474  1
  39:   0.4735  0.1787  0.3478  1
  40:   0.4775  0.1824  0.3401  1
  41:   0.4730  0.1761  0.3509  1
  42:   0.4751  0.1806  0.3443  1
  43:   0.4749  0.1789  0.3462  1
  44:   0.4749  0.1779  0.3472  1
  45:   0.4744  0.1790  0.3466  1
  46:   0.4766  0.1827  0.3406  1
  47:   0.4748  0.1787  0.3465  1
  48:   0.4757  0.1800  0.3442  1
  49:   0.4727  0.1746  0.3527  1
  50:   0.4774  0.1829  0.3396  1
  51:   0.4733  0.1749  0.3518  1
  52:   0.1213  0.8787  0.0000  1
  53:   0.1339  0.8661  0.0000  1
  54:   0.1521  0.8476  0.0003  1
  55:   0.1170  0.8830  0.0000  1
  56:   0.1200  0.8800  0.0000  1
  57:   0.1197  0.8803  0.0000  1
  58:   0.1198  0.8802  0.0000  1
  59:   0.1128  0.8872  0.0000  1
  60:   0.1235  0.8765  0.0000  1
  61:   0.1227  0.8737  0.0036  1
  62:   0.1285  0.8715  0.0000  1
  63:   0.1271  0.8729  0.0000  1
  64:   0.1300  0.8663  0.0037  1
  65:   0.1327  0.8673  0.0000  1
  66:   0.1208  0.8792  0.0000  1
  67:   0.1190  0.8810  0.0000  1
  68:   0.1527  0.8473  0.0000  1
  69:   0.1484  0.8515  0.0001  1
  70:   0.1330  0.8670  0.0000  1
  71:   0.1249  0.8751  0.0000  1
  72:   0.1260  0.8740  0.0000  1
  73:   0.1220  0.8780  0.0000  1
  74:   0.1340  0.8660  0.0000  1
  75:   0.1409  0.8591  0.0000  1
  76:   0.1506  0.8494  0.0000  1
  77:   0.1261  0.8739  0.0000  1
  78:   0.1435  0.8565  0.0000  1
  79:   0.1366  0.8598  0.0037  1
  80:   0.1206  0.8791  0.0003  1
  81:   0.1358  0.8642  0.0000  1
  82:   0.1154  0.8846  0.0000  1
  83:   0.1303  0.8681  0.0016  1
  84:   0.1691  0.8309  0.0000  1
  85:   0.1409  0.8591  0.0000  1
  86:   0.1465  0.8535  0.0000  1
  87:   0.1319  0.8681  0.0000  1
  88:   0.1510  0.8490  0.0000  1
  89:   0.1491  0.8509  0.0000  1
  90:   0.1583  0.8417  0.0000  1
  91:   0.1274  0.8714  0.0012  1
  92:   0.1349  0.8651  0.0000  1
  93:   0.1398  0.8599  0.0003  1
  94:   0.1232  0.8768  0.0000  1
  95:   0.1468  0.8532  0.0000  1
  96:   0.1408  0.8592  0.0000  1
  97:   0.1458  0.8542  0.0000  1
  98:   0.1440  0.8560  0.0000  1
  99:   0.1505  0.8490  0.0005  1
 100:   0.1371  0.8629  0.0000  1
 101:   0.1525  0.8475  0.0000  1
 102:   0.1339  0.8661  0.0000  1
 103:   0.1517  0.8483  0.0000  1
 104:   0.1487  0.8513  0.0000  1
 105:   0.1374  0.8626  0.0000  1
 106:   0.1399  0.8601  0.0000  1
 107:   0.1338  0.8662  0.0000  1
 108:   0.1408  0.8592  0.0000  1
 109:   0.1479  0.8520  0.0001  1
 110:   0.1369  0.8631  0.0000  1
 111:   0.1331  0.8669  0.0000  1
 112:   0.1486  0.8514  0.0000  1
 113:   0.1580  0.8416  0.0004  1
 114:   0.1507  0.8492  0.0002  1
 115:   0.1533  0.8462  0.0004  1
 116:   0.1351  0.8649  0.0000  1
 117:   0.1622  0.8378  0.0001  1
 118:   0.1310  0.8648  0.0042  1
 119:   0.1424  0.8542  0.0034  1
 120:   0.1409  0.8564  0.0027  1
 121:   0.1453  0.8538  0.0009  1
 122:   0.1561  0.8424  0.0015  1
 123:   0.1443  0.8538  0.0019  1
 124:   0.0026  0.9974  0.0000  1
 125:   0.0000  1.0000  0.0000  1
 126:   0.0015  0.9985  0.0000  1
 127:   0.0000  1.0000  0.0000  1
 128:   0.0000  1.0000  0.0000  1
 129:   0.0000  1.0000  0.0000  1
 130:   0.0000  1.0000  0.0000  1
 131:   0.0021  0.9979  0.0000  1
 132:   0.0000  1.0000  0.0000  1
 133:   0.0002  0.9998  0.0000  1
 134:   0.0000  1.0000  0.0000  1
 135:   0.0015  0.9985  0.0000  1
 136:   0.0000  1.0000  0.0000  1
 137:   0.0000  1.0000  0.0000  1
 138:   0.0002  0.9998  0.0000  1
 139:   0.0093  0.9907  0.0000  1
 140:   0.0015  0.9985  0.0000  1
 141:   0.0000  1.0000  0.0000  1
 142:   0.0048  0.9936  0.0016  1
 143:   0.0191  0.9800  0.0010  1
 144:   0.0000  1.0000  0.0000  1
 145:   0.0224  0.9734  0.0042  1
 146:   0.0219  0.9769  0.0012  1
 147:   0.0200  0.9776  0.0024  1
 148:   0.0035  0.9959  0.0006  1
 149:   0.0223  0.9757  0.0020  1
 150:   0.0132  0.9855  0.0014  1
 151:   0.0125  0.9869  0.0006  1
 152:   0.0113  0.9879  0.0008  1
 153:   0.0226  0.9774  0.0000  1
 154:   0.0137  0.9854  0.0009  1
 155:   0.0149  0.9824  0.0027  1
 156:   0.0216  0.9739  0.0045  1
 157:   0.0095  0.9905  0.0000  1
 158:   0.0233  0.9767  0.0000  1
 159:   0.0282  0.9718  0.0000  1
 160:   0.0149  0.9849  0.0002  1
 161:   0.0280  0.9665  0.0055  1
 162:   0.0524  0.9455  0.0021  1
 163:   0.0633  0.9278  0.0089  1
 164:   0.0237  0.9747  0.0015  1
 165:   0.0442  0.9471  0.0087  1
 166:   0.0644  0.9352  0.0004  1
 167:   0.0069  0.9931  0.0000  1
 168:   0.0064  0.9901  0.0035  1
 169:   0.0190  0.9765  0.0046  1
 170:   0.0063  0.9935  0.0002  1
 171:   0.0105  0.9876  0.0018  1
 172:   0.0120  0.9876  0.0004  1
 173:   0.0131  0.9869  0.0000  1
 174:   0.0052  0.9948  0.0000  1
 175:   0.0789  0.9204  0.0007  1
 176:   0.0707  0.9292  0.0001  1
 177:   0.1326  0.6533  0.2141  1
 178:   0.0910  0.9063  0.0027  1
 179:   0.0836  0.9140  0.0024  1
 180:   0.1355  0.6337  0.2307  1
 181:   0.1316  0.6861  0.1823  1
 182:   0.1219  0.6941  0.1840  1
 183:   0.1149  0.7089  0.1761  1
 184:   0.1229  0.7055  0.1717  1
 185:   0.0775  0.9225  0.0000  1
 186:   0.1258  0.6645  0.2098  1
 187:   0.0791  0.9159  0.0050  1
 188:   0.1388  0.6366  0.2246  1
 189:   0.0861  0.9137  0.0002  1
 190:   0.0843  0.9157  0.0000  1
 191:   0.1366  0.6417  0.2217  1
 192:   0.0722  0.9276  0.0002  1
 193:   0.0836  0.9149  0.0014  1
 194:   0.0455  0.9520  0.0025  1
 195:   0.0301  0.9333  0.0366  1
 196:   0.0231  0.9759  0.0010  1
 197:   0.0026  0.9965  0.0009  1
 198:   0.0255  0.9536  0.0209  1
 199:   0.0000  1.0000  0.0000  1
 200:   0.0000  1.0000  0.0000  1
 201:   0.0459  0.8495  0.1046  1
 202:   0.0000  0.9997  0.0002  1
 203:   0.0002  0.9997  0.0001  1
 204:   0.0000  1.0000  0.0000  1
 205:   0.0000  1.0000  0.0000  1
 206:   0.0004  0.9996  0.0000  1
 207:   0.0000  1.0000  0.0000  1
 208:   0.0000  1.0000  0.0000  1
 209:   0.0032  0.9968  0.0000  1
 210:   0.0014  0.9986  0.0000  1
 211:   0.0000  1.0000  0.0000  1
 212:   0.0020  0.9931  0.0049  1
 213:   0.0117  0.9883  0.0000  1
 214:   0.0021  0.9979  0.0000  1
 215:   0.0021  0.9979  0.0000  1
 216:   0.0000  1.0000  0.0000  1
 217:   0.0000  1.0000  0.0000  1
 218:   0.0034  0.9965  0.0001  1
 219:   0.0154  0.9810  0.0036  1
 220:   0.0039  0.9961  0.0000  1
 221:   0.0031  0.9969  0.0000  1
 222:   0.0000  1.0000  0.0000  1
 223:   0.0014  0.9986  0.0000  1
 224:   0.0076  0.9924  0.0000  1
 225:   0.0027  0.9973  0.0000  1
 226:   0.0288  0.9705  0.0007  1
 227:   0.0066  0.9932  0.0003  1
 228:   0.0000  1.0000  0.0000  1
 229:   0.0164  0.9833  0.0003  1
 230:   0.0007  0.9993  0.0000  1
 231:   0.0018  0.9944  0.0038  1
 232:   0.0007  0.9979  0.0014  1
 233:   0.0090  0.9850  0.0060  1
 234:   0.0019  0.9932  0.0049  1
 235:   0.0009  0.9978  0.0013  1
 236:   0.0067  0.9933  0.0000  1
 237:   0.0019  0.9981  0.0000  1
 238:   0.0082  0.9918  0.0000  1
 239:   0.0057  0.9932  0.0011  1
 240:   0.0000  1.0000  0.0000  1
 241:   0.0032  0.9953  0.0015  1
 242:   0.0521  0.9474  0.0005  1
 243:   0.0232  0.9768  0.0000  1
 244:   0.0005  0.9987  0.0007  1
 245:   0.0000  1.0000  0.0000  1
 246:   0.0047  0.9948  0.0006  1
 247:   0.0018  0.9953  0.0029  1
 248:   0.0070  0.9930  0.0000  1
 249:   0.0053  0.9947  0.0000  1
 250:   0.0155  0.9845  0.0000  1
 251:   0.0006  0.9987  0.0007  1
 252:   0.0000  1.0000  0.0000  1
 253:   0.0000  1.0000  0.0000  1
 254:   0.0025  0.9916  0.0058  1
 255:   0.0000  1.0000  0.0000  1
 256:   0.0048  0.9949  0.0003  1
 257:   0.0000  1.0000  0.0000  1
 258:   0.0008  0.9991  0.0000  1
 259:   0.0015  0.9979  0.0006  1
 260:   0.0132  0.9829  0.0040  1
 261:   0.0004  0.9986  0.0010  1
 262:   0.0000  1.0000  0.0000  1
 263:   0.0025  0.9971  0.0004  1
 264:   0.0053  0.9944  0.0004  1
 265:   0.0066  0.9934  0.0000  1
 266:   0.0007  0.9992  0.0001  1
 267:   0.0027  0.9908  0.0066  1
 268:   0.0012  0.9960  0.0029  1
 269:   0.0039  0.9948  0.0013  1
 270:   0.0347  0.9552  0.0101  1
 271:   0.0047  0.9932  0.0022  1
 272:   0.0102  0.9880  0.0019  1
 273:   0.0000  1.0000  0.0000  1
 274:   0.0000  1.0000  0.0000  1
 275:   0.0004  0.9996  0.0000  1
 276:   0.0016  0.9982  0.0002  1
 277:   0.0034  0.9966  0.0000  1
 278:   0.0004  0.9987  0.0009  1
 279:   0.0019  0.9948  0.0034  1
 280:   0.0001  0.9994  0.0005  1
 281:   0.0024  0.9934  0.0043  1
 282:   0.0031  0.9946  0.0023  1
 283:   0.0022  0.9930  0.0048  1
 284:   0.0058  0.9882  0.0060  1
 285:   0.0074  0.9829  0.0097  1
 286:   0.0003  0.9996  0.0002  1
 287:   0.0000  1.0000  0.0000  1
 288:   0.0003  0.9997  0.0000  1
 289:   0.0030  0.9959  0.0011  1
 290:   0.0044  0.9956  0.0000  1
 291:   0.0128  0.9872  0.0000  1
 292:   0.0034  0.9966  0.0000  1
 293:   0.0000  1.0000  0.0000  1
 294:   0.0005  0.9995  0.0000  1
 295:   0.0000  1.0000  0.0000  1
 296:   0.0013  0.9986  0.0000  1
 297:   0.0140  0.9860  0.0000  1
 298:   0.0107  0.9893  0.0000  1
 299:   0.0029  0.9971  0.0000  1
 300:   0.0064  0.9933  0.0003  1
 301:   0.0000  1.0000  0.0000  1
 302:   0.0081  0.9871  0.0048  1
 303:   0.0102  0.9840  0.0058  1
 304:   0.0004  0.9987  0.0010  1
 305:   0.0006  0.9979  0.0015  1
 306:   0.0000  1.0000  0.0000  1
 307:   0.0059  0.9941  0.0000  1
 308:   0.0000  1.0000  0.0000  1
 309:   0.0025  0.9975  0.0000  1
 310:   0.0000  1.0000  0.0000  1
 311:   0.0061  0.9939  0.0000  1
 312:   0.0025  0.9975  0.0000  1
 313:   0.0307  0.9681  0.0012  1
 314:   0.0000  1.0000  0.0000  1
 315:   0.0000  1.0000  0.0000  1
 316:   0.0060  0.9940  0.0000  1
 317:   0.0010  0.9990  0.0000  1
 318:   0.0000  1.0000  0.0000  1
 319:   0.0000  1.0000  0.0000  1
 320:   0.0000  1.0000  0.0000  1
 321:   0.0015  0.9985  0.0000  1
 322:   0.0000  1.0000  0.0000  1
 323:   0.0009  0.9991  0.0000  1
 324:   0.0000  1.0000  0.0000  1
 325:   0.0008  0.9976  0.0016  1
 326:   0.0007  0.9982  0.0011  1
 327:   0.0009  0.9983  0.0008  1
 328:   0.0002  0.9998  0.0000  1
 329:   0.0000  1.0000  0.0000  1
 330:   0.0000  1.0000  0.0000  1
 331:   0.0007  0.9993  0.0000  1
 332:   0.0000  1.0000  0.0000  1
 333:   0.0008  0.9992  0.0000  1
 334:   0.0000  1.0000  0.0000  1
 335:   0.0000  1.0000  0.0000  1
 336:   0.0000  1.0000  0.0000  1
 337:   0.0015  0.9985  0.0000  1
 338:   0.0005  0.9995  0.0000  1
 339:   0.0000  1.0000  0.0000  1
 340:   0.0026  0.9974  0.0000  1
 341:   0.0000  1.0000  0.0000  1
 342:   0.0000  1.0000  0.0000  1
 343:   0.0000  1.0000  0.0000  1
 344:   0.0000  1.0000  0.0000  1
 345:   0.0000  1.0000  0.0000  1
 346:   0.0007  0.9993  0.0000  1
 347:   0.0000  1.0000  0.0000  1
 348:   0.0019  0.9981  0.0000  1
 349:   0.0028  0.9972  0.0000  1
 350:   0.0034  0.9936  0.0030  1
 351:   0.0074  0.9877  0.0049  1
 352:   0.0002  0.9998  0.0000  1
 353:   0.0067  0.9913  0.0020  1
 354:   0.0029  0.9936  0.0035  1
 355:   0.0017  0.9944  0.0039  1
 356:   0.0004  0.9986  0.0010  1
 357:   0.0002  0.9996  0.0002  1
 358:   0.0009  0.9968  0.0023  1
 359:   0.0022  0.9959  0.0019  1
 360:   0.0010  0.9990  0.0000  1
 361:   0.0079  0.9872  0.0049  1
 362:   0.0025  0.9950  0.0025  1
 363:   0.1931  0.8057  0.0012  1
 364:   0.1920  0.8066  0.0014  1
 365:   0.1196  0.8767  0.0037  1
 366:   0.0027  0.9973  0.0000  1
 367:   0.0007  0.9993  0.0000  1
 368:   0.0000  1.0000  0.0000  1
 369:   0.0000  1.0000  0.0000  1
 370:   0.0025  0.9907  0.0067  1
 371:   0.0002  0.9996  0.0002  1
 372:   0.0045  0.9949  0.0006  1
 373:   0.0000  1.0000  0.0000  1
 374:   0.0000  1.0000  0.0000  1
 375:   0.0000  1.0000  0.0000  1
 376:   0.0000  1.0000  0.0000  1
 377:   0.0026  0.9950  0.0024  1
 378:   0.0007  0.9990  0.0004  1
 379:   0.0023  0.9956  0.0021  1
 380:   0.0000  1.0000  0.0000  1
 381:   0.0000  1.0000  0.0000  1
 382:   0.0082  0.9892  0.0026  1
 383:   0.0000  1.0000  0.0000  1
 384:   0.0000  1.0000  0.0000  1
 385:   0.0002  0.9998  0.0000  1
 386:   0.0007  0.9993  0.0000  1
 387:   0.0000  1.0000  0.0000  1
 388:   0.0013  0.9970  0.0017  1
 389:   0.0020  0.9980  0.0000  1
 390:   0.0000  1.0000  0.0000  1
 391:   0.0023  0.9977  0.0000  1
 392:   0.0021  0.9963  0.0016  1
 393:   0.0000  1.0000  0.0000  1
 394:   0.0008  0.9992  0.0000  1
 395:   0.0032  0.9968  0.0000  1
 396:   0.0000  1.0000  0.0000  1
 397:   0.0005  0.9995  0.0000  1
 398:   0.0000  1.0000  0.0000  1
 399:   0.0045  0.9955  0.0000  1
 400:   0.0000  1.0000  0.0000  1
 401:   0.0148  0.9852  0.0000  1
 402:   0.0040  0.9960  0.0000  1
 403:   0.0002  0.9998  0.0000  1
 404:   0.0010  0.9990  0.0000  1
 405:   0.0057  0.9943  0.0000  1
 406:   0.0055  0.9945  0.0000  1
 407:   0.0011  0.9989  0.0000  1
 408:   0.0000  1.0000  0.0000  1
 409:   0.0029  0.9971  0.0000  1
 410:   0.0110  0.9890  0.0000  1
 411:   0.0000  1.0000  0.0000  1
 412:   0.0008  0.9992  0.0000  1
 413:   0.0012  0.9957  0.0031  1
 414:   0.0000  1.0000  0.0000  1
 415:   0.0000  1.0000  0.0000  1
 416:   0.0000  1.0000  0.0000  1
 417:   0.0018  0.9972  0.0010  1
 418:   0.0004  0.9989  0.0007  1
 419:   0.0000  1.0000  0.0000  1
 420:   0.0000  1.0000  0.0000  1
 421:   0.0000  1.0000  0.0000  1
 422:   0.0000  1.0000  0.0000  1
 423:   0.0002  0.9997  0.0001  1
 424:   0.0000  1.0000  0.0000  1
 425:   0.0000  1.0000  0.0000  1
 426:   0.0000  1.0000  0.0000  1
 427:   0.0003  0.9990  0.0007  1
 428:   0.0000  1.0000  0.0000  1
 429:   0.0010  0.9965  0.0025  1
 430:   0.0023  0.9961  0.0016  1
 431:   0.0006  0.9977  0.0016  1
 432:   0.0085  0.9915  0.0000  1
 433:   0.0000  1.0000  0.0000  1
 434:   0.0088  0.9912  0.0000  1
 435:   0.0000  1.0000  0.0000  1
 436:   0.0000  1.0000  0.0000  1
 437:   0.0000  1.0000  0.0000  1
 438:   0.0006  0.9978  0.0016  1
 439:   0.0067  0.9933  0.0000  1
 440:   0.0037  0.9955  0.0008  1
 441:   0.0019  0.9968  0.0013  1
 442:   0.0155  0.9841  0.0004  1
 443:   0.0032  0.9929  0.0040  1
 444:   0.0111  0.9854  0.0036  1
 445:   0.0030  0.9970  0.0000  1
 446:   0.0049  0.9951  0.0000  1
 447:   0.0081  0.9913  0.0007  1
 448:   0.0177  0.9767  0.0056  1
 449:   0.0283  0.9672  0.0046  1
 450:   0.1924  0.3813  0.4263  1
 451:   0.1676  0.4556  0.3768  1
 452:   0.1860  0.3845  0.4295  1
 453:   0.1877  0.4091  0.4032  1
 454:   0.1214  0.6086  0.2700  1
 455:   0.1845  0.4423  0.3732  1
 456:   0.1914  0.4155  0.3931  1
 457:   0.1543  0.5104  0.3354  1
 458:   0.2130  0.3349  0.4521  1
 459:   0.0170  0.9604  0.0226  1
 460:   0.0054  0.9946  0.0000  1
 461:   0.0048  0.9952  0.0000  1
 462:   0.0011  0.9981  0.0007  1
 463:   0.0004  0.9987  0.0009  1
 464:   0.0032  0.9968  0.0000  1
 465:   0.1599  0.8396  0.0005  1
 466:   0.0244  0.9723  0.0033  1
 467:   0.0138  0.9850  0.0012  1
 468:   0.0047  0.9934  0.0019  1
 469:   0.0345  0.9632  0.0023  1
 470:   0.0103  0.9886  0.0010  1
 471:   0.0000  1.0000  0.0000  1
 472:   0.0000  1.0000  0.0000  1
 473:   0.0000  1.0000  0.0000  1
 474:   0.0205  0.9339  0.0457  1
 475:   0.0162  0.9498  0.0340  1
 476:   0.0195  0.9517  0.0288  1
 477:   0.0050  0.9938  0.0012  1
 478:   0.0000  1.0000  0.0000  1
 479:   0.0169  0.9628  0.0203  1
 480:   0.0029  0.9900  0.0071  1
 481:   0.0054  0.9908  0.0038  1
 482:   0.0042  0.9934  0.0024  1
 483:   0.0018  0.9952  0.0030  1
 484:   0.0112  0.9741  0.0147  1
 485:   0.0068  0.9922  0.0010  1
 486:   0.0003  0.9997  0.0000  1
 487:   0.0077  0.9776  0.0146  1
 488:   0.0000  1.0000  0.0000  1
 489:   0.0000  1.0000  0.0000  1
 490:   0.0346  0.9601  0.0053  1
 491:   0.0016  0.9947  0.0038  1
 492:   0.0101  0.9825  0.0074  1
 493:   0.0209  0.9744  0.0047  1
 494:   0.0014  0.9954  0.0031  1
 495:   0.0031  0.9952  0.0017  1
 496:   0.0030  0.9942  0.0028  1
 497:   0.0034  0.9924  0.0041  1
 498:   0.0002  0.9998  0.0000  1
 499:   0.0000  1.0000  0.0000  1
 500:   0.0043  0.9957  0.0000  1
 501:   0.0227  0.9773  0.0000  1
 502:   0.0007  0.9988  0.0005  1
 503:   0.0087  0.9913  0.0000  1
 504:   0.0058  0.9942  0.0000  1
 505:   0.0026  0.9974  0.0000  1
 506:   0.0143  0.9857  0.0000  1
 507:   0.0048  0.9952  0.0000  1
 508:   0.0141  0.9859  0.0000  1
 509:   0.0057  0.9943  0.0000  1
 510:   0.0001  0.9999  0.0000  1
 511:   0.0113  0.9887  0.0000  1
 512:   0.0175  0.9812  0.0012  1
 513:   0.0278  0.9707  0.0014  1
 514:   0.0564  0.9412  0.0024  1
 515:   0.0845  0.9123  0.0032  1
 516:   0.0509  0.9479  0.0012  1
 517:   0.0101  0.9899  0.0000  1
 518:   0.0060  0.9940  0.0000  1
 519:   0.0175  0.9825  0.0000  1
 520:   0.0932  0.9035  0.0034  1
 521:   0.0222  0.9778  0.0000  1
 522:   0.0847  0.9091  0.0062  1
 523:   0.0174  0.9821  0.0005  1
 524:   0.0086  0.9912  0.0002  1
 525:   0.0011  0.9984  0.0005  1
 526:   0.0002  0.9998  0.0000  1
 527:   0.0209  0.9781  0.0010  1
 528:   0.0031  0.9969  0.0000  1
 529:   0.0151  0.9824  0.0025  1
 530:   0.0013  0.9987  0.0000  1
 531:   0.0005  0.9995  0.0000  1
 532:   0.0100  0.9900  0.0000  1
 533:   0.0026  0.9974  0.0000  1
 534:   0.0018  0.9982  0.0000  1
 535:   0.0064  0.9847  0.0088  1
 536:   0.0011  0.9966  0.0023  1
 537:   0.0005  0.9995  0.0000  1
 538:   0.0000  1.0000  0.0000  1
 539:   0.0000  1.0000  0.0000  1
 540:   0.0023  0.9977  0.0000  1
 541:   0.0000  1.0000  0.0000  1
 542:   0.0000  1.0000  0.0000  1
 543:   0.0002  0.9998  0.0000  1
 544:   0.0000  1.0000  0.0000  1
 545:   0.0000  1.0000  0.0000  1
 546:   0.0000  1.0000  0.0000  1
 547:   0.0003  0.9986  0.0011  1
 548:   0.0000  1.0000  0.0000  1
 549:   0.0000  1.0000  0.0000  1
 550:   0.1650  0.8305  0.0045  1
 551:   0.0642  0.9356  0.0003  1
 552:   0.0840  0.9150  0.0010  1
 553:   0.1233  0.7937  0.0829  1
 554:   0.0871  0.9105  0.0025  1
 555:   0.1327  0.8673  0.0000  1
 556:   0.1276  0.8724  0.0000  1
 557:   0.1311  0.8689  0.0000  1
 558:   0.1352  0.8645  0.0004  1
 559:   0.1198  0.8802  0.0000  1
 560:   0.1375  0.8625  0.0000  1
 561:   0.1249  0.8751  0.0000  1
 562:   0.1142  0.8856  0.0002  1
 563:   0.1315  0.8685  0.0000  1
 564:   0.1323  0.8677  0.0000  1
 565:   0.1294  0.8705  0.0001  1
 566:   0.1439  0.8561  0.0000  1
 567:   0.1378  0.8622  0.0000  1
 568:   0.1287  0.8710  0.0003  1
 569:   0.1575  0.8425  0.0000  1
 570:   0.1288  0.8712  0.0000  1
 571:   0.1284  0.8711  0.0005  1
 572:   0.1344  0.8656  0.0000  1
 573:   0.1442  0.8550  0.0007  1
 574:   0.1207  0.8793  0.0000  1
 575:   0.0148  0.9852  0.0000  1
 576:   0.0110  0.9890  0.0000  1
 577:   0.0000  1.0000  0.0000  1
 578:   0.0155  0.9845  0.0000  1
 579:   0.0057  0.9943  0.0000  1
 580:   0.0000  1.0000  0.0000  1
 581:   0.0084  0.9916  0.0000  1
 582:   0.0093  0.9907  0.0000  1
 583:   0.0081  0.9907  0.0012  1
 584:   0.0095  0.9905  0.0000  1
 585:   0.0047  0.9953  0.0000  1
 586:   0.0053  0.9947  0.0000  1
 587:   0.0000  1.0000  0.0000  1
 588:   0.0083  0.9917  0.0000  1
 589:   0.0166  0.9834  0.0000  1
 590:   0.0022  0.9978  0.0000  1
 591:   0.0145  0.9855  0.0000  1
 592:   0.0085  0.9915  0.0000  1
 593:   0.0105  0.9895  0.0000  1
 594:   0.0036  0.9964  0.0000  1
 595:   0.0014  0.9986  0.0000  1
 596:   0.0113  0.9887  0.0000  1
 597:   0.0180  0.9820  0.0000  1
 598:   0.0103  0.9897  0.0000  1
 599:   0.0194  0.9806  0.0000  1
 600:   0.0055  0.9945  0.0000  1
 601:   0.0020  0.9980  0.0000  1
 602:   0.0075  0.9925  0.0000  1
 603:   0.0082  0.9918  0.0000  1
 604:   0.0000  1.0000  0.0000  1
 605:   0.0023  0.9936  0.0041  1
 606:   0.0021  0.9976  0.0002  1
 607:   0.0004  0.9994  0.0002  1
 608:   0.0395  0.9416  0.0190  1
 609:   0.0515  0.9226  0.0259  1
 610:   0.0394  0.9373  0.0233  1
 611:   0.0531  0.9220  0.0249  1
 612:   0.0330  0.9420  0.0250  1
 613:   0.0432  0.9340  0.0228  1
 614:   0.0401  0.9311  0.0288  1
 615:   0.0602  0.9113  0.0285  1
 616:   0.0476  0.9337  0.0187  1
 617:   0.0501  0.9161  0.0338  1
 618:   0.0441  0.9314  0.0245  1
 619:   0.0314  0.9293  0.0394  1
 620:   0.0416  0.9119  0.0465  1
 621:   0.0320  0.9415  0.0265  1
 622:   0.0816  0.8665  0.0519  1
 623:   0.0328  0.9312  0.0360  1
 624:   0.0253  0.9437  0.0310  1
 625:   0.0413  0.9065  0.0522  1
 626:   0.0280  0.9380  0.0340  1
 627:   0.0337  0.9253  0.0410  1
 628:   0.0212  0.9558  0.0230  1
 629:   0.0258  0.9467  0.0275  1
 630:   0.0501  0.9076  0.0423  1
 631:   0.0416  0.9162  0.0422  1
 632:   0.0211  0.9605  0.0183  1
 633:   0.0408  0.9413  0.0179  1
 634:   0.0005  0.9995  0.0000  1
 635:   0.0005  0.9995  0.0000  1
 636:   0.0000  1.0000  0.0000  1
 637:   0.0051  0.9941  0.0008  1
 638:   0.0025  0.9950  0.0026  1
 639:   0.0089  0.9911  0.0000  1
 640:   0.0028  0.9972  0.0000  1
 641:   0.0055  0.9911  0.0034  1
 642:   0.0000  1.0000  0.0000  1
 643:   0.0024  0.9944  0.0032  1
 644:   0.0255  0.9734  0.0012  1
 645:   0.0027  0.9903  0.0070  1
 646:   0.0097  0.9903  0.0000  1
 647:   0.0041  0.9939  0.0020  1
 648:   0.0132  0.9866  0.0002  1
 649:   0.0043  0.9932  0.0025  1
 650:   0.0009  0.9979  0.0011  1
 651:   0.0123  0.9722  0.0156  1
 652:   0.0000  1.0000  0.0000  1
 653:   0.0000  1.0000  0.0000  1
 654:   0.0053  0.9947  0.0000  1
 655:   0.0078  0.9922  0.0000  1
 656:   0.0122  0.9878  0.0000  1
 657:   0.0098  0.9902  0.0000  1
 658:   0.0195  0.9805  0.0000  1
 659:   0.0001  0.9999  0.0000  1
 660:   0.0010  0.9990  0.0000  1
 661:   0.0073  0.9893  0.0034  1
 662:   0.0069  0.9894  0.0037  1
 663:   0.0042  0.9890  0.0068  1
 664:   0.0000  1.0000  0.0000  1
 665:   0.0005  0.9988  0.0007  1
 666:   0.0098  0.9867  0.0035  1
 667:   0.0043  0.9930  0.0027  1
 668:   0.0008  0.9987  0.0005  1
 669:   0.0017  0.9948  0.0035  1
 670:   0.0048  0.9946  0.0006  1
 671:   0.0054  0.9919  0.0027  1
 672:   0.0051  0.9949  0.0000  1
 673:   0.0066  0.9934  0.0000  1
 674:   0.0008  0.9985  0.0007  1
 675:   0.0008  0.9974  0.0018  1
 676:   0.0031  0.9908  0.0061  1
 677:   0.0000  1.0000  0.0000  1
 678:   0.0142  0.9858  0.0000  1
 679:   0.0069  0.9931  0.0000  1
 680:   0.0131  0.9869  0.0000  1
 681:   0.0023  0.9977  0.0000  1
 682:   0.0025  0.9975  0.0000  1
 683:   0.0110  0.9890  0.0000  1
 684:   0.0004  0.9996  0.0000  1
 685:   0.0000  1.0000  0.0000  1
 686:   0.0049  0.9951  0.0000  1
 687:   0.3034  0.0181  0.6785  1
 688:   0.2994  0.0240  0.6765  1
 689:   0.3026  0.0270  0.6704  1
 690:   0.2963  0.0416  0.6621  1
 691:   0.2996  0.0258  0.6746  1
 692:   0.2981  0.0255  0.6763  1
 693:   0.2603  0.1505  0.5892  1
 694:   0.2911  0.0557  0.6532  1
 695:   0.2978  0.0251  0.6771  1
 696:   0.2963  0.0384  0.6653  1
 697:   0.2996  0.0408  0.6596  1
 698:   0.2987  0.0379  0.6634  1
 699:   0.2998  0.0180  0.6822  1
 700:   0.2972  0.0243  0.6785  1
 701:   0.2935  0.0379  0.6686  1
 702:   0.2936  0.0436  0.6628  1
 703:   0.3032  0.0193  0.6774  1
 704:   0.3006  0.0172  0.6822  1
 705:   0.3009  0.0244  0.6747  1
 706:   0.2920  0.0361  0.6719  1
 707:   0.0132  0.9868  0.0000  1
 708:   0.0000  1.0000  0.0000  1
 709:   0.0000  1.0000  0.0000  1
 710:   0.0000  1.0000  0.0000  1
 711:   0.0000  1.0000  0.0000  1
 712:   0.0000  1.0000  0.0000  1
 713:   0.0000  1.0000  0.0000  1
 714:   0.0039  0.9961  0.0000  1
 715:   0.0000  1.0000  0.0000  1
 716:   0.0022  0.9978  0.0000  1
 717:   0.0000  1.0000  0.0000  1
 718:   0.0000  1.0000  0.0000  1
 719:   0.0023  0.9977  0.0000  1
 720:   0.0000  1.0000  0.0000  1
 721:   0.0000  1.0000  0.0000  1
 722:   0.0106  0.9894  0.0000  1
 723:   0.0000  1.0000  0.0000  1
 724:   0.0031  0.9969  0.0000  1
 725:   0.0000  1.0000  0.0000  1
 726:   0.0012  0.9988  0.0000  1
 727:   0.0000  1.0000  0.0000  1
 728:   0.0009  0.9991  0.0000  1
 729:   0.0045  0.9955  0.0000  1
 730:   0.0145  0.9855  0.0000  1
 731:   0.0068  0.9932  0.0000  1
 732:   0.0043  0.9957  0.0000  1
 733:   0.0132  0.9868  0.0000  1
 734:   0.0264  0.9736  0.0000  1
 735:   0.0000  1.0000  0.0000  1
 736:   0.0000  1.0000  0.0000  1
 737:   0.0054  0.9946  0.0000  1
 738:   0.0086  0.9914  0.0000  1
 739:   0.0029  0.9971  0.0000  1
 740:   0.0028  0.9972  0.0000  1
 741:   0.0005  0.9995  0.0000  1
 742:   0.0015  0.9985  0.0000  1
 743:   0.0134  0.9855  0.0011  1
 744:   0.0000  1.0000  0.0000  1
 745:   0.0192  0.9786  0.0022  1
 746:   0.0072  0.9928  0.0000  1
 747:   0.0098  0.9902  0.0000  1
 748:   0.0000  1.0000  0.0000  1
 749:   0.0118  0.9882  0.0000  1
 750:   0.0061  0.9939  0.0000  1
 751:   0.0002  0.9998  0.0000  1
 752:   0.0011  0.9989  0.0000  1
 753:   0.0144  0.9856  0.0000  1
 754:   0.0038  0.9943  0.0020  1
 755:   0.0077  0.9923  0.0000  1
 756:   0.0063  0.9937  0.0000  1
 757:   0.0028  0.9972  0.0000  1
 758:   0.0133  0.9867  0.0000  1
 759:   0.0000  1.0000  0.0000  1
 760:   0.0044  0.9956  0.0000  1
 761:   0.0000  1.0000  0.0000  1
 762:   0.0098  0.9902  0.0000  1
 763:   0.0222  0.9778  0.0000  1
 764:   0.0078  0.9922  0.0000  1
 765:   0.0126  0.9874  0.0000  1
 766:   0.0007  0.9993  0.0000  1
 767:   0.0074  0.9926  0.0000  1
 768:   0.0029  0.9971  0.0000  1
 769:   0.0147  0.9853  0.0000  1
 770:   0.0124  0.9876  0.0000  1
 771:   0.0094  0.9906  0.0000  1
 772:   0.0099  0.9901  0.0000  1
 773:   0.0000  1.0000  0.0000  1
 774:   0.0008  0.9992  0.0000  1
 775:   0.0031  0.9969  0.0000  1
 776:   0.0048  0.9952  0.0000  1
 777:   0.0033  0.9967  0.0000  1
 778:   0.0299  0.9689  0.0012  1
 779:   0.0137  0.9863  0.0000  1
 780:   0.0024  0.9976  0.0000  1
 781:   0.0000  1.0000  0.0000  1
 782:   0.0000  1.0000  0.0000  1
 783:   0.0016  0.9972  0.0012  1
 784:   0.0007  0.9993  0.0000  1
 785:   0.0196  0.9801  0.0003  1
 786:   0.0011  0.9971  0.0019  1
 787:   0.0000  1.0000  0.0000  1
 788:   0.0080  0.9912  0.0007  1
 789:   0.0000  1.0000  0.0000  1
 790:   0.0178  0.9822  0.0001  1
 791:   0.0034  0.9964  0.0002  1
 792:   0.0040  0.9959  0.0002  1
 793:   0.0021  0.9979  0.0000  1
 794:   0.0000  1.0000  0.0000  1
 795:   0.0079  0.9915  0.0006  1
 796:   0.0013  0.9954  0.0033  1
 797:   0.0010  0.9976  0.0014  1
 798:   0.0000  1.0000  0.0000  1
 799:   0.0000  1.0000  0.0000  1
 800:   0.0000  1.0000  0.0000  1
 801:   0.0006  0.9994  0.0000  1
 802:   0.0000  1.0000  0.0000  1
 803:   0.0000  1.0000  0.0000  1
 804:   0.0000  1.0000  0.0000  1
 805:   0.0087  0.9913  0.0000  1
 806:   0.0000  1.0000  0.0000  1
 807:   0.0000  1.0000  0.0000  1
 808:   0.0002  0.9998  0.0000  1
 809:   0.0000  1.0000  0.0000  1
 810:   0.0000  1.0000  0.0000  1
 811:   0.0000  1.0000  0.0000  1
 812:   0.0000  1.0000  0.0000  1
 813:   0.0022  0.9978  0.0000  1
 814:   0.0000  1.0000  0.0000  1
 815:   0.0017  0.9983  0.0000  1
 816:   0.0000  1.0000  0.0000  1
 817:   0.0017  0.9983  0.0000  1
 818:   0.0000  1.0000  0.0000  1
 819:   0.0000  1.0000  0.0000  1
 820:   0.0017  0.9982  0.0001  1
 821:   0.0000  1.0000  0.0000  1
 822:   0.0000  1.0000  0.0000  1
 823:   0.0000  1.0000  0.0000  1
 824:   0.0014  0.9986  0.0000  1
 825:   0.0012  0.9988  0.0000  1
 826:   0.0016  0.9984  0.0000  1
 827:   0.0000  1.0000  0.0000  1
 828:   0.0000  1.0000  0.0000  1
 829:   0.0000  1.0000  0.0000  1
 830:   0.0000  1.0000  0.0000  1
 831:   0.0000  1.0000  0.0000  1
 832:   0.0038  0.9962  0.0000  1
 833:   0.0000  1.0000  0.0000  1
 834:   0.0005  0.9995  0.0000  1
 835:   0.0000  1.0000  0.0000  1
 836:   0.0009  0.9991  0.0000  1
 837:   0.0045  0.9955  0.0000  1
 838:   0.0000  1.0000  0.0000  1
 839:   0.0000  1.0000  0.0000  1
 840:   0.0006  0.9981  0.0013  1
 841:   0.0000  1.0000  0.0000  1
 842:   0.0000  1.0000  0.0000  1
 843:   0.0000  1.0000  0.0000  1
 844:   0.0000  1.0000  0.0000  1
 845:   0.0041  0.9959  0.0000  1
 846:   0.0000  1.0000  0.0000  1
 847:   0.0010  0.9990  0.0000  1
 848:   0.0000  1.0000  0.0000  1
 849:   0.0002  0.9998  0.0000  1
 850:   0.0000  1.0000  0.0000  1
 851:   0.0011  0.9989  0.0000  1
 852:   0.0000  1.0000  0.0000  1
 853:   0.0074  0.9926  0.0000  1
 854:   0.0034  0.9966  0.0000  1
 855:   0.0000  1.0000  0.0000  1
 856:   0.0000  1.0000  0.0000  1
 857:   0.0010  0.9964  0.0026  1
 858:   0.0002  0.9995  0.0003  1
 859:   0.0000  1.0000  0.0000  1
 860:   0.0000  1.0000  0.0000  1
 861:   0.0000  1.0000  0.0000  1
 862:   0.0000  1.0000  0.0000  1
 863:   0.0006  0.9994  0.0000  1
 864:   0.0018  0.9936  0.0046  1
 865:   0.0000  1.0000  0.0000  1
 866:   0.0000  1.0000  0.0000  1
 867:   0.0000  1.0000  0.0000  1
 868:   0.0008  0.9983  0.0009  1
 869:   0.0000  1.0000  0.0000  1
 870:   0.0000  1.0000  0.0000  1
 871:   0.0030  0.9954  0.0016  1
 872:   0.0038  0.9962  0.0000  1
 873:   0.0000  1.0000  0.0000  1
 874:   0.0000  1.0000  0.0000  1
 875:   0.0000  1.0000  0.0000  1
 876:   0.0000  1.0000  0.0000  1
 877:   0.0042  0.9907  0.0051  1
 878:   0.0011  0.9987  0.0002  1
 879:   0.0000  1.0000  0.0000  1
 880:   0.0002  0.9998  0.0000  1
 881:   0.0000  1.0000  0.0000  1
 882:   0.0011  0.9989  0.0000  1
 883:   0.0000  1.0000  0.0000  1
 884:   0.0000  1.0000  0.0000  1
 885:   0.0000  1.0000  0.0000  1
 886:   0.0034  0.9966  0.0000  1
 887:   0.0011  0.9989  0.0000  1
 888:   0.0000  1.0000  0.0000  1
 889:   0.0000  1.0000  0.0000  1
 890:   0.0000  1.0000  0.0000  1
 891:   0.2909  0.2646  0.4445  1
 892:   0.0189  0.9811  0.0000  1
 893:   0.0293  0.9707  0.0000  1
 894:   0.0099  0.9901  0.0000  1
 895:   0.0000  1.0000  0.0000  1
 896:   0.0300  0.9700  0.0000  1
 897:   0.0128  0.9872  0.0000  1
 898:   0.0038  0.9962  0.0000  1
 899:   0.0083  0.9917  0.0000  1
 900:   0.0146  0.9854  0.0000  1
 901:   0.0075  0.9925  0.0000  1
 902:   0.0077  0.9923  0.0000  1
 903:   0.0185  0.9815  0.0000  1
 904:   0.0009  0.9991  0.0000  1
 905:   0.0093  0.9907  0.0000  1
 906:   0.0033  0.9967  0.0000  1
 907:   0.1391  0.8609  0.0000  1
 908:   0.1655  0.8345  0.0000  1
 909:   0.1623  0.8373  0.0003  1
 910:   0.1590  0.8399  0.0012  1
 911:   0.1527  0.8473  0.0000  1
 912:   0.1525  0.8475  0.0000  1
 913:   0.1409  0.8588  0.0003  1
 914:   0.1561  0.8429  0.0010  1
 915:   0.1290  0.8664  0.0046  1
 916:   0.1486  0.8474  0.0040  1
 917:   0.1538  0.8445  0.0017  1
 918:   0.1578  0.8417  0.0005  1
 919:   0.0000  1.0000  0.0000  1
 920:   0.0000  1.0000  0.0000  1
 921:   0.0033  0.9967  0.0000  1
 922:   0.0076  0.9924  0.0000  1
 923:   0.0613  0.9340  0.0048  1
 924:   0.0359  0.9609  0.0033  1
 925:   0.0081  0.9919  0.0000  1
 926:   0.0000  1.0000  0.0000  1
 927:   0.0037  0.9963  0.0000  1
 928:   0.0014  0.9986  0.0000  1
 929:   0.0382  0.9614  0.0004  1
 930:   0.0028  0.9972  0.0000  1
 931:   0.0152  0.9768  0.0080  1
 932:   0.0094  0.9872  0.0034  1
 933:   0.0077  0.9923  0.0000  1
 934:   0.0219  0.9609  0.0171  1
 935:   0.0036  0.9897  0.0067  1
 936:   0.0039  0.9858  0.0103  1
 937:   0.0020  0.9942  0.0038  1
 938:   0.0078  0.9869  0.0054  1
 939:   0.0316  0.9494  0.0190  1
 940:   0.0000  1.0000  0.0000  1
 941:   0.0113  0.9863  0.0024  1
 942:   0.0515  0.9476  0.0009  1
 943:   0.0088  0.9912  0.0000  1
 944:   0.0031  0.9969  0.0000  1
 945:   0.0069  0.9774  0.0157  1
 946:   0.0013  0.9950  0.0037  1
 947:   0.0065  0.9918  0.0017  1
 948:   0.0000  1.0000  0.0000  1
 949:   0.0001  0.9999  0.0000  1
 950:   0.0010  0.9990  0.0000  1
 951:   0.0000  1.0000  0.0000  1
 952:   0.0029  0.9971  0.0000  1
 953:   0.0000  1.0000  0.0000  1
 954:   0.0000  1.0000  0.0000  1
 955:   0.0000  1.0000  0.0000  1
 956:   0.0052  0.9948  0.0000  1
 957:   0.0000  1.0000  0.0000  1
 958:   0.0022  0.9978  0.0000  1
 959:   0.0000  1.0000  0.0000  1
 960:   0.0000  1.0000  0.0000  1
 961:   0.0079  0.9902  0.0019  1
 962:   0.0003  0.9995  0.0002  1
 963:   0.0000  1.0000  0.0000  1
 964:   0.0009  0.9983  0.0008  1
 965:   0.0048  0.9934  0.0018  1
 966:   0.0000  1.0000  0.0000  1
 967:   0.0018  0.9982  0.0000  1
 968:   0.0030  0.9970  0.0000  1
 969:   0.0033  0.9942  0.0026  1
 970:   0.0004  0.9982  0.0013  1
 971:   0.0002  0.9998  0.0000  1
 972:   0.0000  1.0000  0.0000  1
 973:   0.0002  0.9998  0.0000  1
 974:   0.0032  0.9954  0.0014  1
 975:   0.0016  0.9946  0.0038  1
 976:   0.0000  1.0000  0.0000  1
 977:   0.0000  1.0000  0.0000  1
 978:   0.0028  0.9972  0.0000  1
 979:   0.0035  0.9941  0.0024  1
 980:   0.0000  1.0000  0.0000  1
 981:   0.0000  1.0000  0.0000  1
 982:   0.0059  0.9935  0.0007  1
 983:   0.0088  0.9901  0.0011  1
 984:   0.0000  1.0000  0.0000  1
 985:   0.0032  0.9968  0.0000  1
 986:   0.0026  0.9974  0.0000  1
 987:   0.0039  0.9949  0.0012  1
 988:   0.0014  0.9986  0.0000  1
 989:   0.0219  0.9781  0.0000  1
 990:   0.0000  1.0000  0.0000  1
 991:   0.0032  0.9968  0.0000  1
 992:   0.0081  0.9919  0.0000  1
 993:   0.0002  0.9998  0.0000  1
 994:   0.0000  1.0000  0.0000  1
 995:   0.0064  0.9936  0.0000  1
 996:   0.0117  0.9883  0.0000  1
 997:   0.0042  0.9958  0.0000  1
 998:   0.0312  0.9688  0.0000  1
 999:   0.0097  0.9903  0.0000  1
1000:   0.0024  0.9951  0.0025  1
1001:   0.0000  1.0000  0.0000  1
1002:   0.0000  1.0000  0.0000  1
1003:   0.0006  0.9987  0.0008  1
1004:   0.0000  1.0000  0.0000  1
1005:   0.0033  0.9967  0.0000  1
1006:   0.0078  0.9913  0.0009  1
1007:   0.0142  0.9843  0.0015  1
1008:   0.0006  0.9986  0.0008  1
1009:   0.0000  1.0000  0.0000  1
1010:   0.0000  1.0000  0.0000  1
1011:   0.0000  1.0000  0.0000  1
1012:   0.0000  1.0000  0.0000  1
1013:   0.0029  0.9971  0.0000  1
1014:   0.0004  0.9996  0.0000  1
1015:   0.0025  0.9975  0.0000  1
1016:   0.0002  0.9998  0.0000  1
1017:   0.0017  0.9983  0.0000  1
1018:   0.0019  0.9967  0.0014  1
1019:   0.0004  0.9988  0.0008  1
1020:   0.0000  1.0000  0.0000  1
1021:   0.0000  1.0000  0.0000  1
1022:   0.0000  1.0000  0.0000  1
1023:   0.0057  0.9939  0.0004  1
1024:   0.0000  1.0000  0.0000  1
1025:   0.0022  0.9978  0.0000  1
1026:   0.0000  1.0000  0.0000  1
1027:   0.0000  1.0000  0.0000  1
1028:   0.0000  1.0000  0.0000  1
1029:   0.0026  0.9974  0.0000  1
1030:   0.0006  0.9991  0.0003  1
1031:   0.0000  1.0000  0.0000  1
1032:   0.0101  0.9802  0.0098  1
1033:   0.1436  0.8555  0.0009  1
1034:   0.0000  1.0000  0.0000  1
1035:   0.0005  0.9993  0.0002  1
1036:   0.0000  1.0000  0.0000  1
1037:   0.0000  1.0000  0.0000  1
1038:   0.0096  0.9870  0.0034  1
1039:   0.1363  0.8625  0.0012  1
1040:   0.0256  0.9744  0.0000  1
1041:   0.0406  0.9594  0.0000  1
1042:   0.1131  0.8798  0.0071  1
1043:   0.0024  0.9976  0.0000  1
1044:   0.0012  0.9988  0.0000  1
1045:   0.0904  0.9064  0.0032  1
1046:   0.0885  0.9068  0.0047  1
1047:   0.0923  0.9077  0.0000  1
1048:   0.0790  0.9196  0.0014  1
1049:   0.0515  0.9470  0.0015  1
1050:   0.2062  0.7899  0.0039  1
1051:   0.0863  0.9135  0.0002  1
1052:   0.0815  0.9182  0.0003  1
1053:   0.0904  0.9034  0.0062  1
1054:   0.0871  0.9025  0.0104  1
1055:   0.0861  0.9079  0.0060  1
1056:   0.0651  0.9230  0.0119  1
1057:   0.0898  0.9039  0.0064  1
1058:   0.0786  0.9182  0.0032  1
1059:   0.0708  0.9271  0.0021  1
1060:   0.0945  0.9016  0.0039  1
1061:   0.0554  0.9365  0.0081  1
1062:   0.1202  0.8798  0.0000  1
1063:   0.1083  0.8896  0.0021  1
1064:   0.0702  0.9250  0.0048  1
1065:   0.1052  0.8948  0.0000  1
1066:   0.1165  0.8816  0.0019  1
1067:   0.1023  0.8937  0.0041  1
1068:   0.1137  0.8821  0.0043  1
1069:   0.1037  0.8955  0.0008  1
1070:   0.1095  0.8891  0.0013  1
1071:   0.1212  0.8742  0.0046  1
1072:   0.1262  0.8688  0.0050  1
1073:   0.1142  0.8835  0.0024  1
1074:   0.0980  0.9011  0.0009  1
1075:   0.1142  0.8815  0.0043  1
1076:   0.1216  0.8742  0.0042  1
1077:   0.1016  0.8968  0.0015  1
1078:   0.1151  0.8843  0.0007  1
1079:   0.1157  0.8843  0.0000  1
1080:   0.1089  0.8911  0.0000  1
1081:   0.1063  0.8937  0.0000  1
1082:   0.0982  0.9018  0.0000  1
1083:   0.1239  0.8761  0.0000  1
1084:   0.1147  0.8853  0.0000  1
1085:   0.0191  0.9809  0.0000  1
1086:   0.0899  0.9101  0.0000  1
1087:   0.1014  0.8986  0.0000  1
1088:   0.1015  0.8985  0.0000  1
1089:   0.1138  0.8861  0.0001  1
1090:   0.0941  0.9059  0.0000  1
1091:   0.1529  0.8471  0.0000  1
1092:   0.1006  0.8994  0.0000  1
1093:   0.0821  0.9142  0.0037  1
1094:   0.1141  0.8859  0.0000  1
1095:   0.1044  0.8956  0.0000  1
1096:   0.0933  0.9067  0.0000  1
1097:   0.1063  0.8930  0.0007  1
1098:   0.1006  0.8952  0.0042  1
1099:   0.1086  0.8914  0.0000  1
1100:   0.0872  0.9128  0.0000  1
1101:   0.0969  0.9031  0.0000  1
1102:   0.0892  0.9108  0.0000  1
1103:   0.1012  0.8988  0.0000  1
1104:   0.0991  0.9009  0.0000  1
1105:   0.0978  0.9022  0.0000  1
1106:   0.2997  0.7003  0.0000  1
1107:   0.3000  0.7000  0.0000  1
1108:   0.3000  0.7000  0.0000  1
1109:   0.3000  0.7000  0.0000  1
1110:   0.3002  0.6998  0.0000  1
1111:   0.3000  0.7000  0.0000  1
1112:   0.3000  0.7000  0.0000  1
1113:   0.2954  0.7046  0.0000  1
1114:   0.2915  0.7085  0.0000  1
1115:   0.3000  0.7000  0.0000  1
1116:   0.3000  0.7000  0.0000  1
1117:   0.2932  0.7068  0.0000  1
1118:   0.2961  0.7039  0.0000  1
1119:   0.3000  0.7000  0.0000  1
1120:   0.3000  0.7000  0.0000  1
1121:   0.3000  0.7000  0.0000  1
1122:   0.3000  0.7000  0.0000  1
1123:   0.3000  0.7000  0.0000  1
1124:   0.3000  0.7000  0.0000  1
1125:   0.3003  0.6997  0.0000  1
1126:   0.0400  0.9580  0.0020  1
1127:   0.2988  0.7012  0.0001  1
1128:   0.1519  0.8476  0.0005  1
1129:   0.3003  0.6997  0.0000  1
1130:   0.2902  0.7098  0.0000  1
1131:   0.3000  0.7000  0.0000  1
1132:   0.3000  0.7000  0.0000  1
1133:   0.2923  0.7077  0.0000  1
1134:   0.2940  0.7060  0.0000  1
1135:   0.3003  0.6948  0.0049  1
1136:   0.2961  0.6963  0.0076  1
1137:   0.2976  0.6957  0.0067  1
1138:   0.2776  0.7182  0.0042  1
1139:   0.2966  0.6979  0.0055  1
1140:   0.2999  0.6914  0.0087  1
1141:   0.3000  0.7000  0.0000  1
1142:   0.2937  0.7063  0.0000  1
1143:   0.2926  0.7074  0.0000  1
1144:   0.3000  0.7000  0.0000  1
1145:   0.3000  0.7000  0.0000  1
1146:   0.2982  0.7018  0.0000  1
1147:   0.3000  0.7000  0.0000  1
1148:   0.3000  0.7000  0.0000  1
1149:   0.3000  0.7000  0.0000  1
1150:   0.3000  0.7000  0.0000  1
1151:   0.2823  0.7176  0.0001  1
1152:   0.3000  0.7000  0.0000  1
1153:   0.3000  0.7000  0.0000  1
1154:   0.2980  0.7020  0.0000  1
1155:   0.2984  0.7016  0.0000  1
1156:   0.3000  0.7000  0.0000  1
1157:   0.3000  0.7000  0.0000  1
1158:   0.2919  0.7081  0.0000  1
1159:   0.2943  0.7057  0.0000  1
1160:   0.3003  0.6962  0.0034  1
1161:   0.3013  0.6920  0.0067  1
1162:   0.2906  0.7054  0.0040  1
1163:   0.2954  0.6993  0.0053  1
1164:   0.3012  0.6928  0.0060  1
1165:   0.2982  0.6916  0.0101  1
1166:   0.2994  0.6958  0.0048  1
1167:   0.2993  0.6989  0.0017  1
1168:   0.3005  0.6940  0.0055  1
1169:   0.3001  0.6955  0.0044  1
1170:   0.2943  0.6973  0.0084  1
1171:   0.2915  0.7038  0.0046  1
1172:   0.2979  0.6977  0.0044  1
1173:   0.2902  0.7031  0.0067  1
1174:   0.3010  0.6934  0.0057  1
1175:   0.3009  0.6954  0.0037  1
1176:   0.3000  0.7000  0.0000  1
1177:   0.3000  0.7000  0.0000  1
1178:   0.0076  0.9833  0.0091  1
1179:   0.3000  0.7000  0.0000  1
1180:   0.3004  0.6996  0.0000  1
1181:   0.3006  0.6992  0.0003  1
1182:   0.3000  0.7000  0.0000  1
1183:   0.3000  0.7000  0.0000  1
1184:   0.3003  0.6996  0.0002  1
1185:   0.3000  0.7000  0.0000  1
1186:   0.3000  0.7000  0.0000  1
1187:   0.3000  0.7000  0.0000  1
1188:   0.3004  0.6993  0.0003  1
1189:   0.3000  0.7000  0.0000  1
1190:   0.0118  0.9882  0.0001  1
1191:   0.1064  0.8923  0.0012  1
1192:   0.1402  0.8598  0.0000  1
1193:   0.3000  0.7000  0.0000  1
1194:   0.3000  0.7000  0.0000  1
1195:   0.3000  0.7000  0.0000  1
1196:   0.2964  0.7033  0.0003  1
1197:   0.3000  0.7000  0.0000  1
1198:   0.3000  0.7000  0.0000  1
1199:   0.3000  0.7000  0.0000  1
1200:   0.3003  0.6997  0.0000  1
1201:   0.3000  0.7000  0.0000  1
1202:   0.1319  0.8527  0.0154  1
1203:   0.1834  0.8007  0.0159  1
1204:   0.0767  0.9233  0.0000  1
1205:   0.3000  0.7000  0.0000  1
1206:   0.3000  0.7000  0.0000  1
1207:   0.3000  0.7000  0.0000  1
1208:   0.0789  0.9211  0.0000  1
1209:   0.1065  0.8882  0.0053  1
1210:   0.1124  0.8867  0.0008  1
1211:   0.1297  0.8703  0.0000  1
1212:   0.0011  0.9989  0.0000  1
1213:   0.3000  0.7000  0.0000  1
1214:   0.2971  0.7029  0.0000  1
1215:   0.3000  0.7000  0.0000  1
1216:   0.0404  0.9593  0.0004  1
1217:   0.2855  0.7145  0.0000  1
1218:   0.3000  0.7000  0.0000  1
1219:   0.2978  0.7022  0.0000  1
1220:   0.2908  0.7092  0.0000  1
1221:   0.3000  0.7000  0.0000  1
1222:   0.3000  0.7000  0.0000  1
1223:   0.2881  0.7119  0.0000  1
1224:   0.2960  0.7040  0.0000  1
1225:   0.3000  0.7000  0.0000  1
1226:   0.2940  0.7060  0.0000  1
1227:   0.2956  0.7044  0.0000  1
1228:   0.2766  0.7234  0.0000  1
1229:   0.3000  0.7000  0.0000  1
1230:   0.2875  0.7125  0.0000  1
1231:   0.2976  0.7008  0.0016  1
1232:   0.2999  0.7001  0.0000  1
1233:   0.3000  0.7000  0.0000  1
1234:   0.3000  0.6999  0.0001  1
1235:   0.2684  0.7297  0.0019  1
1236:   0.3000  0.7000  0.0000  1
1237:   0.2935  0.7065  0.0000  1
1238:   0.3000  0.7000  0.0000  1
1239:   0.3000  0.7000  0.0000  1
1240:   0.3000  0.7000  0.0000  1
1241:   0.2939  0.7061  0.0000  1
1242:   0.3003  0.6997  0.0000  1
1243:   0.3001  0.6999  0.0000  1
1244:   0.3000  0.7000  0.0000  1
1245:   0.2989  0.7011  0.0000  1
1246:   0.1645  0.8318  0.0037  1
1247:   0.0936  0.9064  0.0000  1
1248:   0.0678  0.9284  0.0038  1
1249:   0.1319  0.8651  0.0030  1
1250:   0.3000  0.7000  0.0000  1
1251:   0.3000  0.7000  0.0000  1
1252:   0.1308  0.8652  0.0040  1
1253:   0.1234  0.8743  0.0023  1
1254:   0.1380  0.8599  0.0022  1
1255:   0.1247  0.8564  0.0189  1
1256:   0.0959  0.9036  0.0006  1
1257:   0.0399  0.9484  0.0116  1
1258:   0.3000  0.7000  0.0000  1
1259:   0.2990  0.7010  0.0000  1
1260:   0.3000  0.7000  0.0000  1
1261:   0.3000  0.7000  0.0000  1
1262:   0.2956  0.7044  0.0000  1
1263:   0.3000  0.7000  0.0000  1
1264:   0.2968  0.7032  0.0000  1
1265:   0.0546  0.9454  0.0000  1
1266:   0.2897  0.7061  0.0042  1
1267:   0.2998  0.7002  0.0000  1
1268:   0.2994  0.7006  0.0000  1
1269:   0.2916  0.7076  0.0008  1
1270:   0.3001  0.6999  0.0000  1
1271:   0.3000  0.7000  0.0000  1
1272:   0.3000  0.7000  0.0000  1
1273:   0.3000  0.7000  0.0000  1
1274:   0.3000  0.7000  0.0000  1
1275:   0.3000  0.7000  0.0000  1
1276:   0.3000  0.7000  0.0000  1
1277:   0.2737  0.7263  0.0000  1
1278:   0.3000  0.7000  0.0000  1
1279:   0.3000  0.7000  0.0000  1
1280:   0.3000  0.7000  0.0000  1
1281:   0.3004  0.6931  0.0065  1
1282:   0.2951  0.7008  0.0041  1
1283:   0.3000  0.7000  0.0000  1
1284:   0.3000  0.7000  0.0000  1
1285:   0.2926  0.7060  0.0014  1
1286:   0.3000  0.7000  0.0000  1
1287:   0.3000  0.7000  0.0000  1
1288:   0.3000  0.7000  0.0000  1
1289:   0.2970  0.7030  0.0000  1
1290:   0.2964  0.7036  0.0000  1
1291:   0.3000  0.7000  0.0000  1
1292:   0.3000  0.7000  0.0000  1
1293:   0.2962  0.7032  0.0006  1
1294:   0.3000  0.7000  0.0000  1
1295:   0.3000  0.7000  0.0000  1
1296:   0.2854  0.7089  0.0057  1
1297:   0.2938  0.7002  0.0061  1
1298:   0.2988  0.6977  0.0035  1
1299:   0.2989  0.6991  0.0020  1
1300:   0.3011  0.6980  0.0010  1
1301:   0.2849  0.7083  0.0069  1
1302:   0.2885  0.7002  0.0113  1
1303:   0.2953  0.6987  0.0059  1
1304:   0.2499  0.7481  0.0020  1
1305:   0.2825  0.7109  0.0066  1
1306:   0.3002  0.6952  0.0047  1
1307:   0.2848  0.7096  0.0056  1
1308:   0.3002  0.6995  0.0003  1
1309:   0.2714  0.7223  0.0063  1
1310:   0.2864  0.7027  0.0108  1
1311:   0.1104  0.8896  0.0000  1
1312:   0.0293  0.9677  0.0030  1
1313:   0.0544  0.9456  0.0000  1
1314:   0.0021  0.9979  0.0000  1
1315:   0.0024  0.9976  0.0000  1
1316:   0.0503  0.9497  0.0000  1
1317:   0.0021  0.9978  0.0000  1
1318:   0.0441  0.9475  0.0084  1
1319:   0.1487  0.8513  0.0000  1
1320:   0.0002  0.9998  0.0000  1
1321:   0.0534  0.9432  0.0034  1
1322:   0.0358  0.9610  0.0032  1
1323:   0.0551  0.9278  0.0171  1
1324:   0.0014  0.9986  0.0000  1
1325:   0.0000  1.0000  0.0000  1
1326:   0.0091  0.9897  0.0011  1
1327:   0.0064  0.9931  0.0006  1
1328:   0.0000  1.0000  0.0000  1
1329:   0.0000  1.0000  0.0000  1
1330:   0.0249  0.9751  0.0000  1
1331:   0.1523  0.8468  0.0008  1
1332:   0.0073  0.9914  0.0013  1
1333:   0.0110  0.9888  0.0002  1
1334:   0.0055  0.9932  0.0013  1
1335:   0.0115  0.9885  0.0000  1
1336:   0.1448  0.8551  0.0000  1
1337:   0.1878  0.7551  0.0570  1
1338:   0.0588  0.9312  0.0101  1
1339:   0.0184  0.9712  0.0105  1
1340:   0.0026  0.9974  0.0000  1
1341:   0.0001  0.9997  0.0002  1
1342:   0.0180  0.9814  0.0006  1
1343:   0.0024  0.9976  0.0000  1
1344:   0.0264  0.9703  0.0033  1
1345:   0.0690  0.9310  0.0000  1
1346:   0.0000  1.0000  0.0000  1
1347:   0.0003  0.9997  0.0000  1
1348:   0.0162  0.9690  0.0148  1
1349:   0.0108  0.9888  0.0004  1
1350:   0.2154  0.7846  0.0000  1
1351:   0.0018  0.9971  0.0011  1
1352:   0.0639  0.9354  0.0007  1
1353:   0.2257  0.7738  0.0006  1
1354:   0.1304  0.8640  0.0057  1
1355:   0.0814  0.9186  0.0000  1
1356:   0.0844  0.9156  0.0000  1
1357:   0.1460  0.8540  0.0000  1
1358:   0.1122  0.8825  0.0054  1
1359:   0.0871  0.9088  0.0042  1
1360:   0.1141  0.8847  0.0012  1
1361:   0.0646  0.9352  0.0002  1
1362:   0.0484  0.9511  0.0005  1
1363:   0.1879  0.8121  0.0000  1
1364:   0.0098  0.9892  0.0010  1
1365:   0.0787  0.9175  0.0038  1
1366:   0.0315  0.9685  0.0000  1
1367:   0.0542  0.8731  0.0727  1
1368:   0.1159  0.8841  0.0000  1
1369:   0.1013  0.8987  0.0000  1
1370:   0.1059  0.8941  0.0000  1
1371:   0.1159  0.8839  0.0002  1
1372:   0.1038  0.8962  0.0000  1
1373:   0.1111  0.8887  0.0002  1
1374:   0.1039  0.8961  0.0000  1
1375:   0.1055  0.8945  0.0000  1
1376:   0.1083  0.8917  0.0000  1
1377:   0.1034  0.8966  0.0000  1
1378:   0.1089  0.8911  0.0000  1
1379:   0.1183  0.8815  0.0001  1
1380:   0.1090  0.8910  0.0000  1
1381:   0.1158  0.8842  0.0000  1
1382:   0.1074  0.8926  0.0000  1
1383:   0.0939  0.9061  0.0000  1
1384:   0.1106  0.8894  0.0000  1
1385:   0.1119  0.8881  0.0000  1
1386:   0.1046  0.8954  0.0000  1
1387:   0.0926  0.9074  0.0000  1
1388:   0.1077  0.0000  0.8923  1
1389:   0.0650  0.0000  0.9350  1
1390:   0.2391  0.0000  0.7609  1
1391:   0.1659  0.0000  0.8341  1
1392:   0.3706  0.0000  0.6294  1
1393:   0.3686  0.0000  0.6314  1
1394:   0.0833  0.0000  0.9167  1
1395:   0.0998  0.0000  0.9002  1
1396:   0.3371  0.0000  0.6629  1
1397:   0.1134  0.0000  0.8866  1
1398:   0.1454  0.0000  0.8546  1
1399:   0.2126  0.0039  0.7835  1
1400:   0.0711  0.0000  0.9289  1
1401:   0.0988  0.0000  0.9012  1
1402:   0.3388  0.0032  0.6580  1
1403:   0.1052  0.0000  0.8948  1
1404:   0.1183  0.0000  0.8817  1
1405:   0.1485  0.0000  0.8515  1
1406:   0.1016  0.0000  0.8984  1
1407:   0.1798  0.0010  0.8192  1
1408:   0.0280  0.0000  0.9720  1
1409:   0.0491  0.0000  0.9509  1
1410:   0.0000  0.0000  1.0000  1
1411:   0.0172  0.0000  0.9828  1
1412:   0.3732  0.0000  0.6268  1
1413:   0.3607  0.0000  0.6393  1
1414:   0.3704  0.0000  0.6296  1
1415:   0.0374  0.0000  0.9626  1
1416:   0.0345  0.0000  0.9655  1
1417:   0.0000  0.0000  1.0000  1
1418:   0.0205  0.0000  0.9795  1
1419:   0.0340  0.0000  0.9660  1
1420:   0.0601  0.0000  0.9399  1
1421:   0.1687  0.0000  0.8313  1
1422:   0.1202  0.0003  0.8795  1
1423:   0.0655  0.0000  0.9345  1
1424:   0.0747  0.0000  0.9253  1
1425:   0.1137  0.0000  0.8863  1
1426:   0.1372  0.0000  0.8628  1
1427:   0.0695  0.0000  0.9305  1
1428:   0.0838  0.0000  0.9162  1
1429:   0.0859  0.0000  0.9141  1
1430:   0.0472  0.0000  0.9528  1
1431:   0.0885  0.0000  0.9115  1
1432:   0.1234  0.0000  0.8766  1
1433:   0.0494  0.0000  0.9506  1
1434:   0.3746  0.0000  0.6254  1
1435:   0.3533  0.0000  0.6467  1
1436:   0.3412  0.0000  0.6588  1
1437:   0.3691  0.0113  0.6197  1
1438:   0.3861  0.0000  0.6139  1
1439:   0.3626  0.0000  0.6374  1
1440:   0.3768  0.0000  0.6232  1
1441:   0.3692  0.0000  0.6308  1
1442:   0.3792  0.0000  0.6208  1
1443:   0.3719  0.0000  0.6281  1
1444:   0.3765  0.0000  0.6235  1
1445:   0.3713  0.0000  0.6287  1
1446:   0.1419  0.0000  0.8581  1
1447:   0.3620  0.0000  0.6380  1
1448:   0.3544  0.0000  0.6456  1
1449:   0.3358  0.0000  0.6642  1
1450:   0.3233  0.0000  0.6767  1
1451:   0.3560  0.0000  0.6440  1
1452:   0.2724  0.0000  0.7276  1
1453:   0.3515  0.0000  0.6485  1
1454:   0.3375  0.0001  0.6623  1
1455:   0.0993  0.0000  0.9007  1
1456:   0.3839  0.0000  0.6161  1
1457:   0.3837  0.0000  0.6163  1
1458:   0.3724  0.0000  0.6276  1
1459:   0.3728  0.0000  0.6272  1
1460:   0.3751  0.0000  0.6249  1
1461:   0.0657  0.0000  0.9343  1
1462:   0.0569  0.0000  0.9431  1
1463:   0.0409  0.0000  0.9591  1
1464:   0.0333  0.0000  0.9667  1
1465:   0.0761  0.0000  0.9239  1
1466:   0.0983  0.0000  0.9017  1
1467:   0.0881  0.0000  0.9119  1
1468:   0.0735  0.0000  0.9265  1
1469:   0.1200  0.0000  0.8800  1
1470:   0.0416  0.0000  0.9584  1
1471:   0.0000  0.0000  1.0000  1
1472:   0.0217  0.0000  0.9783  1
1473:   0.0096  0.0000  0.9904  1
1474:   0.0013  0.0000  0.9987  1
1475:   0.3652  0.0000  0.6348  1
1476:   0.3649  0.0000  0.6351  1
1477:   0.0337  0.0000  0.9663  1
1478:   0.0391  0.0000  0.9609  1
1479:   0.0332  0.0000  0.9668  1
1480:   0.0260  0.0000  0.9739  1
1481:   0.0513  0.0000  0.9487  1
1482:   0.0134  0.0000  0.9866  1
1483:   0.0288  0.0000  0.9712  1
1484:   0.1461  0.0000  0.8539  1
1485:   0.0609  0.0000  0.9391  1
1486:   0.0600  0.0000  0.9400  1
1487:   0.3163  0.0000  0.6837  1
1488:   0.3621  0.0000  0.6379  1
1489:   0.0292  0.0000  0.9708  1
1490:   0.1138  0.0000  0.8862  1
1491:   0.1662  0.0000  0.8338  1
1492:   0.1378  0.0000  0.8622  1
1493:   0.1750  0.0020  0.8230  1
1494:   0.1203  0.0000  0.8797  1
1495:   0.1766  0.0000  0.8234  1
1496:   0.3121  0.0000  0.6879  1
1497:   0.2809  0.0000  0.7191  1
1498:   0.2122  0.0041  0.7837  1
1499:   0.2850  0.0394  0.6756  1
1500:   0.3565  0.0000  0.6435  1
1501:   0.3703  0.0000  0.6297  1
1502:   0.3218  0.0000  0.6782  1
1503:   0.3673  0.0000  0.6327  1
1504:   0.3711  0.0000  0.6289  1
1505:   0.3729  0.0000  0.6271  1
1506:   0.3683  0.0000  0.6317  1
1507:   0.3695  0.0000  0.6305  1
1508:   0.0524  0.0000  0.9476  1
1509:   0.0415  0.0000  0.9585  1
1510:   0.0430  0.0000  0.9570  1
1511:   0.0948  0.0000  0.9052  1
1512:   0.1128  0.0000  0.8872  1
1513:   0.0502  0.0000  0.9498  1
1514:   0.1952  0.0000  0.8048  1
1515:   0.0855  0.0000  0.9145  1
1516:   0.0420  0.0000  0.9580  1
1517:   0.3570  0.0000  0.6430  1
1518:   0.3624  0.0006  0.6370  1
1519:   0.3570  0.0000  0.6430  1
1520:   0.0882  0.0000  0.9118  1
1521:   0.0924  0.0000  0.9076  1
1522:   0.1378  0.0000  0.8622  1
1523:   0.1585  0.0000  0.8415  1
1524:   0.0896  0.0000  0.9104  1
1525:   0.0305  0.0000  0.9695  1
1526:   0.1019  0.0000  0.8981  1
1527:   0.0933  0.0000  0.9067  1
1528:   0.0445  0.0000  0.9555  1
1529:   0.0805  0.0000  0.9195  1
1530:   0.0661  0.0000  0.9339  1
1531:   0.0503  0.0000  0.9497  1
1532:   0.0000  0.0000  1.0000  1
1533:   0.0404  0.0000  0.9596  1
1534:   0.0135  0.0000  0.9865  1
1535:   0.0286  0.0000  0.9714  1
1536:   0.0304  0.0000  0.9696  1
1537:   0.3714  0.0000  0.6286  1
1538:   0.3599  0.0000  0.6401  1
1539:   0.0375  0.0000  0.9625  1
1540:   0.0459  0.0000  0.9541  1
1541:   0.0883  0.0000  0.9117  1
1542:   0.0052  0.0000  0.9948  1
1543:   0.0003  0.0000  0.9997  1
1544:   0.0191  0.0000  0.9809  1
1545:   0.0199  0.0000  0.9801  1
1546:   0.0247  0.0002  0.9751  1
1547:   0.2982  0.0000  0.7018  1
1548:   0.1136  0.0000  0.8864  1
1549:   0.0698  0.0000  0.9302  1
1550:   0.0864  0.0000  0.9136  1
1551:   0.1817  0.0000  0.8183  1
1552:   0.0477  0.0000  0.9523  1
1553:   0.0839  0.0000  0.9161  1
1554:   0.0024  0.0000  0.9976  1
1555:   0.0255  0.0000  0.9745  1
1556:   0.0533  0.0000  0.9467  1
1557:   0.0926  0.0000  0.9074  1
1558:   0.1065  0.0000  0.8935  1
1559:   0.0968  0.0000  0.9032  1
1560:   0.0660  0.0000  0.9340  1
1561:   0.1336  0.0000  0.8664  1
1562:   0.0017  0.0000  0.9983  1
1563:   0.0061  0.0000  0.9939  1
1564:   0.3655  0.0000  0.6345  1
1565:   0.3736  0.0000  0.6264  1
1566:   0.3372  0.0000  0.6628  1
1567:   0.3644  0.0000  0.6356  1
1568:   0.3702  0.0000  0.6298  1
1569:   0.3608  0.0000  0.6392  1
1570:   0.3666  0.0000  0.6334  1
1571:   0.3533  0.0000  0.6467  1
1572:   0.3360  0.0000  0.6640  1
1573:   0.3634  0.0000  0.6366  1
1574:   0.3574  0.0000  0.6426  1
1575:   0.3310  0.0000  0.6690  1
1576:   0.3650  0.0000  0.6350  1
1577:   0.0285  0.0000  0.9715  1
1578:   0.0273  0.0000  0.9727  1
1579:   0.0768  0.0000  0.9232  1
1580:   0.0527  0.0000  0.9473  1
1581:   0.0704  0.0000  0.9296  1
1582:   0.0057  0.0000  0.9943  1
1583:   0.0627  0.0000  0.9373  1
1584:   0.1250  0.0000  0.8750  1
1585:   0.0780  0.0000  0.9220  1
1586:   0.0000  0.0000  1.0000  1
1587:   0.0311  0.0000  0.9689  1
1588:   0.0043  0.0000  0.9957  1
1589:   0.0599  0.0000  0.9401  1
1590:   0.0000  0.0000  1.0000  1
1591:   0.0063  0.0000  0.9937  1
1592:   0.0344  0.0000  0.9656  1
1593:   0.0016  0.0000  0.9984  1
1594:   0.1075  0.0000  0.8925  1
1595:   0.0176  0.0000  0.9824  1
1596:   0.0288  0.0000  0.9712  1
1597:   0.0914  0.0000  0.9086  1
1598:   0.0259  0.0000  0.9741  1
1599:   0.0793  0.0000  0.9207  1
1600:   0.1241  0.0000  0.8759  1
1601:   0.0820  0.0000  0.9180  1
1602:   0.1084  0.0000  0.8916  1
1603:   0.0544  0.0000  0.9456  1
1604:   0.1095  0.0000  0.8905  1
1605:   0.0604  0.0000  0.9396  1
1606:   0.1779  0.0077  0.8144  1
1607:   0.1447  0.0017  0.8535  1
1608:   0.1154  0.0007  0.8839  1
1609:   0.1265  0.0000  0.8735  1
1610:   0.1185  0.0000  0.8815  1
1611:   0.1021  0.0000  0.8979  1
1612:   0.1193  0.0000  0.8807  1
1613:   0.0507  0.0000  0.9493  1
1614:   0.0704  0.0000  0.9296  1
1615:   0.1665  0.0000  0.8335  1
1616:   0.0786  0.0000  0.9214  1
1617:   0.3677  0.0000  0.6323  1
1618:   0.3751  0.0000  0.6249  1
1619:   0.3651  0.0012  0.6337  1
1620:   0.3795  0.0000  0.6205  1
1621:   0.3793  0.0000  0.6207  1
1622:   0.3744  0.0000  0.6256  1
1623:   0.3815  0.0000  0.6185  1
1624:   0.1395  0.0000  0.8605  1
1625:   0.1309  0.0000  0.8691  1
1626:   0.1193  0.0000  0.8807  1
1627:   0.0756  0.0000  0.9244  1
1628:   0.0891  0.0000  0.9109  1
1629:   0.1114  0.0000  0.8886  1
1630:   0.0401  0.0000  0.9599  1
1631:   0.2724  0.0000  0.7276  1
1632:   0.0725  0.0000  0.9275  1
1633:   0.0591  0.0000  0.9409  1
1634:   0.0918  0.0000  0.9082  1
1635:   0.0736  0.0000  0.9264  1
1636:   0.0210  0.0000  0.9790  1
1637:   0.0302  0.0000  0.9698  1
1638:   0.0203  0.0000  0.9797  1
1639:   0.3666  0.0000  0.6334  1
1640:   0.3599  0.0000  0.6401  1
1641:   0.0311  0.0000  0.9689  1
1642:   0.0349  0.0000  0.9651  1
1643:   0.3625  0.0000  0.6375  1
1644:   0.3642  0.0000  0.6358  1
1645:   0.3688  0.0000  0.6312  1
1646:   0.3793  0.0015  0.6191  1
1647:   0.0293  0.0000  0.9707  1
1648:   0.0103  0.0000  0.9897  1
1649:   0.0249  0.0000  0.9751  1
1650:   0.0512  0.0000  0.9488  1
1651:   0.3786  0.0000  0.6214  1
1652:   0.0153  0.0000  0.9847  1
1653:   0.0000  0.0000  1.0000  1
1654:   0.0973  0.0000  0.9027  1
1655:   0.1340  0.0000  0.8660  1
1656:   0.0496  0.0000  0.9504  1
1657:   0.0583  0.0000  0.9417  1
1658:   0.2124  0.0000  0.7876  1
1659:   0.0407  0.0003  0.9591  1
1660:   0.0750  0.0000  0.9250  1
1661:   0.0508  0.0000  0.9492  1
1662:   0.1772  0.0000  0.8228  1
1663:   0.0668  0.0000  0.9332  1
1664:   0.0859  0.0000  0.9141  1
1665:   0.0455  0.0000  0.9545  1
1666:   0.1301  0.0000  0.8699  1
1667:   0.0965  0.0000  0.9035  1
1668:   0.1240  0.0000  0.8760  1
1669:   0.1076  0.0000  0.8924  1
1670:   0.0629  0.0000  0.9371  1
1671:   0.0503  0.0000  0.9497  1
1672:   0.0599  0.0000  0.9401  1
1673:   0.0504  0.0000  0.9496  1
1674:   0.0715  0.0000  0.9285  1
1675:   0.0756  0.0000  0.9244  1
1676:   0.3743  0.0000  0.6257  1
1677:   0.3322  0.0000  0.6678  1
1678:   0.3658  0.0000  0.6342  1
1679:   0.3567  0.0000  0.6433  1
1680:   0.3842  0.0000  0.6158  1
1681:   0.2487  0.0000  0.7513  1
1682:   0.0274  0.0000  0.9726  1
1683:   0.0014  0.0000  0.9986  1
1684:   0.0307  0.0000  0.9693  1
1685:   0.0327  0.0000  0.9673  1
1686:   0.3599  0.0000  0.6401  1
1687:   0.3773  0.0000  0.6227  1
1688:   0.3724  0.0000  0.6276  1
1689:   0.3792  0.0000  0.6208  1
1690:   0.3706  0.0000  0.6294  1
1691:   0.3651  0.0000  0.6349  1
1692:   0.3696  0.0000  0.6304  1
1693:   0.0713  0.0000  0.9287  1
1694:   0.0933  0.0000  0.9067  1
1695:   0.0753  0.0000  0.9247  1
1696:   0.0715  0.0000  0.9285  1
1697:   0.1180  0.0006  0.8814  1
1698:   0.0185  0.0000  0.9815  1
1699:   0.1292  0.0000  0.8708  1
1700:   0.0309  0.0000  0.9691  1
1701:   0.0982  0.0000  0.9018  1
1702:   0.3641  0.0000  0.6359  1
1703:   0.3588  0.0000  0.6412  1
1704:   0.3753  0.0000  0.6247  1
1705:   0.3574  0.0000  0.6426  1
1706:   0.0682  0.0000  0.9318  1
1707:   0.0888  0.0002  0.9110  1
1708:   0.1387  0.0000  0.8613  1
1709:   0.0577  0.0000  0.9423  1
1710:   0.0715  0.0000  0.9285  1
1711:   0.1096  0.0000  0.8904  1
1712:   0.0967  0.0000  0.9033  1
1713:   0.1043  0.0000  0.8957  1
1714:   0.0998  0.0000  0.9002  1
1715:   0.0935  0.0000  0.9065  1
1716:   0.0614  0.0000  0.9386  1
1717:   0.0899  0.0000  0.9101  1
1718:   0.3575  0.0000  0.6425  1
1719:   0.3693  0.0000  0.6307  1
1720:   0.0510  0.0000  0.9490  1
1721:   0.3641  0.0000  0.6359  1
1722:   0.3242  0.0000  0.6758  1
1723:   0.0375  0.0000  0.9625  1
1724:   0.0130  0.0000  0.9870  1
1725:   0.0324  0.0000  0.9676  1
1726:   0.0366  0.0000  0.9634  1
1727:   0.0160  0.0000  0.9840  1
1728:   0.0426  0.0000  0.9574  1
1729:   0.0110  0.0000  0.9890  1
1730:   0.0430  0.0000  0.9570  1
1731:   0.0351  0.0000  0.9649  1
1732:   0.0353  0.0000  0.9647  1
1733:   0.0018  0.0000  0.9982  1
1734:   0.0007  0.0000  0.9993  1
1735:   0.0000  0.0000  1.0000  1
1736:   0.0745  0.0407  0.8848  1
1737:   0.0105  0.0000  0.9895  1
1738:   0.0443  0.0000  0.9557  1
1739:   0.0003  0.0000  0.9997  1
1740:   0.0132  0.0000  0.9868  1
1741:   0.0001  0.0000  0.9999  1
1742:   0.0407  0.0000  0.9593  1
1743:   0.3682  0.0000  0.6318  1
1744:   0.3582  0.0000  0.6418  1
1745:   0.3789  0.0000  0.6211  1
1746:   0.3729  0.0000  0.6271  1
1747:   0.3715  0.0000  0.6285  1
1748:   0.3764  0.0000  0.6236  1
1749:   0.3761  0.0000  0.6239  1
1750:   0.3710  0.0000  0.6290  1
1751:   0.3803  0.0000  0.6197  1
1752:   0.3794  0.0000  0.6206  1
1753:   0.0249  0.0000  0.9751  1
1754:   0.0104  0.0000  0.9896  1
1755:   0.0214  0.0000  0.9786  1
1756:   0.0543  0.0000  0.9457  1
1757:   0.0363  0.0000  0.9637  1
1758:   0.0440  0.0000  0.9560  1
1759:   0.0545  0.0000  0.9455  1
1760:   0.0170  0.0000  0.9830  1
1761:   0.0213  0.0000  0.9787  1
1762:   0.0505  0.0000  0.9495  1
1763:   0.3000  0.0000  0.7000  1
1764:   0.0485  0.0000  0.9515  1
1765:   0.0740  0.0000  0.9260  1
1766:   0.0419  0.0000  0.9581  1
1767:   0.1036  0.0000  0.8964  1
1768:   0.0931  0.0000  0.9069  1
1769:   0.1037  0.0000  0.8963  1
1770:   0.0871  0.0000  0.9129  1
1771:   0.0582  0.0000  0.9418  1
1772:   0.1352  0.0000  0.8648  1
1773:   0.0504  0.0000  0.9496  1
1774:   0.3728  0.0000  0.6272  1
1775:   0.3738  0.0000  0.6262  1
1776:   0.3742  0.0000  0.6258  1
1777:   0.3771  0.0000  0.6229  1
1778:   0.3651  0.0000  0.6349  1
1779:   0.3782  0.0000  0.6218  1
1780:   0.3737  0.0000  0.6263  1
1781:   0.3690  0.0000  0.6310  1
1782:   0.3778  0.0000  0.6222  1
1783:   0.3856  0.0000  0.6144  1
1784:   0.0968  0.0000  0.9032  1
1785:   0.2120  0.0000  0.7880  1
1786:   0.0540  0.0000  0.9460  1
1787:   0.0983  0.0000  0.9017  1
1788:   0.3000  0.0000  0.7000  1
1789:   0.1449  0.0053  0.8498  1
1790:   0.3639  0.0000  0.6361  1
1791:   0.3684  0.0000  0.6316  1
1792:   0.2303  0.0000  0.7697  1
1793:   0.2197  0.0000  0.7803  1
1794:   0.3580  0.0000  0.6420  1
1795:   0.3606  0.0000  0.6394  1
1796:   0.1762  0.0000  0.8238  1
1797:   0.1636  0.0000  0.8364  1
1798:   0.3592  0.0000  0.6408  1
1799:   0.3392  0.0000  0.6608  1
1800:   0.1879  0.0000  0.8121  1
1801:   0.1947  0.0000  0.8053  1
1802:   0.0336  0.0000  0.9664  1
1803:   0.3006  0.0000  0.6994  1
1804:   0.0788  0.0000  0.9212  1
1805:   0.0739  0.0000  0.9261  1
1806:   0.0875  0.0000  0.9125  1
1807:   0.0556  0.0000  0.9444  1
1808:   0.0761  0.0000  0.9239  1
1809:   0.0822  0.0000  0.9178  1
1810:   0.0756  0.0000  0.9244  1
1811:   0.0725  0.0000  0.9275  1
1812:   0.1037  0.0000  0.8963  1
1813:   0.0509  0.0000  0.9491  1
1814:   0.3748  0.0000  0.6252  1
1815:   0.3682  0.0000  0.6318  1
1816:   0.3671  0.0000  0.6329  1
1817:   0.3726  0.0000  0.6274  1
1818:   0.3720  0.0000  0.6280  1
1819:   0.3627  0.0000  0.6373  1
1820:   0.3704  0.0000  0.6296  1
1821:   0.3669  0.0000  0.6331  1
1822:   0.3726  0.0000  0.6274  1
1823:   0.0395  0.0000  0.9605  1
1824:   0.0273  0.0000  0.9727  1
1825:   0.0067  0.0000  0.9933  1
1826:   0.0823  0.0000  0.9177  1
1827:   0.0835  0.0000  0.9165  1
1828:   0.0677  0.0000  0.9323  1
1829:   0.3766  0.0000  0.6234  1
1830:   0.3685  0.0000  0.6315  1
1831:   0.3653  0.0000  0.6347  1
1832:   0.3738  0.0000  0.6262  1
1833:   0.3733  0.0000  0.6267  1
1834:   0.3663  0.0000  0.6337  1
1835:   0.0717  0.0000  0.9283  1
1836:   0.0899  0.0000  0.9101  1
1837:   0.0754  0.0000  0.9246  1
1838:   0.0413  0.0000  0.9587  1
1839:   0.1042  0.0002  0.8956  1
1840:   0.0679  0.0000  0.9321  1
1841:   0.0931  0.0000  0.9069  1
1842:   0.0573  0.0000  0.9427  1
1843:   0.2121  0.0029  0.7850  1
1844:   0.2787  0.0000  0.7213  1
1845:   0.2210  0.0000  0.7790  1
1846:   0.1989  0.0000  0.8011  1
1847:   0.0332  0.0000  0.9668  1
1848:   0.0400  0.0000  0.9600  1
1849:   0.0118  0.0000  0.9882  1
1850:   0.0040  0.0000  0.9960  1
1851:   0.0549  0.0000  0.9451  1
1852:   0.0090  0.0000  0.9910  1
1853:   0.0182  0.0000  0.9818  1
1854:   0.0154  0.0000  0.9846  1
1855:   0.0115  0.0000  0.9885  1
1856:   0.0168  0.0000  0.9832  1
1857:   0.0111  0.0000  0.9889  1
1858:   0.0014  0.0000  0.9986  1
1859:   0.0157  0.0000  0.9843  1
1860:   0.0347  0.0000  0.9653  1
1861:   0.0207  0.0000  0.9793  1
1862:   0.0081  0.0000  0.9919  1
1863:   0.0214  0.0000  0.9786  1
1864:   0.0012  0.0000  0.9988  1
1865:   0.0006  0.0000  0.9994  1
1866:   0.2554  0.0000  0.7446  1
1867:   0.1774  0.0000  0.8226  1
1868:   0.2806  0.0000  0.7194  1
1869:   0.2881  0.0000  0.7119  1
1870:   0.2563  0.0000  0.7437  1
1871:   0.1976  0.0000  0.8024  1
1872:   0.2555  0.0000  0.7445  1
1873:   0.2721  0.0000  0.7279  1
1874:   0.1699  0.0000  0.8301  1
1875:   0.0284  0.0000  0.9716  1
1876:   0.0292  0.0000  0.9708  1
1877:   0.3669  0.0000  0.6331  1
1878:   0.3874  0.0000  0.6126  1
1879:   0.3767  0.0000  0.6233  1
1880:   0.3726  0.0000  0.6274  1
1881:   0.3719  0.0000  0.6281  1
1882:   0.3722  0.0000  0.6278  1
1883:   0.0316  0.0000  0.9684  1
1884:   0.0134  0.0000  0.9866  1
1885:   0.0299  0.0000  0.9701  1
1886:   0.0306  0.0000  0.9694  1
1887:   0.0446  0.0000  0.9554  1
1888:   0.0286  0.0000  0.9714  1
1889:   0.0013  0.0000  0.9987  1
1890:   0.0804  0.0000  0.9196  1
1891:   0.0319  0.0000  0.9681  1
1892:   0.0002  0.0000  0.9998  1
1893:   0.3786  0.0000  0.6214  1
1894:   0.3701  0.0004  0.6295  1
1895:   0.0894  0.0000  0.9106  1
1896:   0.1792  0.0000  0.8208  1
1897:   0.0488  0.0000  0.9512  1
1898:   0.0941  0.0000  0.9059  1
1899:   0.0959  0.0000  0.9041  1
1900:   0.3668  0.0000  0.6332  1
1901:   0.0471  0.0000  0.9529  1
1902:   0.1582  0.0000  0.8418  1
1903:   0.0086  0.0000  0.9914  1
1904:   0.0280  0.0005  0.9715  1
1905:   0.3605  0.0000  0.6395  1
1906:   0.3708  0.0000  0.6292  1
1907:   0.3804  0.0000  0.6196  1
1908:   0.3747  0.0000  0.6253  1
1909:   0.3735  0.0000  0.6265  1
1910:   0.3753  0.0000  0.6247  1
1911:   0.3685  0.0000  0.6315  1
1912:   0.3000  0.0000  0.7000  1
1913:   0.3000  0.0000  0.7000  1
1914:   0.3000  0.0000  0.7000  1
1915:   0.3004  0.0000  0.6996  1
1916:   0.3012  0.0010  0.6978  1
1917:   0.3105  0.0350  0.6545  1
1918:   0.3104  0.0166  0.6731  1
1919:   0.3050  0.0079  0.6871  1
1920:   0.3019  0.0033  0.6948  1
1921:   0.3000  0.0000  0.7000  1
1922:   0.3638  0.0000  0.6362  1
1923:   0.3538  0.0000  0.6462  1
1924:   0.3485  0.0000  0.6515  1
1925:   0.3289  0.0000  0.6711  1
1926:   0.3484  0.0000  0.6516  1
1927:   0.3405  0.0000  0.6595  1
1928:   0.2925  0.0000  0.7075  1
1929:   0.1831  0.0000  0.8169  1
1930:   0.0450  0.0000  0.9550  1
1931:   0.1383  0.0000  0.8617  1
1932:   0.0879  0.0000  0.9121  1
1933:   0.0602  0.0000  0.9398  1
1934:   0.1140  0.0000  0.8860  1
1935:   0.1148  0.0000  0.8852  1
1936:   0.1023  0.0000  0.8977  1
1937:   0.3669  0.0000  0.6331  1
1938:   0.3703  0.0000  0.6297  1
1939:   0.3747  0.0000  0.6253  1
1940:   0.3780  0.0000  0.6220  1
1941:   0.3628  0.0000  0.6372  1
1942:   0.3569  0.0000  0.6431  1
1943:   0.3714  0.0000  0.6286  1
1944:   0.3750  0.0000  0.6250  1
1945:   0.3642  0.0000  0.6358  1
1946:   0.3770  0.0000  0.6230  1
1947:   0.3770  0.0000  0.6230  1
1948:   0.3646  0.0000  0.6354  1
1949:   0.3602  0.0000  0.6398  1
1950:   0.3645  0.0000  0.6355  1
1951:   0.3626  0.0000  0.6374  1
1952:   0.3817  0.0000  0.6183  1
1953:   0.3159  0.0000  0.6841  1
1954:   0.3612  0.0000  0.6388  1
1955:   0.3642  0.0000  0.6358  1
1956:   0.3736  0.0000  0.6264  1
1957:   0.3642  0.0000  0.6358  1
1958:   0.3710  0.0000  0.6290  1
1959:   0.1309  0.0000  0.8691  1
1960:   0.1266  0.0000  0.8734  1
1961:   0.1587  0.0000  0.8413  1
1962:   0.1988  0.0000  0.8012  1
1963:   0.1592  0.0000  0.8408  1
1964:   0.1255  0.0000  0.8745  1
1965:   0.2306  0.0000  0.7694  1
1966:   0.1335  0.0000  0.8665  1
1967:   0.2379  0.0000  0.7621  1
1968:   0.2278  0.0000  0.7722  1
1969:   0.3837  0.0000  0.6163  1
1970:   0.3801  0.0000  0.6199  1
1971:   0.3806  0.0000  0.6194  1
1972:   0.0137  0.0000  0.9863  1
1973:   0.0147  0.0000  0.9853  1
1974:   0.0022  0.0000  0.9978  1
1975:   0.0119  0.0000  0.9881  1
1976:   0.0133  0.0000  0.9867  1
1977:   0.0409  0.0000  0.9591  1
1978:   0.0199  0.0000  0.9801  1
1979:   0.0664  0.0214  0.9122  1
1980:   0.0037  0.0000  0.9963  1
1981:   0.0231  0.0000  0.9769  1
1982:   0.1250  0.0000  0.8750  1
1983:   0.1603  0.0000  0.8397  1
1984:   0.2037  0.0000  0.7963  1
1985:   0.2013  0.0000  0.7987  1
1986:   0.1965  0.0000  0.8035  1
1987:   0.2526  0.0000  0.7474  1
1988:   0.2465  0.0000  0.7535  1
1989:   0.3000  0.0000  0.7000  1
1990:   0.3000  0.0000  0.7000  1
1991:   0.3000  0.0000  0.7000  1
1992:   0.3000  0.0000  0.7000  1
1993:   0.3005  0.0022  0.6974  1
1994:   0.3000  0.0000  0.7000  1
1995:   0.3789  0.0000  0.6211  1
1996:   0.0003  0.0000  0.9997  1
1997:   0.0023  0.0000  0.9977  1
1998:   0.0171  0.0000  0.9829  1
1999:   0.0000  0.0000  1.0000  1
2000:   0.0003  0.0000  0.9997  1
2001:   0.0189  0.0000  0.9811  1
2002:   0.0114  0.0000  0.9886  1
2003:   0.1781  0.0000  0.8219  1
2004:   0.0945  0.0000  0.9055  1
2005:   0.0750  0.0000  0.9250  1
2006:   0.0971  0.0000  0.9029  1
2007:   0.0798  0.0000  0.9202  1
2008:   0.1089  0.0000  0.8911  1
2009:   0.0839  0.0000  0.9161  1
2010:   0.0492  0.0000  0.9508  1
2011:   0.2886  0.0000  0.7114  1
2012:   0.3685  0.0000  0.6315  1
2013:   0.3709  0.0000  0.6291  1
2014:   0.3008  0.0006  0.6987  1
2015:   0.3025  0.0080  0.6894  1
2016:   0.3056  0.0099  0.6845  1
2017:   0.3040  0.0052  0.6908  1
2018:   0.3000  0.0000  0.7000  1
2019:   0.3000  0.0000  0.7000  1
2020:   0.0172  0.0000  0.9828  1
2021:   0.0268  0.0000  0.9732  1
2022:   0.0899  0.0000  0.9101  1
2023:   0.3007  0.0007  0.6986  1
2024:   0.3007  0.0001  0.6992  1
2025:   0.3000  0.0000  0.7000  1
2026:   0.3000  0.0000  0.7000  1
2027:   0.3000  0.0000  0.7000  1
2028:   0.3694  0.0000  0.6306  1
2029:   0.1025  0.0000  0.8975  1
2030:   0.0727  0.0000  0.9273  1
2031:   0.0759  0.0000  0.9241  1
2032:   0.1184  0.0000  0.8816  1
2033:   0.1118  0.0000  0.8882  1
2034:   0.0545  0.0000  0.9455  1
2035:   0.1074  0.0000  0.8926  1
2036:   0.1259  0.0000  0.8741  1
2037:   0.0850  0.0000  0.9150  1
2038:   0.3003  0.0000  0.6997  1
2039:   0.3026  0.0000  0.6974  1
2040:   0.0366  0.0000  0.9634  1
2041:   0.3284  0.0000  0.6716  1
2042:   0.2860  0.0000  0.7140  1
2043:   0.1758  0.0000  0.8242  1
2044:   0.1776  0.0577  0.7647  1
2045:   0.0871  0.0000  0.9129  1
2046:   0.0920  0.0000  0.9080  1
2047:   0.1007  0.0000  0.8993  1
2048:   0.1083  0.0000  0.8917  1
2049:   0.0279  0.0000  0.9721  1
2050:   0.0819  0.0000  0.9181  1
2051:   0.1392  0.0000  0.8608  1
2052:   0.0877  0.0000  0.9123  1
2053:   0.1105  0.0000  0.8895  1
2054:   0.1145  0.0000  0.8855  1
2055:   0.0346  0.0000  0.9654  1
2056:   0.3772  0.0000  0.6228  1
2057:   0.3696  0.0000  0.6304  1
2058:   0.3742  0.0000  0.6258  1
2059:   0.3782  0.0000  0.6218  1
2060:   0.3682  0.0000  0.6318  1
2061:   0.3587  0.0000  0.6413  1
2062:   0.3646  0.0000  0.6354  1
2063:   0.3616  0.0000  0.6384  1
2064:   0.3558  0.0000  0.6442  1
2065:   0.3619  0.0000  0.6381  1
2066:   0.3616  0.0000  0.6384  1
2067:   0.3710  0.0000  0.6290  1
2068:   0.3609  0.0000  0.6391  1
2069:   0.3557  0.0000  0.6443  1
2070:   0.0048  0.0000  0.9952  1
2071:   0.0115  0.0000  0.9885  1
2072:   0.0485  0.0000  0.9515  1
2073:   0.0410  0.0000  0.9590  1
2074:   0.0918  0.0000  0.9082  1
2075:   0.0335  0.0000  0.9665  1
2076:   0.0195  0.0000  0.9805  1
2077:   0.3512  0.0000  0.6488  1
2078:   0.3374  0.0000  0.6626  1
2079:   0.3620  0.0000  0.6380  1
2080:   0.2909  0.0000  0.7091  1
2081:   0.2965  0.0000  0.7035  1
2082:   0.2827  0.0000  0.7173  1
2083:   0.3612  0.0003  0.6385  1
2084:   0.3357  0.0000  0.6643  1
2085:   0.2258  0.0000  0.7742  1
2086:   0.2606  0.0000  0.7394  1
2087:   0.2368  0.0000  0.7632  1
2088:   0.2325  0.0022  0.7653  1
2089:   0.2056  0.0000  0.7944  1
2090:   0.2381  0.0000  0.7619  1
2091:   0.3612  0.0000  0.6388  1
2092:   0.1830  0.0000  0.8170  1
2093:   0.3655  0.0000  0.6345  1
2094:   0.3799  0.0000  0.6201  1
2095:   0.2413  0.0000  0.7587  1
2096:   0.2741  0.0000  0.7259  1
2097:   0.3005  0.0001  0.6995  1
2098:   0.3039  0.0050  0.6910  1
2099:   0.3004  0.0000  0.6996  1
2100:   0.3000  0.0000  0.7000  1
2101:   0.3002  0.0010  0.6988  1
2102:   0.0522  0.0000  0.9478  1
2103:   0.3000  0.0000  0.7000  1
2104:   0.0552  0.0000  0.9448  1
2105:   0.0777  0.0000  0.9223  1
2106:   0.0561  0.0000  0.9439  1
2107:   0.0575  0.0000  0.9425  1
2108:   0.0767  0.0000  0.9233  1
2109:   0.1319  0.0000  0.8681  1
2110:   0.0610  0.0000  0.9390  1
2111:   0.0331  0.0000  0.9669  1
2112:   0.0685  0.0000  0.9315  1
2113:   0.0462  0.0000  0.9538  1
2114:   0.2627  0.0000  0.7373  1
2115:   0.3790  0.0000  0.6210  1
2116:   0.3000  0.0000  0.7000  1
2117:   0.3019  0.0000  0.6981  1
2118:   0.3090  0.0000  0.6910  1
2119:   0.3000  0.0000  0.7000  1
2120:   0.3071  0.0000  0.6929  1
2121:   0.3112  0.0000  0.6888  1
2122:   0.3827  0.0000  0.6173  1
2123:   0.3659  0.0000  0.6340  1
2124:   0.3828  0.0000  0.6172  1
2125:   0.3611  0.0000  0.6389  1
2126:   0.3767  0.0000  0.6233  1
2127:   0.3557  0.0000  0.6443  1
2128:   0.3685  0.0000  0.6315  1
2129:   0.3708  0.0000  0.6292  1
2130:   0.3565  0.0000  0.6435  1
2131:   0.3822  0.0000  0.6178  1
2132:   0.3613  0.0000  0.6387  1
2133:   0.0147  0.0000  0.9853  1
2134:   0.0084  0.0000  0.9916  1
2135:   0.1069  0.0399  0.8532  1
2136:   0.0243  0.0000  0.9757  1
2137:   0.0219  0.0000  0.9781  1
2138:   0.0376  0.0000  0.9624  1
2139:   0.0225  0.0000  0.9775  1
2140:   0.3807  0.0002  0.6191  1
2141:   0.3868  0.0000  0.6132  1
2142:   0.3764  0.0000  0.6236  1
2143:   0.3547  0.0000  0.6453  1
2144:   0.3570  0.0000  0.6430  1
2145:   0.3743  0.0000  0.6257  1
2146:   0.3754  0.0000  0.6246  1
2147:   0.0758  0.0000  0.9242  1
2148:   0.3341  0.0000  0.6659  1
2149:   0.3608  0.0000  0.6392  1
2150:   0.2683  0.0000  0.7317  1
2151:   0.1823  0.0000  0.8177  1
2152:   0.1979  0.0000  0.8021  1
2153:   0.3099  0.0000  0.6901  1
2154:   0.3000  0.0000  0.7000  1
2155:   0.3027  0.0000  0.6973  1
2156:   0.3410  0.0000  0.6590  1
2157:   0.3006  0.0000  0.6994  1
2158:   0.1175  0.0000  0.8825  1
2159:   0.2864  0.0000  0.7136  1
2160:   0.0280  0.0000  0.9720  1
2161:   0.3005  0.0001  0.6994  1
2162:   0.0426  0.0000  0.9574  1
2163:   0.0174  0.0000  0.9826  1
2164:   0.0368  0.0000  0.9632  1
2165:   0.3366  0.0000  0.6634  1
2166:   0.2696  0.0000  0.7304  1
2167:   0.0591  0.0000  0.9409  1
2168:   0.2189  0.0000  0.7811  1
2169:   0.2368  0.0000  0.7632  1
2170:   0.1957  0.0000  0.8043  1
2171:   0.2164  0.0000  0.7836  1
2172:   0.3015  0.0000  0.6985  1
2173:   0.3061  0.0000  0.6939  1
2174:   0.0977  0.0000  0.9023  1
2175:   0.0736  0.0000  0.9264  1
2176:   0.0565  0.0000  0.9435  1
2177:   0.0914  0.0000  0.9086  1
2178:   0.1323  0.0000  0.8677  1
2179:   0.1076  0.0000  0.8924  1
2180:   0.0566  0.0000  0.9434  1
2181:   0.0542  0.0000  0.9458  1
2182:   0.3004  0.0000  0.6996  1
2183:   0.0493  0.0000  0.9507  1
2184:   0.0010  0.0006  0.9984  1
2185:   0.0067  0.0000  0.9933  1
2186:   0.0484  0.0000  0.9516  1
2187:   0.0528  0.0000  0.9472  1
2188:   0.0167  0.0000  0.9833  1
2189:   0.0017  0.0000  0.9983  1
2190:   0.3085  0.0000  0.6915  1
2191:   0.0572  0.0000  0.9428  1
2192:   0.0623  0.0000  0.9377  1
2193:   0.3000  0.0000  0.7000  1
2194:   0.3002  0.0000  0.6998  1
2195:   0.3029  0.0000  0.6971  1
2196:   0.3008  0.0001  0.6991  1
2197:   0.0392  0.0000  0.9608  1
2198:   0.0284  0.0000  0.9716  1
2199:   0.0712  0.0000  0.9288  1
2200:   0.0418  0.0004  0.9579  1
2201:   0.0350  0.0000  0.9650  1
2202:   0.1847  0.0000  0.8153  1
2203:   0.3492  0.0000  0.6508  1
2204:   0.2728  0.0000  0.7272  1
2205:   0.1057  0.0000  0.8943  1
2206:   0.1727  0.0000  0.8273  1
2207:   0.2729  0.0000  0.7271  1
2208:   0.3371  0.0000  0.6629  1
2209:   0.1342  0.0000  0.8658  1
2210:   0.0473  0.0000  0.9527  1
2211:   0.0344  0.0000  0.9656  1
2212:   0.3114  0.0000  0.6886  1
2213:   0.2910  0.0000  0.7090  1
2214:   0.3517  0.0000  0.6483  1
2215:   0.3034  0.0000  0.6966  1
2216:   0.3007  0.0000  0.6993  1
2217:   0.1573  0.0000  0.8427  1
2218:   0.3000  0.0000  0.7000  1
2219:   0.0359  0.0000  0.9641  1
2220:   0.3099  0.0000  0.6901  1
2221:   0.3097  0.0000  0.6903  1
2222:   0.1415  0.0000  0.8585  1
2223:   0.0414  0.0000  0.9586  1
2224:   0.3328  0.0000  0.6672  1
2225:   0.0767  0.0000  0.9233  1
2226:   0.0712  0.0000  0.9288  1
2227:   0.0484  0.0000  0.9516  1
2228:   0.0567  0.0000  0.9433  1
2229:   0.2883  0.0000  0.7117  1
2230:   0.0030  0.0000  0.9970  1
2231:   0.0114  0.0000  0.9886  1
2232:   0.0471  0.0000  0.9529  1
2233:   0.0000  0.0000  1.0000  1
2234:   0.0082  0.0000  0.9918  1
2235:   0.0007  0.0004  0.9990  1
2236:   0.0075  0.0000  0.9925  1
2237:   0.0139  0.0000  0.9861  1
2238:   0.0000  0.0000  1.0000  1
2239:   0.0336  0.0000  0.9664  1
2240:   0.0744  0.0000  0.9256  1
2241:   0.0593  0.0005  0.9402  1
2242:   0.3247  0.0002  0.6751  1
2243:   0.3087  0.0000  0.6913  1
2244:   0.0182  0.0000  0.9818  1
2245:   0.0348  0.0000  0.9652  1
2246:   0.0336  0.0169  0.9495  1
2247:   0.1461  0.0003  0.8536  1
2248:   0.0014  0.0000  0.9986  1
2249:   0.0019  0.0000  0.9981  1
2250:   0.2807  0.0000  0.7193  1
2251:   0.2923  0.0000  0.7077  1
2252:   0.3466  0.0000  0.6534  1
2253:   0.2537  0.0000  0.7463  1
2254:   0.3026  0.0000  0.6974  1
2255:   0.3005  0.0000  0.6995  1
2256:   0.0432  0.0000  0.9568  1
2257:   0.0156  0.0136  0.9708  1
2258:   0.0192  0.0000  0.9808  1
2259:   0.3007  0.0000  0.6993  1
2260:   0.2453  0.0000  0.7547  1
2261:   0.0022  0.0000  0.9978  1
2262:   0.0248  0.0000  0.9752  1
2263:   0.0444  0.0000  0.9556  1
2264:   0.0593  0.0000  0.9407  1
2265:   0.2341  0.0000  0.7659  1
2266:   0.2959  0.0000  0.7041  1
2267:   0.3351  0.0000  0.6649  1
2268:   0.2972  0.0000  0.7028  1
2269:   0.2832  0.0000  0.7168  1
2270:   0.3435  0.0000  0.6565  1
2271:   0.1007  0.0000  0.8993  1
2272:   0.0691  0.0000  0.9309  1
2273:   0.1270  0.0000  0.8730  1
2274:   0.0536  0.0000  0.9464  1
2275:   0.0888  0.0000  0.9112  1
2276:   0.0694  0.0000  0.9306  1
2277:   0.0953  0.0434  0.8613  1
2278:   0.1899  0.0000  0.8101  1
2279:   0.0218  0.0000  0.9782  1
2280:   0.3078  0.0000  0.6922  1
2281:   0.3000  0.0000  0.7000  1
2282:   0.3038  0.0000  0.6962  1
2283:   0.2828  0.0000  0.7172  1
2284:   0.3337  0.0000  0.6663  1
2285:   0.0148  0.0000  0.9852  1
2286:   0.2904  0.0000  0.7096  1
2287:   0.3117  0.0000  0.6883  1
2288:   0.3014  0.0000  0.6986  1
2289:   0.1568  0.0000  0.8432  1
2290:   0.3043  0.0000  0.6957  1
2291:   0.0271  0.0000  0.9729  1
2292:   0.0539  0.0000  0.9461  1
2293:   0.0396  0.0000  0.9604  1
2294:   0.0402  0.0000  0.9598  1
2295:   0.3636  0.0000  0.6364  1
2296:   0.2306  0.0000  0.7694  1
2297:   0.0492  0.0000  0.9508  1
2298:   0.0413  0.0000  0.9587  1
2299:   0.0592  0.0000  0.9408  1
2300:   0.0409  0.0000  0.9591  1
2301:   0.0846  0.0000  0.9154  1
2302:   0.0679  0.0016  0.9305  1
2303:   0.0663  0.0124  0.9213  1
2304:   0.0622  0.0000  0.9378  1
2305:   0.0670  0.0000  0.9330  1
2306:   0.2631  0.0000  0.7369  1
2307:   0.2768  0.0000  0.7232  1
2308:   0.3176  0.0000  0.6824  1
2309:   0.3059  0.0000  0.6941  1
2310:   0.2199  0.0000  0.7801  1
2311:   0.3234  0.0000  0.6766  1
2312:   0.0067  0.0001  0.9931  1
2313:   0.0108  0.0000  0.9892  1
2314:   0.0076  0.0058  0.9866  1
2315:   0.0379  0.0000  0.9621  1
2316:   0.2126  0.0000  0.7874  1
2317:   0.1623  0.0565  0.7813  1
2318:   0.0777  0.0180  0.9043  1
2319:   0.0786  0.0215  0.9000  1
2320:   0.2653  0.0000  0.7347  1
2321:   0.2258  0.0000  0.7742  1
2322:   0.2177  0.0000  0.7823  1
2323:   0.2757  0.0000  0.7243  1
2324:   0.0315  0.0000  0.9685  1
2325:   0.1579  0.0000  0.8421  1
2326:   0.1736  0.0000  0.8264  1
2327:   0.0104  0.0000  0.9896  1
2328:   0.0374  0.0000  0.9626  1
2329:   0.0517  0.0000  0.9483  1
2330:   0.0545  0.0000  0.9455  1
2331:   0.0819  0.0000  0.9181  1
2332:   0.0435  0.0000  0.9565  1
2333:   0.1290  0.0000  0.8710  1
2334:   0.3581  0.0000  0.6419  1
2335:   0.0612  0.0000  0.9388  1
2336:   0.3760  0.0000  0.6240  1
2337:   0.0950  0.0000  0.9050  1
2338:   0.1122  0.0000  0.8877  1
2339:   0.0475  0.0000  0.9525  1
2340:   0.0870  0.0000  0.9130  1
2341:   0.0930  0.0000  0.9070  1
2342:   0.0614  0.0000  0.9386  1
2343:   0.0705  0.0000  0.9295  1
2344:   0.0380  0.0000  0.9620  1
2345:   0.0240  0.0000  0.9760  1
2346:   0.0527  0.0000  0.9473  1
2347:   0.0803  0.0000  0.9197  1
2348:   0.3524  0.0000  0.6476  1
2349:   0.3705  0.0000  0.6295  1
2350:   0.3845  0.0000  0.6155  1
2351:   0.3665  0.0000  0.6335  1
2352:   0.3520  0.0000  0.6480  1
2353:   0.0998  0.0000  0.9002  1
2354:   0.1733  0.0000  0.8267  1
2355:   0.0908  0.0000  0.9092  1
2356:   0.1277  0.0000  0.8723  1
2357:   0.0537  0.0000  0.9463  1
2358:   0.3726  0.0000  0.6274  1
2359:   0.3649  0.0000  0.6351  1
2360:   0.1386  0.0000  0.8614  1
2361:   0.0562  0.0000  0.9438  1
2362:   0.1449  0.0004  0.8547  1
2363:   0.3605  0.0000  0.6395  1
2364:   0.1740  0.0000  0.8260  1
2365:   0.1577  0.0000  0.8423  1
2366:   0.2881  0.0000  0.7119  1
2367:   0.1054  0.0000  0.8946  1
2368:   0.1218  0.0000  0.8782  1
2369:   0.0806  0.0000  0.9194  1
2370:   0.0441  0.0000  0.9559  1
2371:   0.0481  0.0000  0.9519  1
2372:   0.0367  0.0000  0.9633  1
2373:   0.0416  0.0000  0.9584  1
2374:   0.0592  0.0000  0.9408  1
2375:   0.0562  0.0001  0.9438  1
2376:   0.0380  0.0000  0.9620  1
2377:   0.1750  0.0000  0.8250  1
2378:   0.1010  0.0000  0.8990  1
2379:   0.2090  0.0000  0.7910  1
2380:   0.2061  0.0245  0.7694  1
2381:   0.2158  0.0000  0.7842  1
2382:   0.1483  0.0000  0.8517  1
2383:   0.1418  0.0000  0.8582  1
2384:   0.1551  0.0000  0.8449  1
2385:   0.1400  0.0000  0.8600  1
2386:   0.0525  0.0000  0.9475  1
2387:   0.1997  0.0000  0.8003  1
2388:   0.1014  0.0000  0.8986  1
2389:   0.0638  0.0000  0.9362  1
2390:   0.0839  0.0000  0.9161  1
2391:   0.2933  0.0000  0.7067  1
2392:   0.1568  0.0000  0.8432  1
2393:   0.2987  0.0001  0.7012  1
2394:   0.3671  0.0000  0.6329  1
2395:   0.0592  0.0000  0.9408  1
2396:   0.0598  0.0000  0.9402  1
2397:   0.1038  0.0000  0.8962  1
2398:   0.0418  0.0000  0.9582  1
2399:   0.0512  0.0000  0.9488  1
2400:   0.0646  0.0000  0.9354  1
2401:   0.0711  0.0000  0.9289  1
2402:   0.0890  0.0000  0.9110  1
2403:   0.0112  0.0000  0.9888  1
2404:   0.0948  0.0000  0.9052  1
2405:   0.1763  0.0000  0.8237  1
2406:   0.1065  0.0000  0.8935  1
2407:   0.0845  0.0000  0.9155  1
2408:   0.1226  0.0000  0.8774  1
2409:   0.3777  0.0000  0.6223  1
2410:   0.3767  0.0000  0.6233  1
2411:   0.3753  0.0000  0.6247  1
2412:   0.0756  0.0000  0.9244  1
2413:   0.0739  0.0000  0.9261  1
2414:   0.1787  0.0003  0.8210  1
2415:   0.0701  0.0000  0.9299  1
2416:   0.0749  0.0000  0.9251  1
2417:   0.1722  0.0000  0.8278  1
2418:   0.1057  0.0000  0.8943  1
2419:   0.0459  0.0000  0.9541  1
2420:   0.0732  0.0000  0.9268  1
2421:   0.1553  0.0000  0.8447  1
2422:   0.0605  0.0000  0.9395  1
2423:   0.0868  0.0000  0.9132  1
2424:   0.1159  0.0000  0.8841  1
2425:   0.0880  0.0000  0.9120  1
2426:   0.0543  0.0000  0.9457  1
2427:   0.3762  0.0000  0.6238  1
2428:   0.3578  0.0000  0.6422  1
2429:   0.3778  0.0000  0.6222  1
2430:   0.0494  0.0000  0.9506  1
2431:   0.0706  0.0000  0.9294  1
2432:   0.0961  0.0000  0.9039  1
2433:   0.0935  0.0000  0.9065  1
2434:   0.0603  0.0000  0.9397  1
2435:   0.1645  0.0000  0.8355  1
2436:   0.3425  0.0000  0.6575  1
2437:   0.3215  0.0000  0.6785  1
2438:   0.3668  0.0000  0.6332  1
2439:   0.3701  0.0000  0.6299  1
2440:   0.1615  0.0000  0.8385  1
2441:   0.1008  0.0000  0.8992  1
2442:   0.0932  0.0000  0.9068  1
2443:   0.0701  0.0000  0.9299  1
2444:   0.0878  0.0000  0.9122  1
2445:   0.0690  0.0001  0.9309  1
2446:   0.1526  0.0000  0.8474  1
2447:   0.0867  0.0000  0.9133  1
2448:   0.0301  0.0000  0.9699  1
2449:   0.0393  0.0000  0.9607  1
2450:   0.0662  0.0000  0.9338  1
2451:   0.0862  0.0000  0.9138  1
2452:   0.0515  0.0000  0.9485  1
2453:   0.0341  0.0000  0.9659  1
2454:   0.0516  0.0000  0.9484  1
2455:   0.0970  0.0000  0.9030  1
2456:   0.0560  0.0000  0.9440  1
2457:   0.1257  0.0000  0.8743  1
2458:   0.3718  0.0000  0.6282  1
2459:   0.3613  0.0000  0.6387  1
2460:   0.3626  0.0000  0.6374  1
2461:   0.1456  0.0000  0.8544  1
2462:   0.0533  0.0000  0.9467  1
2463:   0.0897  0.0000  0.9103  1
2464:   0.0827  0.0000  0.9173  1
2465:   0.0507  0.0000  0.9493  1
2466:   0.0512  0.0000  0.9488  1
2467:   0.0605  0.0000  0.9395  1
2468:   0.0540  0.0000  0.9460  1
2469:   0.0558  0.0000  0.9442  1
2470:   0.0860  0.0000  0.9140  1
2471:   0.0203  0.0000  0.9797  1
2472:   0.0318  0.0000  0.9682  1
2473:   0.0463  0.0001  0.9536  1
2474:   0.0704  0.0001  0.9295  1
2475:   0.0733  0.0000  0.9267  1
2476:   0.0474  0.0000  0.9526  1
2477:   0.1342  0.0000  0.8658  1
2478:   0.1845  0.0000  0.8155  1
2479:   0.0677  0.0000  0.9323  1
2480:   0.1425  0.0000  0.8575  1
2481:   0.0720  0.0000  0.9280  1
2482:   0.0800  0.0000  0.9200  1
2483:   0.0805  0.0000  0.9195  1
2484:   0.0812  0.0000  0.9188  1
2485:   0.1603  0.0000  0.8397  1
2486:   0.0737  0.0000  0.9263  1
2487:   0.0675  0.0000  0.9325  1
2488:   0.3201  0.0000  0.6799  1
2489:   0.3251  0.0000  0.6749  1
2490:   0.3481  0.0000  0.6519  1
2491:   0.3564  0.0000  0.6436  1
2492:   0.1011  0.0000  0.8989  1
2493:   0.0837  0.0000  0.9163  1
2494:   0.0578  0.0000  0.9422  1
2495:   0.1098  0.0000  0.8902  1
2496:   0.0899  0.0000  0.9101  1
2497:   0.1380  0.0000  0.8620  1
2498:   0.1423  0.0000  0.8577  1
2499:   0.1350  0.0000  0.8650  1
2500:   0.0907  0.0000  0.9093  1
2501:   0.0590  0.0000  0.9410  1
2502:   0.0518  0.0000  0.9482  1
2503:   0.1182  0.0000  0.8818  1
2504:   0.0464  0.0000  0.9536  1
2505:   0.1376  0.0000  0.8624  1
2506:   0.0599  0.0000  0.9401  1
2507:   0.0794  0.0000  0.9206  1
2508:   0.0810  0.0000  0.9190  1
2509:   0.0853  0.0000  0.9147  1
2510:   0.1087  0.0000  0.8913  1
2511:   0.1533  0.0000  0.8467  1
2512:   0.1216  0.0000  0.8784  1
2513:   0.0961  0.0000  0.9039  1
2514:   0.0655  0.0000  0.9345  1
2515:   0.0437  0.0000  0.9563  1
2516:   0.0500  0.0000  0.9500  1
2517:   0.0684  0.0000  0.9316  1
2518:   0.0931  0.0000  0.9069  1
2519:   0.0864  0.0000  0.9136  1
2520:   0.1137  0.0000  0.8863  1
2521:   0.0505  0.0000  0.9495  1
2522:   0.0359  0.0000  0.9641  1
2523:   0.0613  0.0000  0.9387  1
2524:   0.1102  0.0000  0.8898  1
2525:   0.0504  0.0000  0.9496  1
2526:   0.1043  0.0000  0.8957  1
2527:   0.1040  0.0000  0.8960  1
2528:   0.0628  0.0000  0.9372  1
2529:   0.0652  0.0000  0.9348  1
2530:   0.2074  0.0000  0.7926  1
2531:   0.0672  0.0000  0.9328  1
2532:   0.1284  0.0000  0.8716  1
2533:   0.1510  0.0000  0.8490  1
2534:   0.0937  0.0000  0.9063  1
2535:   0.1057  0.0000  0.8943  1
2536:   0.3738  0.0000  0.6262  1
2537:   0.3777  0.0000  0.6223  1
2538:   0.3758  0.0000  0.6242  1
2539:   0.3654  0.0000  0.6346  1
2540:   0.3708  0.0000  0.6292  1
2541:   0.3708  0.0000  0.6292  1
2542:   0.3739  0.0000  0.6261  1
2543:   0.3724  0.0000  0.6276  1
2544:   0.3736  0.0000  0.6264  1
2545:   0.0343  0.0000  0.9657  1
2546:   0.1112  0.0000  0.8888  1
2547:   0.0618  0.0000  0.9382  1
2548:   0.1099  0.0000  0.8901  1
2549:   0.0955  0.0000  0.9045  1
2550:   0.0270  0.0000  0.9730  1
2551:   0.0836  0.0000  0.9164  1
2552:   0.0823  0.0000  0.9177  1
2553:   0.0291  0.0000  0.9709  1
2554:   0.0918  0.0000  0.9082  1
2555:   0.0498  0.0000  0.9502  1
2556:   0.0965  0.0000  0.9035  1
2557:   0.0676  0.0000  0.9324  1
2558:   0.1238  0.0000  0.8762  1
2559:   0.1130  0.0000  0.8870  1
2560:   0.0966  0.0000  0.9034  1
2561:   0.0266  0.0000  0.9734  1
2562:   0.0927  0.0000  0.9073  1
2563:   0.0915  0.0000  0.9085  1
2564:   0.0372  0.0000  0.9628  1
2565:   0.0687  0.0000  0.9313  1
2566:   0.0495  0.0000  0.9505  1
2567:   0.1232  0.0000  0.8768  1
2568:   0.0844  0.0000  0.9156  1
2569:   0.0896  0.0000  0.9104  1
2570:   0.0712  0.0000  0.9288  1
2571:   0.1086  0.0000  0.8914  1
2572:   0.1065  0.0000  0.8935  1
2573:   0.1102  0.0000  0.8898  1
2574:   0.3705  0.0000  0.6295  1
2575:   0.3732  0.0000  0.6268  1
2576:   0.3744  0.0000  0.6256  1
2577:   0.0291  0.0000  0.9709  1
2578:   0.3708  0.0000  0.6292  1
2579:   0.0824  0.0000  0.9176  1
2580:   0.0536  0.0000  0.9464  1
2581:   0.1039  0.0000  0.8961  1
2582:   0.0455  0.0000  0.9545  1
2583:   0.0867  0.0000  0.9133  1
2584:   0.0339  0.0000  0.9661  1
2585:   0.0761  0.0000  0.9239  1
2586:   0.0811  0.0005  0.9184  1
2587:   0.0389  0.0000  0.9611  1
2588:   0.1294  0.0330  0.8375  1
2589:   0.0196  0.0000  0.9804  1
2590:   0.0370  0.0000  0.9630  1
2591:   0.0872  0.0000  0.9128  1
2592:   0.0564  0.0000  0.9436  1
2593:   0.1144  0.0000  0.8856  1
2594:   0.1073  0.0000  0.8927  1
2595:   0.0711  0.0000  0.9289  1
2596:   0.0169  0.0000  0.9831  1
2597:   0.1149  0.0000  0.8851  1
2598:   0.1044  0.0000  0.8956  1
2599:   0.0582  0.0000  0.9418  1
2600:   0.0753  0.0000  0.9247  1
2601:   0.3459  0.0000  0.6541  1
2602:   0.3550  0.0000  0.6450  1
2603:   0.3533  0.0000  0.6467  1
2604:   0.3505  0.0000  0.6495  1
2605:   0.3467  0.0000  0.6533  1
2606:   0.3385  0.0000  0.6615  1
2607:   0.3582  0.0000  0.6418  1
2608:   0.3549  0.0000  0.6451  1
2609:   0.0479  0.0000  0.9521  1
2610:   0.0484  0.0000  0.9516  1
2611:   0.0719  0.0000  0.9281  1
2612:   0.0639  0.0000  0.9361  1
2613:   0.0132  0.0000  0.9868  1
2614:   0.0340  0.0000  0.9660  1
2615:   0.0717  0.0000  0.9283  1
2616:   0.0595  0.0000  0.9405  1
2617:   0.0668  0.0000  0.9332  1
2618:   0.0044  0.0000  0.9956  1
2619:   0.1308  0.0000  0.8692  1
2620:   0.0575  0.0000  0.9425  1
2621:   0.0978  0.0000  0.9022  1
2622:   0.0660  0.0000  0.9340  1
2623:   0.1355  0.0000  0.8645  1
2624:   0.0586  0.0001  0.9413  1
2625:   0.1730  0.0000  0.8270  1
2626:   0.0777  0.0000  0.9223  1
2627:   0.0963  0.0000  0.9037  1
2628:   0.1279  0.0000  0.8721  1
2629:   0.0679  0.0000  0.9321  1
2630:   0.1227  0.0000  0.8773  1
2631:   0.0961  0.0000  0.9039  1
2632:   0.0855  0.0001  0.9144  1
2633:   0.1998  0.0000  0.8002  1
2634:   0.0854  0.0000  0.9146  1
2635:   0.0416  0.0000  0.9584  1
2636:   0.0605  0.0000  0.9395  1
2637:   0.3647  0.0000  0.6353  1
2638:   0.3650  0.0000  0.6350  1
2639:   0.3783  0.0000  0.6217  1
2640:   0.3737  0.0000  0.6263  1
2641:   0.3767  0.0000  0.6233  1
2642:   0.3753  0.0000  0.6247  1
2643:   0.3674  0.0000  0.6326  1
2644:   0.3702  0.0000  0.6298  1
2645:   0.3694  0.0000  0.6306  1
2646:   0.3671  0.0000  0.6329  1
2647:   0.0769  0.0000  0.9231  1
2648:   0.0127  0.0000  0.9873  1
2649:   0.0763  0.0000  0.9237  1
2650:   0.0814  0.0000  0.9186  1
2651:   0.0570  0.0000  0.9430  1
2652:   0.0316  0.0000  0.9684  1
2653:   0.0844  0.0000  0.9156  1
2654:   0.0429  0.0000  0.9571  1
2655:   0.0731  0.0000  0.9269  1
2656:   0.0680  0.0000  0.9320  1
2657:   0.0424  0.0000  0.9576  1
2658:   0.0467  0.0013  0.9520  1
2659:   0.0228  0.0002  0.9770  1
2660:   0.1065  0.0000  0.8935  1
2661:   0.0554  0.0000  0.9446  1
2662:   0.1000  0.0000  0.9000  1
2663:   0.2516  0.0000  0.7484  1
2664:   0.0342  0.0000  0.9658  1
2665:   0.0519  0.0000  0.9481  1
2666:   0.0214  0.0000  0.9786  1
2667:   0.1655  0.0000  0.8345  1
2668:   0.0825  0.0000  0.9175  1
2669:   0.0597  0.0000  0.9403  1
2670:   0.0672  0.0000  0.9328  1
2671:   0.0734  0.0000  0.9266  1
2672:   0.0557  0.0000  0.9443  1
2673:   0.0018  0.0000  0.9982  1
2674:   0.0717  0.0000  0.9283  1
2675:   0.0118  0.0000  0.9882  1
2676:   0.0611  0.0135  0.9255  1
2677:   0.0793  0.0000  0.9207  1
2678:   0.0137  0.0000  0.9863  1
2679:   0.3672  0.0000  0.6328  1
2680:   0.3681  0.0000  0.6319  1
2681:   0.3678  0.0000  0.6322  1
2682:   0.3650  0.0000  0.6350  1
2683:   0.3564  0.0000  0.6436  1
2684:   0.3690  0.0000  0.6310  1
2685:   0.1065  0.0000  0.8935  1
2686:   0.3733  0.0000  0.6267  1
2687:   0.0802  0.0000  0.9198  1
2688:   0.0589  0.0000  0.9411  1
2689:   0.0655  0.0000  0.9345  1
2690:   0.0767  0.0000  0.9233  1
2691:   0.0589  0.0000  0.9411  1
2692:   0.0657  0.0000  0.9343  1
2693:   0.0882  0.0000  0.9118  1
2694:   0.3593  0.0000  0.6407  1
2695:   0.0449  0.0000  0.9551  1
2696:   0.3740  0.0000  0.6260  1
2697:   0.3698  0.0000  0.6302  1
2698:   0.0566  0.0000  0.9434  1
2699:   0.3703  0.0000  0.6297  1
2700:   0.3866  0.0000  0.6134  1
2701:   0.3615  0.0000  0.6385  1
2702:   0.3548  0.0000  0.6452  1
2703:   0.3337  0.0000  0.6663  1
2704:   0.3721  0.0000  0.6279  1
2705:   0.3668  0.0000  0.6332  1
2706:   0.3522  0.0000  0.6478  1
2707:   0.3609  0.0000  0.6391  1
2708:   0.3705  0.0000  0.6295  1
2709:   0.3564  0.0000  0.6436  1
2710:   0.3706  0.0000  0.6294  1
2711:   0.3577  0.0000  0.6423  1
2712:   0.3304  0.0000  0.6696  1
2713:   0.3702  0.0000  0.6298  1
2714:   0.3690  0.0000  0.6310  1
2715:   0.3751  0.0000  0.6249  1
2716:   0.3599  0.0000  0.6401  1
2717:   0.3604  0.0000  0.6396  1
2718:   0.3618  0.0000  0.6382  1
2719:   0.1476  0.0000  0.8524  1
2720:   0.1477  0.0000  0.8523  1
2721:   0.1389  0.0000  0.8611  1
2722:   0.1757  0.0000  0.8243  1
2723:   0.1098  0.0000  0.8902  1
2724:   0.0943  0.0000  0.9057  1
2725:   0.1659  0.0000  0.8341  1
2726:   0.1133  0.0000  0.8867  1
2727:   0.3766  0.0000  0.6234  1
2728:   0.1861  0.0000  0.8139  1
2729:   0.3408  0.0000  0.6592  1
2730:   0.3645  0.0000  0.6355  1
2731:   0.1821  0.0000  0.8179  1
2732:   0.0958  0.0000  0.9042  1
2733:   0.0725  0.0000  0.9275  1
2734:   0.0908  0.0000  0.9092  1
2735:   0.1089  0.0000  0.8911  1
2736:   0.0796  0.0000  0.9204  1
2737:   0.1005  0.0000  0.8995  1
2738:   0.0744  0.0000  0.9256  1
2739:   0.1153  0.0000  0.8847  1
2740:   0.3652  0.0000  0.6348  1
2741:   0.3659  0.0000  0.6341  1
2742:   0.3772  0.0000  0.6228  1
2743:   0.3615  0.0000  0.6385  1
2744:   0.3748  0.0000  0.6252  1
2745:   0.3628  0.0000  0.6372  1
2746:   0.3594  0.0000  0.6406  1
2747:   0.0979  0.0000  0.9021  1
2748:   0.3646  0.0000  0.6354  1
2749:   0.3657  0.0000  0.6343  1
2750:   0.3130  0.0000  0.6870  1
2751:   0.3616  0.0000  0.6384  1
2752:   0.2760  0.0000  0.7240  1
2753:   0.3639  0.0000  0.6361  1
2754:   0.3290  0.0000  0.6710  1
2755:   0.3534  0.0000  0.6466  1
2756:   0.3591  0.0000  0.6409  1
2757:   0.3655  0.0000  0.6345  1
2758:   0.3694  0.0000  0.6306  1
2759:   0.3693  0.0000  0.6307  1
2760:   0.3670  0.0000  0.6330  1
2761:   0.3626  0.0000  0.6374  1
2762:   0.3646  0.0000  0.6354  1
2763:   0.3781  0.0000  0.6219  1
2764:   0.3737  0.0000  0.6263  1
2765:   0.3831  0.0000  0.6169  1
2766:   0.0610  0.0000  0.9390  1
2767:   0.1929  0.0000  0.8071  1
2768:   0.1255  0.0000  0.8745  1
2769:   0.1335  0.0000  0.8665  1
2770:   0.1778  0.0000  0.8222  1
2771:   0.3667  0.0000  0.6333  1
2772:   0.1421  0.0000  0.8579  1
2773:   0.1574  0.0000  0.8426  1
2774:   0.1046  0.0000  0.8954  1
2775:   0.1817  0.0000  0.8183  1
2776:   0.0996  0.0000  0.9004  1
2777:   0.0982  0.0000  0.9018  1
2778:   0.0705  0.0000  0.9295  1
2779:   0.2064  0.0000  0.7936  1
2780:   0.3672  0.0000  0.6328  1
2781:   0.3701  0.0000  0.6299  1
2782:   0.1453  0.0000  0.8547  1
2783:   0.0760  0.0000  0.9240  1
2784:   0.3594  0.0000  0.6406  1
2785:   0.3700  0.0000  0.6300  1
2786:   0.3774  0.0000  0.6226  1
2787:   0.3595  0.0000  0.6405  1
2788:   0.3731  0.0000  0.6269  1
2789:   0.3697  0.0000  0.6303  1
2790:   0.3582  0.0000  0.6418  1
2791:   0.3696  0.0000  0.6304  1
2792:   0.1162  0.0002  0.8836  1
2793:   0.1998  0.0000  0.8002  1
