colony_input
colony_input
2
43
84222
1
2
1
0
0 0
0
1
0
0
1
2
0
10000
0
2
2
MK@
0@
0.01 0.01 0.01 0.01 0.01 0.01 0.01 0.01 0.01 0.01 0.01 0.01 0.01 0.01 0.01 0.01 0.01 0.01 0.01 0.01 0.01 0.01 0.01 0.01 0.01 0.01 0.01 0.01 0.01 0.01 0.01 0.01 0.01 0.01 0.01 0.01 0.01 0.01 0.01 0.01 0.01 0.01 0.01
0.01 0.01 0.01 0.01 0.01 0.01 0.01 0.01 0.01 0.01 0.01 0.01 0.01 0.01 0.01 0.01 0.01 0.01 0.01 0.01 0.01 0.01 0.01 0.01 0.01 0.01 0.01 0.01 0.01 0.01 0.01 0.01 0.01 0.01 0.01 0.01 0.01 0.01 0.01 0.01 0.01 0.01 0.01
MAR_WMR_2000_033 0 0 0 0 3 1 0 0 2 4 0 0 0 0 0 0 0 0 2 2 1 1 3 3 0 0 0 0 0 0 1 1 0 0 3 3 1 3 0 0 0 0 0 0 0 0 0 0 0 0 2 2 0 0 0 0 2 1 2 1 0 0 0 0 0 0 1 4 0 0 4 1 1 4 4 4 2 4 2 2 0 0 0 0 1 1
MAR_WMR_2000_037 4 3 4 3 3 1 4 2 2 2 2 4 1 3 4 2 4 2 2 4 1 2 3 1 3 4 3 4 3 2 4 4 4 1 3 4 1 1 3 1 2 4 4 2 4 1 2 1 3 4 2 1 1 4 2 4 2 2 2 2 2 4 2 1 1 3 1 1 4 2 4 1 1 1 4 2 2 2 4 4 3 1 2 4 1 2


0 0
0 0




0 0
0 0
0
0
0
0
0
0
