colony_input
colony_input
12
112
607383
1
2
1
0
0 0
0
1
0
0
1
2
0
10000
0
2
2
MK@
0@
0.01 0.01 0.01 0.01 0.01 0.01 0.01 0.01 0.01 0.01 0.01 0.01 0.01 0.01 0.01 0.01 0.01 0.01 0.01 0.01 0.01 0.01 0.01 0.01 0.01 0.01 0.01 0.01 0.01 0.01 0.01 0.01 0.01 0.01 0.01 0.01 0.01 0.01 0.01 0.01 0.01 0.01 0.01 0.01 0.01 0.01 0.01 0.01 0.01 0.01 0.01 0.01 0.01 0.01 0.01 0.01 0.01 0.01 0.01 0.01 0.01 0.01 0.01 0.01 0.01 0.01 0.01 0.01 0.01 0.01 0.01 0.01 0.01 0.01 0.01 0.01 0.01 0.01 0.01 0.01 0.01 0.01 0.01 0.01 0.01 0.01 0.01 0.01 0.01 0.01 0.01 0.01 0.01 0.01 0.01 0.01 0.01 0.01 0.01 0.01 0.01 0.01 0.01 0.01 0.01 0.01 0.01 0.01 0.01 0.01 0.01 0.01
0.01 0.01 0.01 0.01 0.01 0.01 0.01 0.01 0.01 0.01 0.01 0.01 0.01 0.01 0.01 0.01 0.01 0.01 0.01 0.01 0.01 0.01 0.01 0.01 0.01 0.01 0.01 0.01 0.01 0.01 0.01 0.01 0.01 0.01 0.01 0.01 0.01 0.01 0.01 0.01 0.01 0.01 0.01 0.01 0.01 0.01 0.01 0.01 0.01 0.01 0.01 0.01 0.01 0.01 0.01 0.01 0.01 0.01 0.01 0.01 0.01 0.01 0.01 0.01 0.01 0.01 0.01 0.01 0.01 0.01 0.01 0.01 0.01 0.01 0.01 0.01 0.01 0.01 0.01 0.01 0.01 0.01 0.01 0.01 0.01 0.01 0.01 0.01 0.01 0.01 0.01 0.01 0.01 0.01 0.01 0.01 0.01 0.01 0.01 0.01 0.01 0.01 0.01 0.01 0.01 0.01 0.01 0.01 0.01 0.01 0.01 0.01
CAR_GOC_2017_033 0 0 0 0 4 4 3 3 3 3 3 1 4 4 2 2 1 1 4 4 2 2 3 3 1 1 4 1 1 1 3 3 3 3 4 4 2 2 2 4 2 1 2 2 3 3 4 4 2 2 1 1 2 4 4 2 1 1 3 3 1 1 3 3 4 4 3 3 1 1 3 3 3 3 3 3 2 2 2 4 1 2 3 1 3 4 3 4 3 2 1 1 2 4 4 4 1 1 2 2 4 4 3 3 2 2 3 3 2 2 4 4 2 2 4 2 2 2 4 4 2 1 2 2 1 1 1 1 1 1 3 2 1 1 3 3 1 1 3 3 4 4 2 2 4 4 4 4 3 3 3 3 3 3 1 1 1 1 1 4 3 1 2 4 1 3 1 2 2 4 1 4 4 3 3 1 4 3 3 4 2 4 3 4 3 1 4 2 4 4 1 1 3 2 3 3 3 4 2 2 3 3 4 4 2 2 2 2 2 2 3 3 3 3 3 1 3 3 3 3 4 4 4 4
CAR_GOC_2017_034 3 3 2 2 4 4 4 4 3 3 3 1 4 4 4 4 1 1 4 4 2 2 3 3 3 3 4 1 1 3 3 3 3 3 4 4 2 2 4 4 2 1 2 2 3 3 4 4 2 2 1 1 2 2 4 4 1 2 3 3 3 3 3 1 4 4 3 3 1 1 3 3 3 3 3 3 2 2 2 4 1 2 3 1 3 4 3 4 3 2 4 4 2 4 4 4 1 1 2 2 4 4 0 0 2 2 3 3 2 2 4 4 2 2 4 4 2 2 4 4 2 1 2 4 1 1 1 1 1 1 3 2 1 1 3 3 1 1 3 4 1 4 2 2 4 4 4 4 3 3 1 3 3 3 1 1 1 3 4 4 1 1 2 4 1 3 1 2 2 4 1 4 4 3 3 1 4 3 3 3 2 2 3 4 3 1 4 2 4 4 1 1 3 3 3 3 3 4 2 4 3 4 4 2 2 4 2 2 2 2 4 3 4 3 3 1 3 3 3 3 4 4 4 4
CAR_GOC_2017_035 3 3 2 2 4 4 4 4 3 3 3 1 4 4 4 2 1 1 4 4 2 2 3 4 1 1 4 4 1 3 3 3 3 3 4 4 2 1 2 4 1 1 2 2 3 3 4 4 2 1 1 1 0 0 4 4 1 2 3 4 3 3 3 3 4 4 3 3 1 3 3 3 0 0 3 3 4 2 2 4 1 2 3 1 3 4 3 4 3 2 4 4 4 4 4 4 1 1 2 2 4 4 1 1 2 2 3 3 2 2 4 4 2 2 4 4 2 4 4 2 1 1 2 2 0 0 1 1 3 1 3 2 1 1 3 3 1 1 3 4 1 1 2 1 4 4 4 4 3 3 1 3 3 1 1 3 1 1 4 4 1 1 2 4 1 3 1 2 2 4 1 4 4 3 3 1 4 3 3 4 2 4 3 4 3 1 2 2 1 1 1 4 3 3 3 3 3 4 4 4 3 4 4 2 2 4 2 4 2 4 3 3 3 3 3 1 3 4 3 1 4 4 4 4
CAR_GOC_2017_036 0 0 2 1 4 2 4 3 3 4 3 1 4 4 4 2 1 1 4 4 2 1 3 3 1 3 4 4 1 3 3 3 3 1 4 4 2 2 2 4 2 1 2 2 3 3 4 4 2 2 1 1 2 2 4 4 1 1 3 3 1 1 3 3 4 4 3 3 1 1 3 3 3 3 1 3 4 2 2 4 1 2 3 1 3 4 3 4 3 2 1 4 2 4 4 4 1 1 2 2 4 4 1 3 2 2 3 3 2 2 4 4 2 2 4 4 2 2 4 4 2 1 2 2 1 1 1 1 3 1 3 2 1 1 3 3 1 1 3 3 1 4 0 0 4 4 4 4 3 1 1 3 3 3 1 1 1 1 0 0 3 1 2 4 1 3 1 2 2 4 1 4 4 3 3 1 4 3 0 0 0 0 3 4 3 1 4 2 4 4 1 1 3 2 3 3 3 4 2 4 3 4 4 2 2 4 2 2 2 4 3 3 3 3 0 0 3 3 3 3 2 4 3 4
CAR_GOC_2017_037 3 1 2 1 4 2 4 3 3 4 3 1 4 4 4 2 1 1 4 4 2 1 3 3 0 0 4 4 1 3 3 1 3 1 4 1 2 2 2 2 2 1 2 2 3 3 4 4 2 2 1 1 2 4 4 2 0 0 3 4 1 1 3 3 0 0 3 3 1 1 3 3 3 3 3 3 4 4 2 4 1 2 3 1 3 4 3 4 3 2 4 4 0 0 4 4 1 1 2 4 4 2 1 3 2 2 3 3 2 2 4 4 2 2 4 2 2 2 4 4 1 1 2 2 1 1 1 1 0 0 0 0 1 1 3 3 1 1 0 0 1 4 2 2 4 4 0 0 3 1 0 0 3 3 1 1 1 1 4 4 1 1 2 4 1 3 1 2 2 4 1 4 4 3 3 1 4 3 3 4 2 4 3 4 3 1 4 2 4 4 1 1 3 3 3 1 3 4 2 4 3 3 4 4 2 2 2 2 2 2 0 0 0 0 0 0 3 3 3 3 0 0 0 0
CAR_GOC_2017_038 3 3 2 2 4 4 4 3 3 3 3 1 4 4 2 2 1 1 4 4 2 1 3 3 1 3 4 4 1 3 3 3 3 1 4 4 2 2 2 4 2 1 2 2 3 3 4 4 2 2 1 1 2 2 4 4 1 1 3 4 1 1 3 3 4 4 3 3 1 1 3 3 3 3 1 3 4 2 2 4 1 2 3 1 3 4 3 4 3 2 4 4 2 2 4 4 1 1 2 2 4 4 1 3 2 2 3 3 2 2 4 4 2 3 4 4 2 2 4 4 2 1 2 2 1 1 1 1 3 1 2 2 1 1 3 3 1 4 3 3 1 4 2 2 4 4 4 4 3 1 1 3 3 3 1 1 1 1 0 0 3 1 2 4 1 3 1 2 2 4 1 4 4 3 3 1 4 3 3 4 2 4 3 4 3 1 2 2 4 4 1 1 3 3 3 3 3 4 2 4 3 4 4 2 2 4 2 2 2 2 3 3 3 3 3 1 3 3 3 3 0 0 0 0
CAR_GOC_2017_039 3 3 2 2 0 0 4 3 3 3 3 1 4 4 2 2 1 1 0 0 2 1 3 4 0 0 4 4 1 3 3 3 3 1 4 4 2 2 2 4 0 0 2 2 3 3 4 4 2 2 1 1 2 2 4 4 1 1 3 4 1 1 3 3 4 4 3 3 1 1 3 3 3 3 3 3 4 2 2 4 1 2 3 1 3 4 3 4 3 2 1 4 2 2 4 4 1 1 2 2 4 4 3 3 2 2 3 3 2 2 4 4 0 0 4 2 2 2 4 4 2 1 2 2 1 1 1 1 3 3 2 2 0 0 0 0 0 0 3 3 1 4 2 2 4 4 4 4 3 1 1 3 3 3 1 1 0 0 1 4 1 1 2 4 1 3 1 2 2 4 1 4 4 3 3 1 4 3 3 4 2 4 3 4 3 1 4 4 4 4 1 1 3 2 3 3 3 4 2 4 3 4 4 2 2 4 2 2 2 2 3 3 3 3 0 0 3 3 3 3 2 4 3 4
CAR_GOC_2017_040 3 3 0 0 4 4 4 4 3 3 3 1 4 1 4 4 1 1 4 4 1 1 3 3 3 3 4 4 1 1 3 3 3 3 4 4 2 2 2 2 2 1 2 2 3 3 4 2 2 2 1 3 4 4 2 2 1 1 3 3 3 3 3 3 4 4 3 3 1 1 3 4 3 2 3 3 4 2 2 4 1 2 3 1 3 4 3 4 3 2 4 4 4 4 4 2 1 1 2 2 4 4 1 1 2 4 3 1 2 4 4 2 2 2 4 4 0 0 4 4 0 0 2 2 1 4 1 1 3 3 2 2 1 4 3 4 1 4 3 3 1 4 2 2 4 1 0 0 3 3 3 3 3 3 1 3 1 1 4 4 1 1 2 4 1 3 1 2 2 4 1 4 4 3 3 1 4 3 3 4 2 4 3 4 3 1 2 2 4 4 1 1 3 3 3 3 3 3 4 4 3 3 4 4 2 2 2 2 2 4 3 3 3 3 3 1 3 3 0 0 4 4 4 4
CAR_GOC_2017_041 3 3 0 0 4 4 4 4 3 3 3 1 4 4 0 0 1 1 4 4 2 1 3 3 3 3 4 1 1 1 3 3 3 3 4 4 2 2 4 4 2 2 2 1 3 1 4 2 2 2 1 3 4 4 2 2 1 2 3 3 3 3 3 3 4 4 3 3 1 1 3 4 3 3 3 3 4 2 2 4 1 2 3 1 3 4 3 4 3 2 4 4 4 4 4 4 1 2 2 2 4 4 1 1 2 2 3 1 2 4 4 2 0 0 4 4 2 2 4 4 0 0 2 2 1 1 1 1 3 3 2 2 1 1 3 4 1 4 3 3 4 4 2 2 4 4 4 4 3 3 3 3 3 3 1 1 1 1 4 4 1 1 2 2 1 1 1 1 2 2 1 1 4 4 3 3 4 4 3 3 2 2 3 3 3 3 0 0 4 4 1 4 3 3 3 3 3 3 4 4 3 3 4 4 2 2 2 2 2 2 3 3 3 3 3 1 3 3 3 3 4 4 0 0
CAR_GOC_2017_042 3 3 2 2 4 4 4 4 3 3 3 1 4 4 4 4 1 1 4 1 2 2 3 3 3 3 4 4 1 1 3 3 3 3 4 4 2 2 4 4 2 1 2 2 3 3 4 4 2 2 1 1 2 2 4 4 1 2 3 3 1 3 3 1 4 3 3 1 1 1 3 3 3 3 0 0 2 2 2 4 1 2 3 1 3 4 3 4 3 2 4 4 2 4 4 4 1 1 2 2 4 4 1 1 2 2 3 1 2 4 4 2 2 2 4 4 2 2 4 4 2 1 2 4 1 1 1 1 3 1 3 2 0 0 3 3 1 1 3 3 1 4 2 2 4 4 4 4 3 3 1 3 3 3 1 3 1 3 4 4 1 1 2 4 1 3 1 1 2 2 1 1 4 4 3 3 4 4 3 3 2 2 3 4 3 1 2 2 4 4 1 1 3 3 3 3 3 3 4 4 3 4 4 2 2 4 2 2 0 0 3 3 3 3 3 1 0 0 3 3 4 4 4 4
CAR_GOC_2017_043 3 3 2 2 4 4 4 3 3 3 3 1 4 4 2 2 1 1 4 4 2 2 3 3 1 3 4 4 1 1 3 3 3 1 4 4 2 2 4 4 2 2 2 2 3 3 4 4 2 2 1 1 2 2 4 4 1 1 3 3 1 1 3 3 4 4 3 3 1 1 3 3 3 3 3 3 4 2 2 4 1 2 3 1 3 4 3 4 3 2 4 4 2 2 4 4 1 1 2 2 4 4 1 3 2 2 3 3 2 2 4 4 2 2 4 4 2 2 4 4 1 1 2 2 1 1 1 1 3 3 2 2 1 1 3 3 1 1 3 3 1 4 2 2 4 4 4 4 3 1 1 3 3 3 1 1 1 1 1 4 1 1 2 4 1 3 1 2 2 4 1 4 4 3 3 1 4 3 3 4 2 4 3 4 3 1 4 2 4 4 1 1 2 2 3 3 3 4 2 2 4 4 2 2 4 4 2 2 2 2 3 3 3 3 3 1 3 3 3 3 4 4 4 4
CAR_GOC_2017_044 3 3 2 2 4 2 4 3 3 4 3 1 4 4 4 2 1 4 4 4 2 2 3 3 1 3 4 4 1 3 3 3 3 1 4 4 2 2 4 4 2 1 2 2 3 3 4 4 2 2 1 1 2 2 4 4 1 1 3 3 1 1 3 3 4 4 3 3 1 1 3 3 3 3 1 3 4 2 2 4 1 2 3 1 3 4 3 4 3 2 0 0 2 2 4 4 1 1 2 2 4 4 1 3 2 2 3 3 2 2 4 4 2 2 4 2 2 2 4 4 0 0 2 2 1 1 1 4 3 1 2 2 1 1 3 3 1 1 3 3 1 4 0 0 0 0 4 3 3 1 1 3 3 3 1 1 1 1 1 4 1 1 2 4 1 3 1 2 2 4 1 4 4 3 3 1 4 3 3 4 2 4 3 4 3 1 4 2 4 4 1 1 2 2 3 3 3 3 2 2 4 4 2 2 4 4 2 2 2 2 3 3 3 3 3 3 3 3 3 3 2 4 3 4


0 0
0 0




0 0
0 0
0
0
0
0
0
0
