colony_input
colony_input
12
122
976938
1
2
1
0
0 0
0
1
0
0
1
2
0
10000
0
2
2
MK@
0@
0.01 0.01 0.01 0.01 0.01 0.01 0.01 0.01 0.01 0.01 0.01 0.01 0.01 0.01 0.01 0.01 0.01 0.01 0.01 0.01 0.01 0.01 0.01 0.01 0.01 0.01 0.01 0.01 0.01 0.01 0.01 0.01 0.01 0.01 0.01 0.01 0.01 0.01 0.01 0.01 0.01 0.01 0.01 0.01 0.01 0.01 0.01 0.01 0.01 0.01 0.01 0.01 0.01 0.01 0.01 0.01 0.01 0.01 0.01 0.01 0.01 0.01 0.01 0.01 0.01 0.01 0.01 0.01 0.01 0.01 0.01 0.01 0.01 0.01 0.01 0.01 0.01 0.01 0.01 0.01 0.01 0.01 0.01 0.01 0.01 0.01 0.01 0.01 0.01 0.01 0.01 0.01 0.01 0.01 0.01 0.01 0.01 0.01 0.01 0.01 0.01 0.01 0.01 0.01 0.01 0.01 0.01 0.01 0.01 0.01 0.01 0.01 0.01 0.01 0.01 0.01 0.01 0.01 0.01 0.01 0.01 0.01
0.01 0.01 0.01 0.01 0.01 0.01 0.01 0.01 0.01 0.01 0.01 0.01 0.01 0.01 0.01 0.01 0.01 0.01 0.01 0.01 0.01 0.01 0.01 0.01 0.01 0.01 0.01 0.01 0.01 0.01 0.01 0.01 0.01 0.01 0.01 0.01 0.01 0.01 0.01 0.01 0.01 0.01 0.01 0.01 0.01 0.01 0.01 0.01 0.01 0.01 0.01 0.01 0.01 0.01 0.01 0.01 0.01 0.01 0.01 0.01 0.01 0.01 0.01 0.01 0.01 0.01 0.01 0.01 0.01 0.01 0.01 0.01 0.01 0.01 0.01 0.01 0.01 0.01 0.01 0.01 0.01 0.01 0.01 0.01 0.01 0.01 0.01 0.01 0.01 0.01 0.01 0.01 0.01 0.01 0.01 0.01 0.01 0.01 0.01 0.01 0.01 0.01 0.01 0.01 0.01 0.01 0.01 0.01 0.01 0.01 0.01 0.01 0.01 0.01 0.01 0.01 0.01 0.01 0.01 0.01 0.01 0.01
SFH_LEE_2016_001 0 0 0 0 0 0 0 0 0 0 0 0 0 0 0 0 4 3 0 0 3 2 0 0 0 0 0 0 0 0 0 0 4 4 0 0 0 0 0 0 0 0 0 0 0 0 0 0 0 0 2 2 0 0 0 0 0 0 0 0 0 0 0 0 0 0 0 0 2 2 0 0 0 0 0 0 0 0 2 2 0 0 0 0 0 0 0 0 0 0 0 0 0 0 0 0 0 0 0 0 0 0 0 0 0 0 0 0 0 0 0 0 0 0 2 2 0 0 2 2 3 3 0 0 2 4 0 0 3 1 3 3 0 0 0 0 0 0 0 0 0 0 0 0 0 0 2 2 1 1 0 0 0 0 0 0 0 0 0 0 0 0 3 1 0 0 0 0 0 0 0 0 1 1 3 3 1 4 3 3 3 1 0 0 0 0 0 0 0 0 0 0 0 0 0 0 0 0 0 0 0 0 0 0 0 0 0 0 0 0 0 0 2 2 4 4 2 2 2 2 0 0 0 0 0 0 1 3 0 0 0 0 3 3 2 2 0 0 0 0 2 2 0 0
SFH_LEE_2016_002 0 0 0 0 0 0 0 0 1 1 3 1 4 2 0 0 0 0 0 0 0 0 0 0 0 0 0 0 3 1 1 3 4 4 3 1 4 4 4 4 2 2 4 1 3 4 3 1 2 4 4 4 0 0 0 0 0 0 1 1 1 1 0 0 0 0 2 2 0 0 0 0 0 0 1 1 0 0 0 0 0 0 0 0 0 0 0 0 0 0 1 1 0 0 0 0 0 0 2 4 0 0 0 0 0 0 4 4 0 0 0 0 0 0 0 0 0 0 0 0 0 0 0 0 0 0 0 0 0 0 3 3 1 4 0 0 0 0 2 1 0 0 0 0 0 0 0 0 0 0 0 0 0 0 0 0 2 1 2 1 0 0 3 3 0 0 0 0 0 0 0 0 0 0 3 3 1 4 3 3 0 0 0 0 0 0 0 0 0 0 0 0 0 0 0 0 0 0 4 4 3 2 3 1 0 0 0 0 0 0 0 0 2 2 4 4 2 2 0 0 0 0 4 3 4 3 1 1 0 0 0 0 0 0 0 0 0 0 0 0 0 0 0 0
SFH_LEE_2016_003 0 0 0 0 0 0 2 1 0 0 0 0 0 0 0 0 0 0 0 0 0 0 0 0 2 2 1 1 0 0 0 0 0 0 0 0 4 4 0 0 0 0 4 4 3 3 3 3 2 2 0 0 0 0 0 0 0 0 0 0 0 0 0 0 0 0 0 0 4 2 0 0 0 0 0 0 0 0 0 0 0 0 0 0 0 0 0 0 0 0 1 1 0 0 1 4 0 0 0 0 0 0 0 0 0 0 0 0 0 0 0 0 0 0 2 2 0 0 0 0 0 0 0 0 0 0 0 0 0 0 0 0 0 0 0 0 0 0 0 0 0 0 0 0 0 0 0 0 0 0 4 4 2 2 2 2 0 0 0 0 3 3 3 3 0 0 0 0 0 0 0 0 1 1 0 0 0 0 3 3 0 0 0 0 0 0 0 0 0 0 4 2 1 1 0 0 1 3 0 0 0 0 0 0 0 0 0 0 0 0 0 0 2 2 4 4 2 2 0 0 0 0 0 0 0 0 1 1 0 0 2 4 1 1 4 4 0 0 0 0 2 2 0 0
SFH_LEE_2016_005 0 0 2 1 1 2 2 2 1 1 3 1 4 4 0 0 4 4 4 4 3 3 2 2 2 2 1 1 0 0 1 1 0 0 0 0 4 4 0 0 0 0 0 0 0 0 0 0 0 0 2 4 2 1 1 3 0 0 0 0 0 0 0 0 0 0 0 0 2 2 0 0 0 0 1 2 0 0 0 0 0 0 0 0 0 0 0 0 0 0 0 0 0 0 0 0 0 0 0 0 0 0 0 0 0 0 3 3 3 3 2 2 4 4 2 3 0 0 0 0 0 0 0 0 0 0 0 0 0 0 3 3 0 0 4 1 0 0 0 0 0 0 0 0 0 0 2 4 1 4 0 0 0 0 0 0 0 0 0 0 3 3 0 0 0 0 3 1 0 0 0 0 0 0 3 3 0 0 3 1 0 0 0 0 0 0 0 0 0 0 0 0 0 0 0 0 0 0 0 0 0 0 3 3 0 0 0 0 3 3 0 0 2 2 4 4 2 2 0 0 0 0 0 0 0 0 0 0 0 0 2 4 3 3 4 2 3 1 0 0 0 0 0 0
SFH_LEE_2016_006 2 2 2 1 1 2 2 2 1 1 3 1 4 2 1 1 4 4 4 4 0 0 2 1 2 2 1 1 3 3 0 0 4 4 3 1 4 4 4 4 2 2 4 4 3 3 3 3 2 2 2 4 2 2 1 3 2 4 2 1 3 1 1 1 3 3 2 2 4 2 3 3 3 3 1 2 4 2 2 4 1 2 3 1 3 4 3 4 3 2 0 0 0 0 0 0 0 0 0 0 4 1 0 0 0 0 4 3 0 0 0 0 0 0 2 2 2 1 2 1 3 4 3 1 2 2 3 3 0 0 3 2 1 1 4 4 3 2 2 2 3 3 3 3 3 3 2 4 1 4 4 3 2 4 2 4 2 2 2 2 3 1 1 1 1 1 3 3 1 1 2 2 1 3 3 1 4 4 3 3 0 0 1 3 1 3 2 2 1 3 4 4 4 4 3 1 1 1 0 0 3 3 3 3 0 0 3 3 1 1 2 2 2 3 4 1 2 4 2 2 0 0 0 0 0 0 0 0 1 2 2 4 3 3 4 4 1 1 3 3 2 2 3 3
SFH_LEE_2016_007 2 1 2 1 1 2 0 0 1 4 3 1 0 0 1 1 0 0 0 0 0 0 2 2 2 4 1 3 3 3 1 1 0 0 3 1 4 4 4 2 2 4 4 4 3 3 3 3 2 2 0 0 0 0 0 0 4 4 1 1 1 1 1 2 0 0 2 2 2 2 0 0 0 0 1 2 0 0 0 0 0 0 0 0 0 0 3 3 3 3 1 1 2 2 4 4 3 3 0 0 4 1 2 2 1 1 0 0 3 1 2 4 4 2 0 0 2 1 2 1 3 4 3 1 0 0 3 3 0 0 3 3 1 1 4 4 3 2 0 0 0 0 3 3 3 3 0 0 1 1 4 4 2 2 2 2 2 2 2 2 3 3 0 0 3 1 0 0 1 1 2 2 1 3 3 1 1 4 0 0 0 0 0 0 0 0 0 0 0 0 4 4 4 1 3 3 0 0 0 0 0 0 3 3 4 4 3 3 3 1 2 2 2 2 4 4 0 0 2 2 2 2 4 3 4 3 1 1 0 0 0 0 3 3 4 4 0 0 3 3 0 0 0 0
SFH_LEE_2016_008 0 0 0 0 0 0 0 0 1 1 3 1 0 0 0 0 0 0 4 1 3 2 0 0 0 0 0 0 0 0 1 3 4 4 0 0 4 1 0 0 0 0 0 0 0 0 0 0 0 0 0 0 0 0 0 0 0 0 0 0 0 0 0 0 0 0 0 0 2 2 0 0 0 0 1 2 0 0 0 0 0 0 0 0 0 0 0 0 0 0 1 1 0 0 0 0 0 0 0 0 0 0 2 1 1 4 4 3 3 3 2 2 4 4 2 2 0 0 0 0 0 0 0 0 0 0 0 0 3 1 3 3 1 1 4 4 0 0 2 2 0 0 0 0 0 0 2 4 1 4 4 3 2 4 2 4 0 0 0 0 3 3 0 0 0 0 0 0 0 0 0 0 0 0 0 0 0 0 3 3 0 0 1 3 1 3 0 0 1 3 0 0 0 0 0 0 0 0 0 0 0 0 0 0 0 0 0 0 0 0 2 2 0 0 0 0 0 0 0 0 0 0 0 0 0 0 0 0 0 0 0 0 0 0 4 2 0 0 0 0 0 0 0 0
SFH_LEE_2016_013 0 0 2 1 0 0 0 0 0 0 3 1 0 0 0 0 0 0 0 0 0 0 0 0 0 0 0 0 0 0 0 0 4 4 0 0 4 1 0 0 0 0 0 0 0 0 0 0 0 0 0 0 0 0 0 0 0 0 0 0 0 0 0 0 0 0 0 0 0 0 0 0 0 0 1 1 0 0 0 0 0 0 0 0 0 0 0 0 0 0 1 1 2 2 4 4 0 0 0 0 0 0 0 0 0 0 4 4 0 0 0 0 0 0 0 0 0 0 0 0 0 0 0 0 0 0 0 0 0 0 3 3 0 0 0 0 0 0 0 0 3 3 0 0 0 0 0 0 1 1 0 0 0 0 2 2 0 0 0 0 3 1 0 0 0 0 0 0 1 2 2 4 3 3 0 0 0 0 0 0 0 0 0 0 0 0 0 0 0 0 4 4 0 0 0 0 0 0 0 0 0 0 0 0 0 0 3 4 0 0 2 2 0 0 0 0 0 0 0 0 0 0 0 0 0 0 1 1 0 0 0 0 0 0 0 0 0 0 0 0 0 0 0 0
SFH_LEE_2016_014 0 0 2 2 1 1 0 0 0 0 0 0 0 0 0 0 0 0 0 0 0 0 0 0 0 0 0 0 0 0 0 0 4 3 0 0 4 4 0 0 0 0 0 0 0 0 0 0 0 0 2 2 0 0 0 0 0 0 0 0 0 0 0 0 0 0 0 0 0 0 0 0 0 0 0 0 0 0 0 0 0 0 0 0 0 0 0 0 0 0 0 0 0 0 0 0 0 0 0 0 0 0 0 0 0 0 4 4 0 0 0 0 0 0 0 0 0 0 2 2 3 3 3 3 0 0 0 0 0 0 0 0 0 0 0 0 0 0 0 0 3 3 0 0 0 0 0 0 1 1 0 0 0 0 2 2 0 0 0 0 0 0 0 0 0 0 0 0 0 0 0 0 0 0 0 0 0 0 0 0 0 0 0 0 0 0 0 0 0 0 0 0 0 0 0 0 0 0 0 0 0 0 0 0 0 0 3 3 3 1 0 0 0 0 0 0 0 0 0 0 0 0 0 0 0 0 1 1 0 0 0 0 0 0 0 0 0 0 0 0 2 4 3 4
SFH_LEE_2016_015 2 2 0 0 0 0 0 0 0 0 3 1 4 2 1 4 4 4 4 4 3 3 2 2 2 2 1 1 3 3 1 1 0 0 3 3 4 4 4 4 2 2 4 4 3 3 3 3 2 2 2 2 0 0 0 0 0 0 0 0 0 0 0 0 1 3 0 0 2 2 3 3 3 1 0 0 0 0 2 4 1 2 3 1 3 4 3 4 3 2 3 3 3 3 1 1 1 1 0 0 0 0 2 2 1 1 0 0 3 3 2 2 4 4 2 2 2 2 2 2 3 3 3 3 2 2 1 1 0 0 0 0 1 1 4 4 3 3 2 1 3 1 2 2 1 1 0 0 0 0 0 0 0 0 2 2 2 2 2 1 3 3 3 3 0 0 0 0 1 1 0 0 3 3 3 3 1 4 0 0 0 0 0 0 0 0 0 0 0 0 4 4 4 1 1 1 1 1 1 1 3 3 3 3 4 2 0 0 1 1 2 4 2 2 4 4 2 2 4 4 0 0 4 3 4 3 1 3 1 1 0 0 1 1 4 4 3 1 3 1 0 0 0 0
SFH_LEE_2016_016 0 0 0 0 1 1 0 0 0 0 0 0 4 2 0 0 0 0 0 0 0 0 2 2 0 0 0 0 0 0 0 0 0 0 0 0 0 0 0 0 0 0 0 0 0 0 0 0 0 0 2 2 0 0 0 0 0 0 0 0 0 0 0 0 0 0 0 0 2 2 0 0 0 0 0 0 0 0 0 0 0 0 0 0 0 0 0 0 0 0 0 0 0 0 0 0 0 0 0 0 0 0 0 0 0 0 4 4 0 0 0 0 0 0 2 2 0 0 0 0 0 0 0 0 0 0 0 0 0 0 3 2 0 0 0 0 0 0 0 0 3 3 0 0 0 0 0 0 1 1 0 0 0 0 2 2 0 0 0 0 0 0 3 1 0 0 3 3 0 0 0 0 1 3 0 0 0 0 0 0 0 0 0 0 0 0 0 0 0 0 4 4 0 0 0 0 0 0 0 0 0 0 0 0 0 0 0 0 0 0 0 0 0 0 0 0 0 0 2 2 2 2 0 0 0 0 0 0 0 0 0 0 0 0 2 2 0 0 0 0 0 0 0 0
SFH_LEE_2016_017 2 2 2 1 0 0 0 0 1 1 3 3 0 0 1 4 0 0 0 0 0 0 0 0 2 2 1 1 0 0 0 0 4 4 1 1 4 4 4 4 2 2 4 1 3 4 3 1 2 4 0 0 0 0 0 0 0 0 1 1 1 1 0 0 0 0 2 1 0 0 3 1 3 3 0 0 4 2 2 4 1 2 3 1 3 4 0 0 0 0 1 1 2 2 4 4 3 3 2 4 4 1 0 0 0 0 0 0 3 3 2 2 4 4 0 0 0 0 0 0 0 0 0 0 2 4 0 0 0 0 0 0 1 1 4 4 3 3 0 0 3 3 3 3 3 3 0 0 0 0 0 0 0 0 2 2 2 1 2 1 0 0 3 1 0 0 0 0 1 1 2 2 1 3 3 3 1 4 0 0 3 3 1 1 1 1 2 4 1 1 4 4 0 0 3 3 0 0 0 0 3 3 3 3 4 2 3 3 1 1 2 2 0 0 0 0 0 0 2 4 2 4 4 3 4 3 1 1 1 2 0 0 3 1 4 2 3 3 3 3 2 4 3 4


0 0
0 0




0 0
0 0
0
0
0
0
0
0
