colony_input
colony_input
15
234
734915
1
2
1
0
0 0
0
1
0
0
1
2
0
10000
0
2
2
MK@
0@
0.01 0.01 0.01 0.01 0.01 0.01 0.01 0.01 0.01 0.01 0.01 0.01 0.01 0.01 0.01 0.01 0.01 0.01 0.01 0.01 0.01 0.01 0.01 0.01 0.01 0.01 0.01 0.01 0.01 0.01 0.01 0.01 0.01 0.01 0.01 0.01 0.01 0.01 0.01 0.01 0.01 0.01 0.01 0.01 0.01 0.01 0.01 0.01 0.01 0.01 0.01 0.01 0.01 0.01 0.01 0.01 0.01 0.01 0.01 0.01 0.01 0.01 0.01 0.01 0.01 0.01 0.01 0.01 0.01 0.01 0.01 0.01 0.01 0.01 0.01 0.01 0.01 0.01 0.01 0.01 0.01 0.01 0.01 0.01 0.01 0.01 0.01 0.01 0.01 0.01 0.01 0.01 0.01 0.01 0.01 0.01 0.01 0.01 0.01 0.01 0.01 0.01 0.01 0.01 0.01 0.01 0.01 0.01 0.01 0.01 0.01 0.01 0.01 0.01 0.01 0.01 0.01 0.01 0.01 0.01 0.01 0.01 0.01 0.01 0.01 0.01 0.01 0.01 0.01 0.01 0.01 0.01 0.01 0.01 0.01 0.01 0.01 0.01 0.01 0.01 0.01 0.01 0.01 0.01 0.01 0.01 0.01 0.01 0.01 0.01 0.01 0.01 0.01 0.01 0.01 0.01 0.01 0.01 0.01 0.01 0.01 0.01 0.01 0.01 0.01 0.01 0.01 0.01 0.01 0.01 0.01 0.01 0.01 0.01 0.01 0.01 0.01 0.01 0.01 0.01 0.01 0.01 0.01 0.01 0.01 0.01 0.01 0.01 0.01 0.01 0.01 0.01 0.01 0.01 0.01 0.01 0.01 0.01 0.01 0.01 0.01 0.01 0.01 0.01 0.01 0.01 0.01 0.01 0.01 0.01 0.01 0.01 0.01 0.01 0.01 0.01 0.01 0.01 0.01 0.01 0.01 0.01 0.01 0.01 0.01 0.01 0.01 0.01 0.01 0.01 0.01 0.01 0.01 0.01
0.01 0.01 0.01 0.01 0.01 0.01 0.01 0.01 0.01 0.01 0.01 0.01 0.01 0.01 0.01 0.01 0.01 0.01 0.01 0.01 0.01 0.01 0.01 0.01 0.01 0.01 0.01 0.01 0.01 0.01 0.01 0.01 0.01 0.01 0.01 0.01 0.01 0.01 0.01 0.01 0.01 0.01 0.01 0.01 0.01 0.01 0.01 0.01 0.01 0.01 0.01 0.01 0.01 0.01 0.01 0.01 0.01 0.01 0.01 0.01 0.01 0.01 0.01 0.01 0.01 0.01 0.01 0.01 0.01 0.01 0.01 0.01 0.01 0.01 0.01 0.01 0.01 0.01 0.01 0.01 0.01 0.01 0.01 0.01 0.01 0.01 0.01 0.01 0.01 0.01 0.01 0.01 0.01 0.01 0.01 0.01 0.01 0.01 0.01 0.01 0.01 0.01 0.01 0.01 0.01 0.01 0.01 0.01 0.01 0.01 0.01 0.01 0.01 0.01 0.01 0.01 0.01 0.01 0.01 0.01 0.01 0.01 0.01 0.01 0.01 0.01 0.01 0.01 0.01 0.01 0.01 0.01 0.01 0.01 0.01 0.01 0.01 0.01 0.01 0.01 0.01 0.01 0.01 0.01 0.01 0.01 0.01 0.01 0.01 0.01 0.01 0.01 0.01 0.01 0.01 0.01 0.01 0.01 0.01 0.01 0.01 0.01 0.01 0.01 0.01 0.01 0.01 0.01 0.01 0.01 0.01 0.01 0.01 0.01 0.01 0.01 0.01 0.01 0.01 0.01 0.01 0.01 0.01 0.01 0.01 0.01 0.01 0.01 0.01 0.01 0.01 0.01 0.01 0.01 0.01 0.01 0.01 0.01 0.01 0.01 0.01 0.01 0.01 0.01 0.01 0.01 0.01 0.01 0.01 0.01 0.01 0.01 0.01 0.01 0.01 0.01 0.01 0.01 0.01 0.01 0.01 0.01 0.01 0.01 0.01 0.01 0.01 0.01 0.01 0.01 0.01 0.01 0.01 0.01
QUI_JCC_2017_001 3 3 4 4 4 4 2 2 4 4 3 3 2 2 3 3 2 1 1 2 4 4 4 4 1 1 4 4 1 1 3 3 2 2 1 1 4 4 3 1 2 2 4 4 1 1 1 1 4 4 4 4 2 2 3 3 1 1 2 2 4 4 1 1 2 1 3 2 1 3 3 3 1 1 2 2 2 2 2 2 3 3 2 2 4 4 1 1 1 1 3 3 1 1 2 2 4 4 1 1 1 4 1 1 3 3 4 4 2 2 1 1 2 2 1 1 2 2 4 4 3 3 4 4 3 3 3 1 2 2 3 3 2 2 2 2 3 3 4 4 2 2 1 1 2 2 3 3 4 2 4 4 2 2 4 4 2 2 2 2 3 3 1 1 0 0 3 1 1 2 1 4 2 4 2 2 3 3 4 4 3 3 3 3 0 0 2 2 1 1 3 3 3 3 4 4 3 3 3 3 4 4 3 3 4 4 3 3 2 2 3 3 3 3 2 2 4 4 3 3 3 3 4 4 1 1 2 2 2 2 1 1 3 2 3 3 2 4 1 2 3 1 3 4 3 4 3 2 4 4 1 1 2 2 1 1 2 2 1 1 3 3 2 3 4 4 3 3 0 0 2 2 1 1 2 2 4 4 1 1 1 1 2 2 3 3 3 3 2 2 3 3 1 1 1 1 3 3 3 3 1 1 1 1 3 3 4 4 1 1 1 1 4 4 3 3 4 4 2 2 2 4 4 4 4 4 1 1 4 4 2 2 2 2 3 1 3 3 2 4 4 4 1 1 3 3 4 4 2 2 1 1 3 3 3 3 3 3 1 1 4 1 3 1 1 4 2 4 0 0 4 4 1 1 2 2 4 4 3 3 1 1 3 3 2 2 1 1 3 3 2 2 1 2 3 2 4 2 1 4 1 1 3 1 3 2 2 1 2 1 2 4 2 4 1 1 2 2 4 1 2 2 1 3 2 2 1 1 4 4 4 4 4 4 1 1 3 3 4 1 4 2 3 3 3 3 2 2 3 3 4 4 2 2 4 4 4 4 3 1 1 1 4 3 2 2 3 3
QUI_JCC_2017_002 3 4 4 3 4 4 2 2 4 4 3 3 2 2 3 3 2 2 1 1 4 4 4 4 1 1 4 1 1 3 3 4 2 4 1 1 4 4 3 1 2 2 0 0 0 0 0 0 4 4 4 4 2 2 0 0 1 3 2 2 4 2 1 4 2 2 3 3 1 1 3 4 1 3 2 4 0 0 0 0 1 3 2 4 4 2 1 2 1 1 3 3 1 1 2 2 0 0 1 3 1 4 1 1 3 3 4 4 2 4 1 3 2 2 1 1 2 2 4 4 3 3 4 2 3 4 3 3 4 2 1 3 1 2 3 2 3 3 4 4 2 2 1 1 2 4 3 4 4 4 4 4 0 0 4 4 2 2 2 2 3 3 1 1 2 2 3 3 1 1 1 1 2 2 2 2 3 3 4 2 3 2 3 4 4 1 2 2 1 1 1 1 2 2 4 4 3 1 3 1 4 2 3 1 4 2 3 1 2 2 3 3 3 3 2 4 0 0 3 3 4 4 1 1 3 3 1 1 2 2 1 3 3 2 3 3 2 4 1 2 3 1 3 4 0 0 0 0 4 4 1 1 2 2 1 1 2 4 1 4 3 1 2 2 4 4 3 3 0 0 2 2 3 3 4 4 1 1 1 1 1 1 2 1 3 3 3 3 2 2 1 1 2 2 1 2 3 1 3 1 0 0 1 3 3 1 4 2 1 3 1 2 4 2 3 2 4 2 2 4 2 2 3 3 1 1 3 3 2 2 2 2 1 1 3 3 3 3 2 2 3 3 2 2 4 4 2 2 1 1 3 3 3 1 3 1 3 4 1 3 0 0 0 0 0 0 0 0 1 1 4 3 3 3 3 3 3 3 1 1 3 3 3 3 4 4 2 2 3 3 2 2 1 1 3 3 4 4 1 1 1 1 3 3 3 3 2 2 2 2 2 2 2 2 1 1 4 4 4 1 2 2 1 1 1 1 4 4 3 3 1 1 1 1 0 0 0 0 4 4 4 4 3 3 3 3 2 2 4 4 2 2 4 4 4 4 4 4 3 1 1 1 3 3 2 2 3 3
QUI_JCC_2017_003 3 3 4 4 0 0 0 0 0 0 3 1 2 4 3 3 2 1 1 1 4 3 4 2 1 3 4 4 1 1 0 0 0 0 1 1 4 4 3 1 2 2 0 0 0 0 0 0 0 0 0 0 0 0 0 0 0 0 0 0 0 0 0 0 2 2 3 3 1 1 0 0 0 0 0 0 0 0 0 0 1 3 0 0 0 0 0 0 0 0 3 3 1 1 2 2 0 0 1 1 4 4 1 1 3 3 4 4 2 2 1 1 2 4 1 3 2 4 4 3 3 2 4 4 3 3 3 3 0 0 0 0 0 0 0 0 3 3 4 4 2 2 1 1 2 2 3 3 4 4 4 4 2 3 4 2 2 2 2 4 3 1 1 2 2 2 3 3 1 1 1 1 2 2 3 2 4 3 0 0 3 3 3 3 4 4 1 2 3 1 0 0 0 0 4 4 3 3 3 3 4 4 3 3 4 4 3 3 2 4 3 1 3 4 2 2 0 0 0 0 4 4 1 1 3 3 1 1 2 4 0 0 3 2 0 0 2 4 1 2 3 1 3 4 3 4 3 2 4 4 1 1 2 1 1 4 2 2 1 4 3 3 2 2 4 4 3 3 0 0 0 0 3 3 4 4 1 1 1 1 1 1 2 2 3 3 3 3 0 0 1 1 2 2 0 0 0 0 0 0 0 0 1 1 3 3 4 4 1 1 1 1 4 4 3 3 4 4 2 2 0 0 0 0 0 0 0 0 0 0 0 0 0 0 0 0 3 1 0 0 3 3 2 2 4 4 2 2 0 0 0 0 0 0 3 3 3 3 1 1 4 1 3 1 1 4 2 4 1 1 4 4 1 1 2 2 4 4 3 3 1 1 3 3 0 0 0 0 3 3 0 0 0 0 0 0 0 0 0 0 1 1 3 1 3 3 2 1 2 1 2 4 2 2 1 1 2 2 4 4 0 0 0 0 2 2 1 1 4 4 4 4 4 4 0 0 3 3 0 0 0 0 3 3 3 3 2 4 4 4 2 2 0 0 4 4 4 4 3 1 1 1 4 4 2 2 3 3
QUI_JCC_2017_004 0 0 0 0 0 0 0 0 0 0 3 1 2 4 0 0 2 1 0 0 4 3 0 0 0 0 0 0 0 0 0 0 0 0 0 0 0 0 3 1 2 4 0 0 0 0 0 0 0 0 0 0 0 0 0 0 0 0 0 0 0 0 0 0 0 0 0 0 0 0 0 0 0 0 0 0 0 0 0 0 0 0 0 0 0 0 0 0 0 0 0 0 0 0 0 0 0 0 0 0 0 0 0 0 0 0 0 0 2 2 1 1 0 0 0 0 0 0 0 0 0 0 0 0 0 0 0 0 0 0 0 0 0 0 0 0 0 0 0 0 0 0 1 3 2 4 3 4 0 0 0 0 0 0 0 0 2 2 2 2 3 3 1 1 0 0 0 0 0 0 0 0 0 0 0 0 0 0 0 0 0 0 0 0 0 0 1 2 0 0 0 0 0 0 4 2 0 0 0 0 0 0 0 0 0 0 0 0 0 0 0 0 0 0 0 0 0 0 0 0 0 0 0 0 0 0 0 0 0 0 0 0 0 0 0 0 0 0 0 0 0 0 0 0 0 0 0 0 0 0 0 0 0 0 0 0 0 0 0 0 3 1 2 2 0 0 0 0 0 0 0 0 0 0 0 0 0 0 0 0 0 0 2 1 3 3 0 0 0 0 0 0 0 0 0 0 0 0 0 0 0 0 1 3 3 1 4 2 1 3 1 2 0 0 0 0 4 4 2 2 0 0 0 0 0 0 0 0 0 0 0 0 0 0 0 0 0 0 0 0 0 0 0 0 0 0 0 0 0 0 0 0 0 0 3 1 3 4 1 3 0 0 0 0 0 0 0 0 0 0 4 3 0 0 0 0 0 0 0 0 0 0 3 3 0 0 0 0 3 3 0 0 0 0 0 0 0 0 0 0 0 0 0 0 0 0 0 0 0 0 0 0 2 2 0 0 0 0 0 0 0 0 0 0 0 0 0 0 0 0 0 0 0 0 0 0 0 0 4 1 0 0 3 3 0 0 0 0 0 0 0 0 0 0 4 4 4 4 0 0 1 1 4 3 2 4 3 4
QUI_JCC_2017_005 3 3 4 4 4 4 2 2 4 4 3 1 2 4 3 3 2 1 1 1 4 3 4 4 1 3 4 4 1 1 3 3 2 2 1 1 4 4 3 1 2 2 4 4 1 1 1 1 4 4 4 4 2 2 3 3 1 1 2 2 4 4 0 0 2 1 3 2 1 3 3 4 1 3 2 4 2 4 2 4 3 3 2 2 4 4 1 1 0 0 3 3 1 1 2 2 4 4 1 1 4 4 1 1 3 3 4 4 2 2 1 1 2 2 1 1 2 2 4 4 3 3 4 4 3 3 3 3 2 2 3 3 2 2 2 2 3 3 4 4 2 2 1 1 2 2 3 3 4 4 4 4 2 2 4 4 2 3 2 4 3 1 1 2 2 4 3 1 1 2 1 4 2 4 2 2 3 3 4 4 3 3 3 3 4 4 1 1 1 1 1 3 2 3 4 4 3 3 3 3 4 4 3 3 4 4 3 3 2 2 3 3 3 3 2 2 4 4 3 3 4 3 1 4 3 1 1 2 2 2 1 1 3 2 3 3 2 4 1 2 3 1 3 4 3 4 3 2 4 4 1 1 2 2 1 1 2 2 1 1 3 3 0 0 4 4 3 3 3 3 2 2 3 1 4 2 1 4 1 3 1 4 2 2 3 3 3 3 2 2 1 3 2 1 1 2 3 1 3 1 1 1 1 3 3 1 4 2 1 3 1 2 4 2 3 2 4 2 2 4 2 2 3 4 1 4 3 1 2 4 2 2 1 2 3 1 3 3 2 4 3 4 2 1 4 3 2 4 1 2 3 1 3 3 3 1 3 4 1 3 4 1 3 1 1 4 2 4 1 1 4 3 0 0 0 0 0 0 0 0 0 0 3 3 2 2 1 1 3 3 2 2 1 2 3 2 4 2 1 4 1 1 3 1 3 3 2 1 2 1 2 4 0 0 1 1 2 2 4 1 2 2 1 1 2 2 1 1 4 4 4 4 4 4 1 1 3 3 4 4 4 4 3 3 3 3 2 2 4 4 2 2 4 4 4 4 4 4 3 3 1 1 4 4 2 2 0 0
QUI_JCC_2017_006 3 3 4 4 4 4 2 2 4 4 3 3 2 2 3 3 2 2 1 1 4 4 4 4 1 1 4 4 1 1 3 3 2 2 1 1 0 0 3 1 2 2 0 0 0 0 0 0 0 0 0 0 2 2 0 0 1 1 2 2 4 4 1 1 2 2 3 3 1 1 3 3 1 1 2 2 2 2 2 2 1 3 2 2 4 4 1 1 1 4 3 3 1 1 2 2 0 0 1 1 1 4 1 1 3 3 4 4 2 2 1 1 2 4 1 3 2 4 4 3 3 2 4 4 3 3 0 0 4 2 1 3 1 2 3 2 3 1 4 4 2 2 1 1 2 4 3 4 4 4 4 4 0 0 0 0 2 2 2 4 3 1 1 2 2 2 3 3 1 1 1 1 2 2 2 2 3 3 4 2 3 2 3 4 4 1 1 1 1 1 1 1 2 2 4 4 3 1 3 1 4 2 3 1 4 2 3 1 2 2 3 3 3 3 2 4 0 0 0 0 4 4 1 1 3 3 1 1 2 2 1 1 3 3 3 3 2 4 1 2 3 1 3 4 3 4 3 2 1 4 1 4 2 2 1 1 2 2 0 0 3 1 2 3 4 4 3 3 3 3 0 0 3 3 4 4 1 1 1 1 1 1 2 1 3 3 3 3 0 0 1 1 2 2 0 0 0 0 0 0 1 1 1 3 3 1 4 2 1 3 1 2 4 2 3 2 4 2 2 4 0 0 0 0 1 1 3 3 2 2 2 1 1 1 3 3 3 3 2 2 3 3 2 2 4 4 2 2 1 1 0 0 0 0 3 1 3 4 1 3 0 0 0 0 0 0 0 0 1 1 4 3 3 1 2 3 4 3 3 1 0 0 3 3 2 4 1 2 3 3 0 0 1 2 3 2 4 2 1 4 1 1 3 1 3 3 2 1 2 1 2 4 2 2 1 3 4 2 0 0 0 0 0 0 2 1 1 4 4 3 4 1 4 1 0 0 3 3 4 4 0 0 3 3 3 3 2 2 3 4 4 2 2 4 4 4 4 4 3 1 1 1 4 4 2 2 3 3
QUI_JCC_2017_007 0 0 0 0 4 2 2 4 4 2 3 3 2 2 3 1 2 1 1 1 0 0 4 4 1 1 4 1 1 3 0 0 0 0 1 4 4 4 3 1 0 0 0 0 0 0 0 0 0 0 0 0 0 0 0 0 1 3 2 2 4 2 1 4 0 0 0 0 0 0 0 0 0 0 0 0 0 0 0 0 0 0 0 0 0 0 0 0 0 0 3 3 1 1 2 2 0 0 1 3 1 4 0 0 0 0 0 0 0 0 0 0 0 0 0 0 0 0 0 0 0 0 2 2 4 4 0 0 0 0 0 0 0 0 0 0 0 0 4 4 0 0 1 1 2 4 3 4 4 4 4 4 0 0 0 0 0 0 2 2 3 3 1 1 0 0 0 0 0 0 0 0 0 0 2 2 0 0 4 2 3 2 3 4 4 1 0 0 0 0 3 3 3 3 4 4 0 0 0 0 0 0 0 0 0 0 0 0 0 0 0 0 0 0 0 0 0 0 0 0 3 3 4 4 1 1 2 2 0 0 0 0 0 0 0 0 4 4 0 0 0 0 0 0 0 0 0 0 4 4 1 1 2 2 1 1 0 0 0 0 3 3 2 2 4 4 0 0 3 3 0 0 0 0 2 2 4 4 0 0 0 0 2 2 3 2 0 0 0 0 0 0 1 1 0 0 0 0 0 0 0 0 1 3 3 1 4 2 1 3 1 2 4 2 3 2 4 2 2 4 0 0 0 0 0 0 0 0 0 0 0 0 0 0 0 0 0 0 0 0 0 0 1 1 3 3 4 4 0 0 0 0 0 0 3 1 3 4 1 3 0 0 0 0 0 0 0 0 0 0 4 3 1 1 2 2 4 4 3 3 0 0 3 3 0 0 0 0 0 0 0 0 1 2 3 2 4 2 1 4 0 0 3 1 3 3 2 1 2 1 2 4 2 2 0 0 0 0 0 0 0 0 0 0 0 0 0 0 0 0 0 0 0 0 0 0 3 3 4 4 0 0 3 3 3 3 2 2 4 4 2 2 0 0 0 0 0 0 3 1 0 0 0 0 0 0 0 0
QUI_JCC_2017_008 3 3 4 4 4 4 2 2 4 4 3 1 2 4 3 3 2 1 1 1 4 3 4 4 1 3 4 4 1 1 3 3 2 2 1 1 4 4 3 1 2 2 4 4 1 1 1 1 4 4 4 4 2 2 3 3 1 1 2 2 4 4 1 1 2 2 3 3 1 1 3 4 1 3 2 4 2 4 2 4 1 1 2 2 4 4 1 1 1 1 3 3 1 1 2 2 4 4 1 1 4 4 1 1 3 3 4 4 2 2 1 1 2 4 1 3 2 4 4 3 3 2 4 4 3 3 3 1 4 4 1 1 1 1 3 3 3 1 4 4 2 2 1 1 2 2 3 3 4 4 4 4 2 3 4 2 2 3 2 4 3 1 1 2 2 2 3 3 1 1 1 1 2 2 2 2 3 3 4 4 3 3 3 3 4 4 1 1 1 1 1 1 2 2 4 4 3 3 3 3 4 4 3 3 4 4 3 3 2 4 3 1 3 4 2 2 4 4 3 3 4 4 1 1 3 3 1 1 0 0 1 1 2 2 3 3 2 4 1 2 3 1 3 4 3 4 3 2 4 4 1 1 2 2 1 1 2 2 1 4 3 3 2 3 4 4 3 3 3 3 2 2 3 3 4 4 1 1 1 1 1 1 2 2 3 3 3 3 2 2 1 1 2 2 1 2 3 1 3 1 1 1 1 3 3 1 4 2 1 3 1 2 4 2 3 2 4 2 2 4 2 2 3 3 1 1 3 3 2 2 2 2 1 1 3 3 3 3 2 2 3 3 2 2 4 4 2 2 1 1 3 3 3 3 3 1 3 4 1 3 4 1 3 1 1 4 2 4 0 0 4 3 1 1 2 2 4 4 3 3 1 1 3 3 2 2 1 1 3 3 2 1 1 2 3 2 4 2 1 4 1 1 3 1 3 3 2 1 2 1 2 4 2 2 1 1 2 2 4 1 2 2 1 1 2 2 1 1 4 4 4 4 4 4 1 1 3 3 4 1 4 4 3 3 3 3 2 2 4 4 2 2 4 4 4 4 4 4 3 1 1 1 4 4 2 2 3 3
QUI_JCC_2017_009 0 0 0 0 0 0 0 0 0 0 3 3 2 2 0 0 2 2 1 1 4 4 4 4 1 1 0 0 0 0 0 0 0 0 0 0 0 0 3 1 0 0 0 0 0 0 0 0 0 0 0 0 0 0 0 0 1 3 2 4 4 2 0 0 2 2 3 3 1 1 0 0 0 0 0 0 0 0 0 0 1 1 0 0 0 0 0 0 0 0 0 0 0 0 0 0 0 0 3 3 0 0 0 0 3 3 4 4 2 4 1 3 0 0 1 1 2 2 4 4 0 0 4 2 3 4 0 0 0 0 0 0 0 0 0 0 3 3 4 2 2 4 1 3 0 0 0 0 4 4 0 0 0 0 0 0 2 2 2 2 3 3 1 1 0 0 0 0 0 0 0 0 0 0 0 0 0 0 0 0 0 0 0 0 0 0 2 2 0 0 0 0 0 0 4 4 3 1 3 1 4 2 3 1 4 2 0 0 0 0 0 0 0 0 2 4 0 0 3 1 3 3 4 4 1 1 2 2 0 0 0 0 0 0 0 0 0 0 0 0 0 0 0 0 0 0 0 0 4 4 1 1 0 0 0 0 2 2 1 1 1 1 0 0 0 0 3 3 0 0 0 0 3 1 4 2 1 4 0 0 0 0 2 1 3 3 3 3 0 0 0 0 2 1 0 0 0 0 0 0 0 0 0 0 0 0 0 0 0 0 0 0 4 4 3 3 4 4 2 2 0 0 3 4 0 0 0 0 0 0 2 2 1 2 0 0 0 0 0 0 4 4 1 1 3 3 4 4 2 2 1 1 0 0 3 3 3 3 1 1 0 0 0 0 0 0 0 0 0 0 0 0 3 1 2 3 4 3 3 1 1 3 3 3 0 0 0 0 0 0 0 0 0 0 0 0 0 0 0 0 0 0 3 3 3 3 2 2 2 2 2 2 2 2 0 0 4 2 0 0 0 0 0 0 0 0 0 0 0 0 0 0 0 0 0 0 0 0 0 0 0 0 0 0 0 0 2 2 0 0 0 0 0 0 0 0 0 0 3 1 1 1 0 0 0 0 0 0
QUI_JCC_2017_010 3 3 4 4 4 4 2 2 4 4 3 3 2 2 3 3 0 0 1 1 4 4 4 4 1 1 4 4 1 1 3 3 2 2 1 1 4 4 3 1 2 2 4 4 1 1 1 1 4 4 4 4 2 2 3 3 1 1 2 2 4 4 1 1 2 2 3 3 1 1 3 4 1 3 2 4 2 4 2 4 1 1 2 2 4 4 1 1 0 0 3 3 1 1 2 2 4 1 1 1 4 4 1 1 3 3 4 4 2 2 1 1 2 2 1 1 2 2 4 4 3 3 4 4 3 3 3 3 4 4 1 1 1 1 3 3 3 3 4 2 0 0 1 1 2 2 3 3 4 4 4 4 2 2 4 4 2 2 2 2 3 3 1 1 2 4 3 1 1 2 1 4 2 4 3 3 4 4 4 4 3 3 3 3 4 4 2 2 3 3 1 3 2 3 4 4 3 3 3 3 4 4 3 3 4 4 3 3 2 2 3 3 3 3 2 2 4 4 0 0 4 3 1 4 3 1 1 2 2 2 0 0 3 3 3 3 2 4 1 1 3 3 0 0 3 3 3 3 4 4 1 1 2 2 1 1 2 2 1 1 3 3 0 0 4 4 3 3 3 3 2 2 3 3 4 4 1 1 1 1 1 1 2 2 3 3 3 3 2 2 1 1 2 2 1 1 3 3 3 3 0 0 1 1 3 3 4 4 1 1 1 1 4 4 3 3 4 4 2 2 0 0 0 0 1 1 3 3 2 2 0 0 1 1 3 3 3 3 2 2 3 3 2 2 4 4 2 2 1 1 3 3 3 3 3 3 3 3 1 1 0 0 0 0 0 0 0 0 1 1 4 4 3 1 2 3 4 3 3 1 1 3 3 3 2 4 1 2 3 3 2 1 1 2 3 2 4 2 1 4 1 1 3 1 3 3 2 1 2 1 2 4 2 2 1 1 4 2 1 1 2 2 1 1 2 1 1 4 4 3 4 1 4 1 0 0 0 0 4 4 4 4 3 3 3 3 2 2 4 4 2 2 4 4 4 4 4 4 3 1 1 1 4 3 2 2 3 3
QUI_JCC_2017_011 0 0 0 0 0 0 0 0 0 0 3 3 2 2 0 0 0 0 0 0 0 0 0 0 0 0 4 1 0 0 0 0 0 0 0 0 0 0 3 1 0 0 0 0 0 0 0 0 0 0 0 0 0 0 0 0 0 0 0 0 0 0 0 0 0 0 0 0 0 0 0 0 0 0 0 0 0 0 0 0 1 3 0 0 0 0 0 0 0 0 4 3 4 1 3 2 0 0 0 0 0 0 1 1 0 0 0 0 2 2 1 1 0 0 0 0 0 0 0 0 0 0 0 0 0 0 0 0 0 0 0 0 0 0 0 0 0 0 4 4 2 2 1 1 2 2 0 0 4 4 0 0 0 0 0 0 0 0 2 2 3 3 1 1 0 0 0 0 0 0 0 0 0 0 0 0 0 0 0 0 0 0 0 0 0 0 1 2 0 0 0 0 0 0 4 2 0 0 0 0 0 0 0 0 0 0 0 0 0 0 0 0 3 4 0 0 0 0 0 0 4 4 1 1 3 3 1 1 0 0 0 0 3 3 3 3 0 0 0 0 0 0 0 0 0 0 0 0 4 4 1 1 0 0 0 0 2 4 0 0 0 0 2 2 0 0 3 3 0 0 2 4 3 3 4 4 1 1 0 0 0 0 0 0 3 3 0 0 3 2 0 0 2 2 0 0 0 0 0 0 0 0 1 3 3 1 4 2 1 3 1 2 0 0 0 0 0 0 0 0 0 0 0 0 0 0 0 0 0 0 0 0 0 0 0 0 0 0 0 0 3 3 2 2 4 4 2 2 0 0 0 0 0 0 3 1 3 4 1 3 0 0 0 0 0 0 0 0 1 1 4 3 3 1 2 3 4 3 3 1 1 3 3 3 2 4 1 2 3 3 0 0 0 0 0 0 0 0 0 0 0 0 0 0 0 0 0 0 0 0 0 0 2 2 1 1 4 4 0 0 0 0 0 0 2 1 1 4 4 3 4 1 4 1 0 0 0 0 0 0 4 4 0 0 3 3 2 2 0 0 0 0 0 0 0 0 0 0 0 0 3 1 0 0 0 0 0 0
QUI_JCC_2017_012 0 0 0 0 0 0 0 0 0 0 3 3 2 2 0 0 0 0 0 0 0 0 0 0 0 0 0 0 0 0 3 4 2 4 0 0 0 0 3 1 2 2 2 2 4 4 2 2 1 1 2 2 4 4 1 1 1 3 2 2 4 2 1 4 2 2 3 3 1 1 3 4 1 3 2 4 2 4 2 4 0 0 0 0 0 0 0 0 0 0 0 0 0 0 0 0 0 0 0 0 0 0 1 3 0 0 0 0 2 4 1 3 0 0 0 0 0 0 0 0 0 0 0 0 0 0 0 0 2 2 0 0 0 0 0 0 0 0 0 0 0 0 0 0 2 4 3 4 4 4 0 0 0 0 0 0 0 0 0 0 3 3 1 1 0 0 3 3 1 1 1 1 2 2 0 0 0 0 4 2 3 2 3 4 4 1 1 1 0 0 0 0 0 0 0 0 0 0 0 0 0 0 0 0 0 0 0 0 0 0 0 0 0 0 0 0 0 0 0 0 0 0 0 0 0 0 0 0 2 2 0 0 0 0 0 0 0 0 0 0 0 0 0 0 0 0 0 0 1 1 0 0 0 0 0 0 0 0 1 1 0 0 0 0 0 0 3 1 0 0 2 2 0 0 0 0 0 0 0 0 0 0 1 1 0 0 0 0 0 0 0 0 0 0 0 0 0 0 0 0 1 4 0 0 3 3 4 4 1 1 1 1 0 0 0 0 0 0 0 0 0 0 0 0 0 0 0 0 0 0 0 0 0 0 0 0 0 0 0 0 0 0 0 0 0 0 0 0 0 0 0 0 0 0 0 0 0 0 0 0 0 0 0 0 0 0 0 0 0 0 0 0 3 3 3 3 3 3 1 1 3 3 1 3 0 0 0 0 3 3 0 0 0 0 0 0 0 0 0 0 1 4 0 0 0 0 0 0 0 0 0 0 0 0 1 1 4 4 4 1 0 0 0 0 0 0 0 0 0 0 0 0 0 0 0 0 0 0 0 0 0 0 0 0 0 0 2 4 3 4 4 2 2 4 0 0 0 0 0 0 0 0 4 4 2 2 0 0
QUI_JCC_2017_013 3 4 4 3 4 2 2 4 4 2 3 1 2 4 0 0 2 1 0 0 4 3 4 4 1 3 4 1 1 3 3 4 2 4 1 4 0 0 3 1 2 2 4 2 1 4 1 2 4 1 4 2 2 4 3 1 1 3 2 2 4 2 0 0 0 0 0 0 0 0 3 3 1 1 2 2 2 2 2 2 1 3 2 4 4 2 1 2 1 1 3 3 1 1 0 0 0 0 1 3 1 4 1 3 0 0 0 0 0 0 0 0 0 0 0 0 0 0 0 0 0 0 4 2 3 4 3 1 4 4 1 1 1 1 3 3 0 0 0 0 0 0 1 1 2 2 0 0 0 0 4 4 2 2 4 4 2 2 0 0 3 3 1 1 4 4 1 1 2 2 4 4 4 4 2 2 3 3 0 0 0 0 0 0 0 0 1 2 1 1 0 0 0 0 4 4 3 3 3 3 4 4 3 3 4 4 0 0 0 0 0 0 0 0 2 2 4 4 3 3 3 3 4 4 1 1 2 2 0 0 1 1 0 0 0 0 2 4 1 2 3 1 3 4 3 4 3 2 0 0 0 0 2 2 1 1 2 4 0 0 3 3 2 2 4 2 3 3 3 2 0 0 1 1 2 2 4 4 0 0 0 0 2 2 3 3 3 4 3 2 0 0 1 1 0 0 3 3 3 3 1 1 1 1 3 3 4 4 1 1 1 1 4 4 3 3 4 4 2 2 0 0 0 0 4 4 1 1 4 4 2 2 2 2 3 3 3 3 2 2 3 4 2 1 4 3 2 4 1 2 3 1 3 3 3 3 3 3 1 1 0 0 3 3 1 1 2 2 1 3 4 4 3 1 2 2 4 4 3 3 0 0 3 3 2 2 1 1 3 1 2 2 1 1 3 3 4 4 1 1 1 1 0 0 0 0 0 0 0 0 2 2 2 4 0 0 2 2 1 1 2 4 1 3 0 0 0 0 0 0 0 0 0 0 1 3 0 0 4 4 4 4 3 4 0 0 2 2 3 4 4 2 2 4 0 0 0 0 0 0 1 1 4 3 2 2 0 0
QUI_JCC_2017_014 0 0 0 0 0 0 0 0 0 0 0 0 0 0 0 0 0 0 0 0 0 0 4 4 1 1 4 4 1 1 3 3 2 2 1 4 0 0 3 1 0 0 0 0 0 0 0 0 0 0 0 0 0 0 0 0 1 1 2 2 4 4 0 0 2 1 3 2 1 3 3 3 1 1 2 2 2 2 2 2 1 3 0 0 0 0 0 0 1 1 3 3 1 1 2 2 4 4 1 1 1 4 1 1 3 1 4 1 0 0 0 0 0 0 1 1 2 2 4 4 3 3 4 4 3 3 3 1 4 2 1 3 1 2 3 2 3 3 4 4 2 2 1 1 2 4 3 4 4 4 0 0 2 2 4 4 0 0 2 2 3 3 1 1 2 4 3 1 1 2 1 4 2 4 3 2 4 3 0 0 0 0 0 0 0 0 1 1 3 1 1 3 2 3 4 2 3 3 3 3 4 4 3 3 4 4 3 3 2 2 3 3 3 3 2 2 4 3 3 3 4 3 1 4 3 1 1 2 2 2 0 0 3 3 3 4 2 4 1 2 3 1 3 4 0 0 0 0 1 4 1 4 0 0 0 0 0 0 1 4 3 3 2 2 4 4 3 3 0 0 2 2 3 3 4 4 1 1 1 1 1 1 2 2 3 2 3 3 2 2 0 0 2 2 1 1 3 3 3 3 1 1 0 0 0 0 0 0 0 0 0 0 0 0 0 0 0 0 0 0 0 0 0 0 1 1 3 3 2 2 2 2 1 1 3 3 3 3 2 2 3 3 2 2 4 4 2 2 1 1 3 3 0 0 3 3 3 3 1 1 4 4 3 3 1 1 2 2 0 0 0 0 0 0 0 0 0 0 3 3 0 0 3 3 2 2 1 1 3 3 2 2 1 1 3 3 4 4 1 1 1 4 3 3 3 3 2 2 2 2 2 2 2 4 1 1 2 2 4 4 2 2 1 3 2 2 1 1 4 4 4 4 4 4 1 1 3 1 4 4 4 4 0 0 3 3 2 2 3 4 4 2 2 4 0 0 0 0 0 0 1 1 4 3 2 2 3 3
QUI_JCC_2017_015 0 0 0 0 0 0 2 2 4 4 1 1 4 4 0 0 0 0 0 0 0 0 4 2 1 3 0 0 0 0 0 0 0 0 0 0 4 3 0 0 0 0 0 0 0 0 0 0 0 0 0 0 0 0 0 0 0 0 0 0 0 0 0 0 2 2 3 3 1 1 0 0 0 0 0 0 0 0 0 0 0 0 0 0 0 0 0 0 0 0 3 3 1 1 2 2 0 0 0 0 0 0 1 1 3 1 0 0 0 0 0 0 2 2 1 1 2 2 4 4 3 3 0 0 0 0 0 0 0 0 0 0 0 0 0 0 0 0 0 0 0 0 1 1 0 0 0 0 4 4 4 2 0 0 0 0 0 0 2 4 3 1 1 2 2 2 3 3 1 1 1 1 2 2 3 3 0 0 0 0 0 0 0 0 0 0 1 2 0 0 0 0 0 0 4 4 0 0 0 0 0 0 0 0 0 0 0 0 0 0 0 0 0 0 2 2 0 0 0 0 4 4 1 1 3 3 1 1 0 0 0 0 0 0 0 0 0 0 0 0 0 0 0 0 0 0 0 0 1 4 1 4 0 0 0 0 0 0 0 0 0 0 2 2 4 4 0 0 0 0 0 0 0 0 0 0 0 0 0 0 0 0 2 2 0 0 0 0 0 0 0 0 2 2 0 0 0 0 0 0 0 0 0 0 0 0 0 0 0 0 0 0 0 0 3 3 4 4 2 2 0 0 0 0 1 1 0 0 0 0 0 0 0 0 0 0 0 0 0 0 3 3 2 2 4 4 2 2 0 0 0 0 0 0 3 3 3 3 1 1 0 0 3 3 0 0 0 0 0 0 0 0 1 1 2 2 4 4 3 3 0 0 0 0 0 0 0 0 3 3 0 0 0 0 0 0 0 0 0 0 0 0 0 0 0 0 0 0 0 0 0 0 0 0 0 0 2 2 0 0 0 0 0 0 0 0 0 0 0 0 0 0 0 0 0 0 0 0 0 0 0 0 3 4 3 4 2 2 0 0 0 0 0 0 4 3 4 3 0 0 3 1 4 4 2 2 0 0


0 0
0 0




0 0
0 0
0
0
0
0
0
0
