colony_input
colony_input
22
153
246623
1
2
1
0
0 0
0
1
0
0
1
2
0
10000
0
2
2
MK@
0@
0.01 0.01 0.01 0.01 0.01 0.01 0.01 0.01 0.01 0.01 0.01 0.01 0.01 0.01 0.01 0.01 0.01 0.01 0.01 0.01 0.01 0.01 0.01 0.01 0.01 0.01 0.01 0.01 0.01 0.01 0.01 0.01 0.01 0.01 0.01 0.01 0.01 0.01 0.01 0.01 0.01 0.01 0.01 0.01 0.01 0.01 0.01 0.01 0.01 0.01 0.01 0.01 0.01 0.01 0.01 0.01 0.01 0.01 0.01 0.01 0.01 0.01 0.01 0.01 0.01 0.01 0.01 0.01 0.01 0.01 0.01 0.01 0.01 0.01 0.01 0.01 0.01 0.01 0.01 0.01 0.01 0.01 0.01 0.01 0.01 0.01 0.01 0.01 0.01 0.01 0.01 0.01 0.01 0.01 0.01 0.01 0.01 0.01 0.01 0.01 0.01 0.01 0.01 0.01 0.01 0.01 0.01 0.01 0.01 0.01 0.01 0.01 0.01 0.01 0.01 0.01 0.01 0.01 0.01 0.01 0.01 0.01 0.01 0.01 0.01 0.01 0.01 0.01 0.01 0.01 0.01 0.01 0.01 0.01 0.01 0.01 0.01 0.01 0.01 0.01 0.01 0.01 0.01 0.01 0.01 0.01 0.01 0.01 0.01 0.01 0.01 0.01 0.01
0.01 0.01 0.01 0.01 0.01 0.01 0.01 0.01 0.01 0.01 0.01 0.01 0.01 0.01 0.01 0.01 0.01 0.01 0.01 0.01 0.01 0.01 0.01 0.01 0.01 0.01 0.01 0.01 0.01 0.01 0.01 0.01 0.01 0.01 0.01 0.01 0.01 0.01 0.01 0.01 0.01 0.01 0.01 0.01 0.01 0.01 0.01 0.01 0.01 0.01 0.01 0.01 0.01 0.01 0.01 0.01 0.01 0.01 0.01 0.01 0.01 0.01 0.01 0.01 0.01 0.01 0.01 0.01 0.01 0.01 0.01 0.01 0.01 0.01 0.01 0.01 0.01 0.01 0.01 0.01 0.01 0.01 0.01 0.01 0.01 0.01 0.01 0.01 0.01 0.01 0.01 0.01 0.01 0.01 0.01 0.01 0.01 0.01 0.01 0.01 0.01 0.01 0.01 0.01 0.01 0.01 0.01 0.01 0.01 0.01 0.01 0.01 0.01 0.01 0.01 0.01 0.01 0.01 0.01 0.01 0.01 0.01 0.01 0.01 0.01 0.01 0.01 0.01 0.01 0.01 0.01 0.01 0.01 0.01 0.01 0.01 0.01 0.01 0.01 0.01 0.01 0.01 0.01 0.01 0.01 0.01 0.01 0.01 0.01 0.01 0.01 0.01 0.01
MAR_HAN_2012_001 0 0 0 0 0 0 0 0 0 0 3 3 0 0 0 0 3 1 2 2 4 4 0 0 2 2 2 2 0 0 3 1 4 3 4 1 3 2 4 4 4 4 0 0 0 0 0 0 4 4 3 3 2 2 4 1 4 4 1 1 4 4 0 0 2 4 3 1 1 1 0 0 0 0 0 0 2 4 2 1 3 1 4 4 4 4 1 1 1 2 4 4 0 0 3 1 0 0 0 0 0 0 0 0 1 1 4 2 1 1 2 4 1 2 3 1 3 4 3 4 3 2 3 4 1 4 1 1 0 0 4 4 0 0 0 0 4 4 0 0 0 0 0 0 0 0 4 4 3 3 2 2 3 2 4 4 0 0 0 0 3 4 2 2 3 3 3 3 3 4 4 4 3 3 3 2 2 2 3 4 0 0 0 0 1 1 3 3 2 2 2 2 2 2 2 2 1 1 1 3 3 1 0 0 4 4 0 0 0 0 3 3 1 1 2 2 0 0 1 1 3 3 0 0 1 1 1 1 3 3 1 1 2 2 1 1 1 1 2 2 1 1 4 4 3 3 4 4 3 3 2 2 3 3 3 3 0 0 1 1 0 0 1 1 0 0 4 4 0 0 3 3 0 0 0 0 2 2 0 0 4 3 4 3 0 0 1 1 2 2 0 0 0 0 0 0 0 0 3 1 4 4 2 2 3 3
MAR_HAN_2012_002 0 0 2 1 0 0 0 0 0 0 0 0 1 4 4 4 3 1 0 0 0 0 2 2 2 2 2 2 1 1 3 3 0 0 0 0 0 0 0 0 4 3 1 1 0 0 0 0 0 0 3 1 2 1 4 4 0 0 0 0 0 0 0 0 0 0 0 0 1 1 0 0 1 1 0 0 2 2 2 2 3 3 0 0 4 2 1 3 0 0 4 4 4 2 3 1 1 1 0 0 4 3 2 4 1 1 0 0 0 0 0 0 0 0 0 0 0 0 0 0 0 0 0 0 0 0 0 0 0 0 4 4 0 0 0 0 0 0 0 0 0 0 0 0 0 0 4 2 3 3 2 2 3 2 4 2 0 0 0 0 3 3 0 0 3 2 0 0 3 4 0 0 0 0 0 0 0 0 0 0 1 1 0 0 1 1 3 3 0 0 0 0 0 0 0 0 0 0 0 0 0 0 3 3 4 4 3 1 1 1 3 1 1 3 2 2 0 0 1 1 3 3 0 0 1 1 1 1 3 3 1 1 2 2 1 1 1 1 2 2 1 1 4 4 3 3 4 4 3 3 2 2 3 3 3 3 4 1 0 0 2 2 0 0 2 4 0 0 0 0 3 3 0 0 1 1 2 2 2 4 0 0 0 0 3 1 1 3 2 2 0 0 0 0 0 0 0 0 3 3 0 0 0 0 0 0
MAR_HAN_2012_004 2 4 0 0 0 0 4 2 3 1 0 0 0 0 0 0 3 1 0 0 4 4 0 0 2 2 2 2 0 0 3 3 0 0 0 0 0 0 0 0 4 4 1 1 0 0 0 0 0 0 3 3 0 0 4 1 0 0 0 0 0 0 4 4 0 0 0 0 1 1 1 3 1 3 0 0 0 0 0 0 0 0 0 0 0 0 3 3 0 0 4 4 0 0 3 3 0 0 0 0 0 0 2 2 1 1 0 0 1 4 0 0 0 0 0 0 0 0 0 0 0 0 0 0 0 0 0 0 0 0 0 0 0 0 0 0 4 3 3 3 2 2 4 4 0 0 0 0 0 0 2 2 0 0 0 0 0 0 2 1 0 0 2 2 3 3 0 0 0 0 4 4 0 0 3 3 0 0 0 0 0 0 2 2 1 1 3 3 2 2 2 2 2 2 2 2 1 1 3 3 0 0 0 0 4 2 3 3 0 0 0 0 0 0 0 0 1 4 1 3 3 2 0 0 1 3 1 3 3 3 1 3 2 2 1 1 1 1 2 2 1 1 4 4 3 3 4 4 3 3 2 2 3 3 3 3 1 1 1 1 0 0 0 0 0 0 4 4 4 2 0 0 0 0 1 1 2 2 2 4 0 0 0 0 0 0 0 0 1 2 4 2 1 3 3 3 2 4 3 3 4 4 2 2 3 3
MAR_HAN_2012_005 2 2 2 1 1 2 4 4 3 3 3 3 1 1 4 3 3 1 2 2 4 4 4 2 2 2 2 2 0 0 3 3 4 3 4 1 3 2 4 1 4 4 1 1 4 1 1 1 4 4 3 3 2 2 4 4 4 4 1 1 4 4 4 4 2 2 3 3 1 1 1 3 1 1 3 3 4 4 1 1 1 1 4 4 4 2 1 3 1 2 4 4 4 2 3 1 1 1 3 3 4 4 2 2 1 1 4 4 1 1 2 4 1 2 3 1 3 4 3 4 3 2 3 3 1 1 1 1 2 4 4 4 2 2 1 1 4 3 3 3 2 2 4 4 2 2 4 4 3 3 2 1 3 2 4 4 4 1 2 1 3 3 2 2 3 3 3 3 3 4 4 4 3 1 3 3 2 1 3 4 1 1 2 2 1 1 3 3 2 2 2 2 2 2 2 2 1 1 1 1 3 1 3 1 4 4 3 3 1 1 3 3 1 1 2 2 1 1 1 1 3 3 1 1 1 1 1 1 3 3 1 1 2 4 1 3 1 2 2 4 1 4 4 3 3 1 4 3 3 4 2 4 3 4 3 1 1 1 1 1 2 2 1 1 2 4 4 4 4 2 3 3 3 4 1 1 2 2 2 4 4 3 4 3 0 0 1 1 2 2 4 4 1 1 3 3 2 2 3 3 4 4 2 2 3 3
MAR_HAN_2012_006 2 2 0 0 0 0 0 0 0 0 4 4 1 4 0 0 3 1 2 2 4 4 0 0 2 2 2 2 1 1 3 3 3 3 1 1 2 2 4 1 4 4 1 1 4 4 1 1 4 4 3 1 2 2 4 4 4 4 1 1 4 4 0 0 2 4 3 1 1 1 1 1 1 1 3 3 0 0 0 0 3 3 4 1 0 0 0 0 2 2 4 4 4 2 1 1 1 3 3 3 4 4 2 2 0 0 4 2 0 0 2 4 1 2 3 1 3 4 3 4 3 2 3 4 1 1 1 1 0 0 4 4 2 2 1 1 4 4 3 1 2 4 4 2 2 2 4 4 3 3 2 2 3 2 4 4 0 0 0 0 3 3 2 1 3 3 0 0 4 4 4 4 0 0 3 3 0 0 0 0 1 1 2 2 1 4 3 1 2 4 2 2 2 2 2 2 1 2 1 3 3 1 3 3 4 4 3 3 1 1 3 3 1 3 0 0 4 4 0 0 0 0 1 1 1 1 1 1 3 4 1 1 2 4 1 3 1 2 2 4 1 4 4 3 3 1 4 3 3 3 2 2 3 4 3 1 4 1 1 1 2 2 1 3 0 0 4 4 4 2 3 3 3 4 1 1 2 2 2 2 4 3 4 3 0 0 1 1 2 2 4 4 1 1 3 1 2 2 3 1 4 4 2 2 0 0
MAR_HAN_2012_007 2 2 2 1 1 2 4 4 3 3 4 3 0 0 4 3 3 1 2 2 4 4 4 2 2 2 2 2 1 1 3 3 4 4 4 4 3 3 4 4 4 4 1 1 4 4 1 1 4 4 3 3 2 2 0 0 4 4 1 1 4 4 0 0 2 2 3 1 0 0 1 3 1 1 1 3 0 0 0 0 0 0 4 1 4 4 1 1 2 2 4 4 4 2 3 1 0 0 3 3 4 4 2 2 1 3 4 4 0 0 2 4 1 2 3 1 3 4 3 4 3 2 3 4 1 1 1 1 2 4 4 4 2 2 1 1 4 4 3 3 2 2 4 4 2 2 4 4 3 3 2 2 3 2 4 4 0 0 2 2 3 3 2 2 3 3 3 3 4 4 4 4 3 1 3 3 2 1 3 4 0 0 2 1 1 1 3 3 2 2 2 2 0 0 2 2 1 1 3 3 3 1 3 3 4 4 3 3 1 1 3 3 1 1 0 0 1 4 1 1 3 3 1 1 1 1 1 1 3 3 1 1 2 2 1 1 1 1 2 2 1 1 4 4 3 3 4 4 3 3 2 2 3 3 3 3 4 1 1 1 2 2 1 1 2 2 4 2 4 2 3 3 0 0 0 0 2 2 2 4 3 3 3 3 0 0 1 1 1 2 4 4 1 1 3 3 2 2 3 3 4 4 2 2 3 3
MAR_HAN_2012_009 2 2 0 0 0 0 0 0 0 0 4 3 0 0 0 0 0 0 2 2 0 0 0 0 2 2 2 2 0 0 3 3 4 3 4 1 3 2 0 0 4 4 0 0 0 0 1 1 0 0 3 3 0 0 0 0 0 0 0 0 0 0 0 0 0 0 1 1 0 0 1 1 0 0 0 0 0 0 0 0 0 0 4 4 0 0 0 0 1 2 4 2 4 2 0 0 0 0 0 0 0 0 0 0 0 0 0 0 0 0 0 0 0 0 0 0 0 0 0 0 0 0 0 0 0 0 0 0 0 0 4 3 0 0 0 0 4 3 0 0 0 0 0 0 2 2 0 0 0 0 2 2 3 2 4 4 0 0 2 1 0 0 2 2 0 0 0 0 0 0 0 0 0 0 0 0 2 1 0 0 0 0 0 0 1 1 3 3 2 2 2 1 2 1 2 2 1 1 0 0 3 1 0 0 0 0 0 0 0 0 0 0 0 0 2 2 0 0 0 0 0 0 0 0 0 0 0 0 0 0 0 0 2 4 1 3 1 2 2 4 1 4 4 3 3 1 4 3 3 4 2 4 3 4 3 1 4 1 0 0 2 2 1 1 2 2 4 4 0 0 0 0 0 0 0 0 2 2 0 0 0 0 0 0 0 0 1 1 1 2 0 0 0 0 0 0 0 0 0 0 4 4 2 2 0 0
MAR_HAN_2012_010 2 2 2 2 1 1 4 4 3 3 3 3 1 1 4 3 3 1 0 0 4 4 2 2 2 4 2 2 1 4 3 3 4 3 4 1 3 2 4 4 4 4 1 1 0 0 1 1 4 4 3 3 2 2 4 4 4 4 1 1 4 4 4 4 2 2 3 1 1 1 1 3 1 1 1 1 2 2 2 2 3 3 4 4 4 2 1 3 1 2 4 4 4 2 1 1 1 1 3 3 4 4 2 2 1 3 4 4 1 1 2 4 1 2 3 1 3 4 3 4 3 2 3 3 1 4 1 1 0 0 4 4 2 1 1 4 4 4 3 3 2 2 4 4 0 0 4 4 3 3 2 2 0 0 4 4 4 1 2 1 3 3 2 2 3 3 3 3 4 4 4 4 3 3 3 3 1 1 3 3 1 1 0 0 1 1 3 3 2 2 2 2 2 2 2 2 1 1 3 3 1 1 3 3 4 4 3 1 1 3 3 3 1 1 2 2 0 0 1 1 3 3 1 1 1 1 1 1 3 3 1 1 2 2 1 1 1 1 2 2 1 1 4 4 3 3 4 4 3 3 2 2 3 3 3 3 4 1 1 1 2 2 1 1 2 4 4 4 0 0 3 3 0 0 1 1 2 2 2 2 3 3 3 3 3 1 1 1 2 2 4 4 1 1 3 3 2 2 3 3 4 4 2 2 3 3
MAR_HAN_2012_011 2 2 0 0 0 0 4 4 3 3 4 3 0 0 0 0 3 1 0 0 4 4 0 0 2 2 2 2 0 0 0 0 0 0 0 0 0 0 0 0 0 0 1 1 4 1 1 1 4 4 3 3 2 2 4 4 4 4 1 1 4 4 0 0 2 2 0 0 1 1 1 3 1 1 1 3 0 0 0 0 1 1 0 0 0 0 3 3 1 1 4 4 4 2 3 1 1 1 3 3 0 0 2 2 1 1 0 0 0 0 2 4 1 2 3 1 3 4 3 4 3 2 3 3 1 1 1 4 0 0 4 4 2 2 1 1 4 3 3 1 2 4 4 2 2 3 0 0 3 3 2 2 3 3 0 0 0 0 0 0 3 3 2 2 3 3 0 0 0 0 0 0 0 0 0 0 2 1 0 0 1 1 2 2 1 1 3 3 2 2 2 2 2 2 2 2 1 1 1 1 3 1 3 3 4 4 0 0 0 0 3 3 0 0 0 0 0 0 1 1 3 3 1 1 1 1 1 1 3 3 1 1 0 0 0 0 0 0 0 0 0 0 0 0 0 0 0 0 0 0 0 0 0 0 0 0 4 1 1 1 0 0 1 1 2 4 0 0 0 0 0 0 3 3 0 0 2 2 2 2 0 0 0 0 0 0 1 1 0 0 4 4 1 1 3 3 2 4 3 1 4 3 2 4 3 4
MAR_HAN_2012_012 0 0 0 0 0 0 4 4 3 3 0 0 1 1 4 3 3 1 2 2 0 0 2 2 2 2 2 2 0 0 3 3 4 4 4 4 3 3 0 0 0 0 0 0 4 1 1 3 4 4 3 3 0 0 4 4 0 0 0 0 0 0 0 0 2 4 1 1 1 1 1 3 1 1 1 1 0 0 0 0 0 0 0 0 4 2 1 3 0 0 0 0 4 2 1 1 1 1 3 3 0 0 0 0 0 0 0 0 0 0 0 0 0 0 0 0 0 0 0 0 0 0 0 0 0 0 0 0 0 0 0 0 0 0 0 0 4 3 0 0 0 0 0 0 2 2 0 0 3 3 2 2 0 0 0 0 0 0 0 0 3 3 2 2 3 3 0 0 0 0 4 4 0 0 0 0 2 1 3 4 0 0 0 0 0 0 3 3 2 2 2 2 2 2 2 2 1 1 0 0 1 1 0 0 4 4 0 0 0 0 0 0 1 3 0 0 0 0 1 1 3 3 0 0 0 0 0 0 0 0 0 0 0 0 0 0 0 0 0 0 0 0 0 0 0 0 0 0 0 0 0 0 0 0 0 0 0 0 0 0 0 0 0 0 2 4 0 0 4 2 0 0 0 0 1 1 0 0 0 0 4 3 4 3 0 0 1 1 1 2 0 0 0 0 0 0 0 0 3 1 0 0 0 0 0 0
MAR_HAN_2012_013 0 0 0 0 0 0 0 0 0 0 0 0 0 0 0 0 3 1 0 0 0 0 0 0 0 0 0 0 0 0 0 0 4 3 4 1 3 2 0 0 0 0 1 1 0 0 1 3 0 0 0 0 0 0 0 0 0 0 0 0 0 0 0 0 0 0 0 0 1 1 0 0 0 0 0 0 2 2 2 2 3 3 0 0 0 0 0 0 0 0 0 0 0 0 0 0 1 1 3 3 0 0 0 0 0 0 0 0 0 0 0 0 0 0 0 0 0 0 0 0 0 0 0 0 0 0 0 0 0 0 0 0 0 0 0 0 0 0 3 3 2 2 4 4 0 0 0 0 3 3 2 2 0 0 0 0 0 0 0 0 0 0 2 2 3 3 3 1 3 4 0 0 0 0 0 0 0 0 3 4 0 0 0 0 0 0 0 0 0 0 0 0 0 0 0 0 0 0 0 0 3 1 3 3 0 0 0 0 0 0 3 3 1 1 0 0 0 0 1 3 3 2 1 3 0 0 0 0 0 0 0 0 0 0 0 0 0 0 0 0 0 0 0 0 0 0 0 0 0 0 0 0 0 0 0 0 0 0 0 0 0 0 0 0 0 0 0 0 0 0 0 0 0 0 0 0 0 0 0 0 0 0 0 0 0 0 0 0 0 0 0 0 0 0 3 1 2 2 0 0 4 4 2 4 3 4
MAR_HAN_2012_014 2 2 2 1 1 2 0 0 3 3 3 3 0 0 0 0 3 1 2 2 4 4 2 2 0 0 0 0 1 1 3 3 0 0 0 0 0 0 0 0 4 4 1 1 0 0 0 0 4 4 3 3 2 2 4 4 4 4 1 1 4 4 4 2 2 4 3 1 1 1 1 3 1 1 3 3 2 4 2 1 3 1 0 0 4 2 1 3 1 2 4 4 4 4 3 3 1 3 0 0 4 4 2 2 1 1 4 4 1 1 2 4 1 2 3 1 3 4 3 4 3 2 3 3 1 1 1 1 0 0 4 4 2 1 1 1 4 3 3 3 2 2 4 4 2 2 4 4 3 3 2 2 0 0 0 0 0 0 0 0 3 3 2 2 3 3 3 3 3 4 4 4 3 3 3 2 2 1 3 3 1 1 2 2 1 1 3 3 2 2 2 1 2 1 0 0 0 0 3 3 3 1 0 0 4 4 3 3 1 1 3 3 1 1 2 2 1 1 1 1 3 3 1 1 1 1 1 1 3 3 1 1 2 4 1 3 1 2 2 4 1 4 4 3 3 1 4 3 3 3 2 2 3 4 3 1 0 0 1 4 2 2 1 1 2 2 4 4 4 2 3 3 3 3 1 1 2 2 2 2 4 3 4 3 0 0 1 1 2 2 4 4 1 1 3 3 2 4 3 1 4 4 2 4 3 4
MAR_HAN_2012_016 0 0 0 0 0 0 0 0 0 0 0 0 0 0 0 0 3 1 0 0 0 0 0 0 0 0 0 0 0 0 3 3 4 3 4 1 3 2 0 0 0 0 0 0 0 0 0 0 0 0 0 0 0 0 4 4 0 0 0 0 0 0 0 0 0 0 3 3 1 1 0 0 0 0 0 0 0 0 2 2 3 3 0 0 0 0 0 0 0 0 0 0 4 2 0 0 0 0 0 0 0 0 0 0 0 0 2 2 0 0 0 0 0 0 0 0 0 0 0 0 0 0 0 0 0 0 0 0 0 0 0 0 0 0 0 0 0 0 3 1 2 4 4 2 2 2 0 0 3 1 0 0 0 0 0 0 0 0 0 0 0 0 2 2 3 3 0 0 3 4 0 0 0 0 0 0 0 0 3 4 0 0 0 0 0 0 0 0 0 0 0 0 0 0 0 0 0 0 0 0 3 1 3 3 4 4 0 0 0 0 0 0 1 1 0 0 0 0 0 0 0 0 1 1 0 0 0 0 0 0 0 0 0 0 0 0 0 0 0 0 0 0 0 0 0 0 0 0 0 0 0 0 0 0 0 0 0 0 0 0 0 0 0 0 0 0 0 0 0 0 0 0 3 3 0 0 0 0 0 0 0 0 0 0 0 0 1 1 0 0 0 0 0 0 3 3 2 4 0 0 0 0 0 0 0 0
MAR_HAN_2012_017 0 0 0 0 0 0 0 0 0 0 0 0 0 0 4 4 3 1 0 0 0 0 0 0 0 0 0 0 0 0 3 3 4 3 4 1 3 2 0 0 4 4 1 1 0 0 0 0 4 4 3 3 0 0 4 1 0 0 0 0 0 0 0 0 0 0 0 0 0 0 0 0 1 1 1 3 2 4 2 1 3 1 0 0 0 0 0 0 1 2 4 4 4 2 1 1 1 1 3 3 0 0 0 0 0 0 0 0 1 1 2 4 1 2 3 1 3 4 0 0 0 0 3 3 1 4 0 0 0 0 0 0 0 0 0 0 0 0 0 0 0 0 0 0 2 2 0 0 3 3 2 2 0 0 4 4 0 0 0 0 0 0 2 2 3 3 0 0 3 4 4 1 0 0 3 3 2 1 0 0 1 1 0 0 0 0 0 0 0 0 0 0 0 0 0 0 0 0 1 3 0 0 3 1 4 4 0 0 0 0 0 0 0 0 0 0 0 0 0 0 0 0 1 1 1 1 1 1 3 3 1 1 2 2 1 1 1 1 2 2 1 1 4 4 3 3 4 4 3 3 2 2 3 3 3 3 0 0 0 0 0 0 0 0 0 0 0 0 4 4 3 3 0 0 1 1 2 2 2 2 0 0 0 0 0 0 1 1 2 2 4 4 1 1 0 0 2 2 3 3 0 0 0 0 0 0
MAR_HAN_2012_018 0 0 2 2 1 1 0 0 0 0 0 0 1 4 0 0 0 0 0 0 0 0 0 0 0 0 0 0 0 0 0 0 0 0 0 0 0 0 0 0 0 0 0 0 0 0 0 0 0 0 0 0 0 0 0 0 0 0 0 0 0 0 0 0 0 0 3 1 1 3 0 0 1 1 0 0 2 4 2 1 3 1 0 0 0 0 0 0 0 0 0 0 0 0 0 0 0 0 0 0 0 0 0 0 1 3 0 0 0 0 0 0 0 0 0 0 0 0 0 0 0 0 0 0 0 0 0 0 0 0 0 0 0 0 0 0 0 0 0 0 0 0 0 0 0 0 0 0 3 3 2 2 0 0 0 0 0 0 0 0 0 0 2 2 3 3 3 3 0 0 0 0 0 0 0 0 0 0 3 4 0 0 0 0 0 0 0 0 0 0 0 0 0 0 0 0 0 0 0 0 3 1 0 0 0 0 0 0 0 0 0 0 1 1 0 0 0 0 0 0 0 0 0 0 0 0 0 0 0 0 0 0 0 0 0 0 0 0 2 4 1 4 4 3 0 0 4 3 0 0 0 0 0 0 0 0 0 0 0 0 0 0 3 3 0 0 0 0 0 0 0 0 0 0 0 0 0 0 0 0 0 0 0 0 0 0 1 1 0 0 0 0 0 0 0 0 0 0 0 0 0 0 0 0 0 0
MAR_HAN_2012_019 0 0 2 1 1 2 0 0 0 0 0 0 0 0 0 0 3 1 0 0 0 0 0 0 2 2 0 0 0 0 3 3 4 3 4 1 3 2 4 1 0 0 1 1 0 0 0 0 4 3 0 0 0 0 4 4 0 0 0 0 0 0 0 0 2 2 3 1 1 1 0 0 0 0 0 0 0 0 0 0 0 0 0 0 0 0 0 0 0 0 0 0 0 0 3 1 1 1 3 4 0 0 0 0 0 0 0 0 0 0 0 0 0 0 0 0 0 0 0 0 0 0 0 0 0 0 0 0 4 4 0 0 0 0 0 0 0 0 3 1 2 4 4 2 0 0 0 0 3 3 2 2 0 0 0 0 0 0 0 0 3 3 2 2 0 0 3 3 0 0 4 4 0 0 0 0 0 0 3 3 0 0 0 0 1 1 3 3 2 2 0 0 0 0 0 0 0 0 0 0 1 1 3 3 4 4 0 0 0 0 3 3 1 1 0 0 0 0 1 1 3 3 3 3 0 0 0 0 0 0 0 0 0 0 0 0 0 0 0 0 0 0 0 0 0 0 0 0 0 0 0 0 0 0 0 0 0 0 0 0 0 0 0 0 2 2 0 0 0 0 0 0 0 0 1 1 2 2 0 0 0 0 0 0 0 0 1 1 0 0 0 0 0 0 3 3 2 2 3 1 4 4 2 4 3 4
MAR_HAN_2012_020 2 2 2 2 1 1 0 0 0 0 0 0 1 1 0 0 3 1 2 2 4 4 0 0 0 0 0 0 0 0 3 3 4 4 4 4 3 3 0 0 0 0 0 0 0 0 1 1 0 0 0 0 2 2 0 0 4 4 1 1 4 4 0 0 2 2 3 3 1 1 0 0 1 1 1 3 2 2 2 2 3 3 0 0 0 0 0 0 0 0 0 0 4 4 3 1 0 0 0 0 0 0 0 0 1 1 0 0 0 0 0 0 0 0 0 0 0 0 0 0 0 0 3 4 1 1 1 1 0 0 0 0 0 0 0 0 0 0 3 1 2 4 4 2 2 2 0 0 3 3 2 2 0 0 0 0 0 0 0 0 0 0 2 2 3 3 3 3 0 0 0 0 0 0 3 3 2 1 3 3 0 0 2 2 0 0 0 0 0 0 0 0 0 0 0 0 0 0 0 0 3 1 3 1 4 4 0 0 0 0 3 3 1 3 0 0 0 0 1 1 3 3 1 1 0 0 0 0 0 0 0 0 0 0 0 0 0 0 0 0 0 0 0 0 0 0 0 0 0 0 0 0 0 0 0 0 0 0 0 0 0 0 0 0 2 4 4 4 0 0 0 0 0 0 0 0 2 2 0 0 4 4 4 4 0 0 1 1 0 0 0 0 0 0 3 3 2 4 0 0 4 4 2 2 0 0
MAR_HAN_2012_021 0 0 0 0 0 0 0 0 0 0 0 0 1 1 0 0 3 1 0 0 4 2 0 0 0 0 0 0 0 0 0 0 4 4 4 4 3 3 0 0 0 0 1 3 0 0 1 1 0 0 0 0 0 0 4 4 0 0 0 0 0 0 0 0 2 4 0 0 1 1 0 0 1 1 1 3 2 4 2 1 3 1 0 0 0 0 0 0 0 0 4 4 0 0 0 0 0 0 0 0 0 0 0 0 0 0 0 0 0 0 0 0 0 0 0 0 0 0 0 0 0 0 0 0 0 0 0 0 0 0 0 0 0 0 0 0 4 3 3 3 2 2 0 0 0 0 0 0 3 3 0 0 3 3 0 0 0 0 0 0 0 0 2 2 3 3 3 3 3 4 4 4 0 0 0 0 1 1 3 3 1 4 0 0 1 1 3 3 2 2 0 0 2 1 0 0 0 0 0 0 0 0 3 3 4 4 0 0 1 3 0 0 1 3 0 0 0 0 0 0 0 0 0 0 0 0 0 0 0 0 0 0 0 0 0 0 0 0 0 0 0 0 0 0 0 0 0 0 0 0 0 0 0 0 0 0 0 0 0 0 0 0 0 0 2 4 0 0 0 0 0 0 0 0 0 0 2 2 0 0 0 0 0 0 0 0 1 1 0 0 0 0 0 0 3 3 2 2 0 0 4 4 2 4 3 4
MAR_HAN_2012_022 0 0 0 0 0 0 4 4 3 3 0 0 1 1 0 0 3 1 0 0 4 4 4 4 2 2 2 2 0 0 3 3 4 4 4 4 3 3 4 4 4 4 0 0 4 4 1 3 4 4 3 3 2 2 4 4 4 1 1 4 4 3 4 4 4 4 3 1 1 1 1 3 1 1 1 1 4 4 1 1 1 1 0 0 2 2 3 3 1 1 4 4 4 4 1 1 1 1 3 3 4 4 2 2 0 0 4 4 1 1 2 4 1 2 3 1 3 4 3 4 3 2 3 3 1 1 1 1 0 0 4 4 0 0 0 0 4 4 0 0 0 0 0 0 0 0 0 0 3 3 0 0 3 2 0 0 4 1 0 0 3 4 2 2 3 3 3 3 3 3 4 4 3 1 3 3 2 1 0 0 1 1 0 0 0 0 3 3 2 2 2 2 2 2 2 2 1 1 1 1 1 1 3 3 4 4 0 0 0 0 3 3 1 1 2 2 1 4 1 1 3 3 1 1 1 1 1 1 3 3 1 1 2 2 1 1 1 1 2 2 1 1 4 4 3 3 4 4 3 3 2 2 3 3 3 3 4 4 1 1 2 4 1 1 2 4 0 0 4 2 3 4 0 0 1 1 2 2 2 2 4 3 4 3 0 0 0 0 2 2 4 4 1 1 3 3 2 4 0 0 4 4 2 2 3 3
MAR_HAN_2012_023 2 2 2 1 1 1 4 4 3 3 3 3 1 1 4 3 3 1 2 4 4 4 4 2 2 2 2 2 1 1 3 3 4 4 4 4 3 3 4 4 4 4 1 1 4 4 1 1 4 4 3 3 2 2 4 4 4 4 1 1 4 4 0 0 2 4 3 3 1 1 1 3 1 1 1 3 2 2 2 2 3 3 4 4 2 2 3 3 1 2 4 4 2 2 1 1 1 1 3 3 4 4 2 2 0 0 4 4 1 1 2 4 1 2 3 1 3 4 3 4 3 2 0 0 0 0 0 0 2 4 4 4 2 2 1 1 4 4 3 1 2 2 4 4 2 2 4 4 3 3 2 2 3 3 4 4 0 0 1 1 3 3 2 2 3 3 3 3 3 4 4 4 3 3 3 3 1 1 3 3 1 1 0 0 1 1 3 3 2 2 2 1 2 1 2 1 1 1 1 3 1 1 3 3 4 4 3 1 1 1 3 3 1 1 2 2 1 1 1 1 3 3 1 1 1 1 1 1 3 3 1 1 2 4 1 3 1 2 2 4 1 4 4 3 3 1 4 3 3 4 2 4 3 4 3 1 4 4 1 1 2 2 1 1 2 4 4 4 4 2 3 3 3 3 3 1 2 2 0 0 4 3 4 3 0 0 1 1 1 2 4 4 1 1 3 3 2 2 3 3 4 4 2 4 3 4
MAR_HAN_2012_024 2 2 2 1 1 2 4 4 3 3 0 0 1 1 4 3 3 1 0 0 4 4 4 2 2 2 2 1 1 1 0 0 4 4 4 4 3 3 0 0 4 4 1 1 4 4 0 0 4 4 3 3 2 2 4 4 0 0 0 0 0 0 4 4 2 4 3 1 1 1 1 1 1 1 1 3 0 0 0 0 0 0 4 4 2 2 3 3 1 2 4 4 4 2 1 1 1 1 3 3 4 4 2 2 0 0 4 4 1 1 2 4 1 2 3 1 3 4 0 0 0 0 3 3 1 4 1 1 4 4 4 4 2 2 1 1 0 0 3 3 2 2 4 4 2 3 4 4 0 0 0 0 2 2 4 4 0 0 0 0 3 3 2 2 3 3 3 3 0 0 4 4 0 0 3 3 0 0 3 3 1 1 2 2 1 1 3 3 2 2 0 0 0 0 0 0 0 0 3 3 0 0 3 3 4 4 3 1 1 1 0 0 1 1 2 1 4 4 1 1 3 3 1 1 1 1 1 1 3 3 1 1 2 2 1 1 1 1 2 2 1 1 4 4 3 3 4 4 3 3 2 2 3 3 3 3 4 4 1 1 2 2 1 1 4 4 0 0 4 4 3 3 0 0 1 1 2 4 2 2 4 3 4 3 3 1 1 1 2 2 4 4 1 1 3 3 2 2 0 0 0 0 0 0 0 0
MAR_HAN_2012_025 2 2 2 1 0 0 4 4 3 3 0 0 1 1 4 4 3 1 2 4 4 4 4 4 2 2 2 2 1 1 3 3 4 4 4 4 3 3 0 0 4 4 1 1 4 4 1 1 4 4 3 3 2 2 4 4 4 4 1 1 4 4 4 4 2 4 3 1 1 1 1 1 1 1 1 1 2 4 2 1 3 1 4 4 2 2 3 3 1 1 4 4 4 4 1 1 1 1 3 3 4 4 2 2 1 3 4 4 1 1 2 4 1 2 3 1 3 4 3 4 3 2 3 3 1 4 1 1 4 4 4 4 2 2 1 1 4 4 3 3 2 2 4 4 0 0 4 4 3 3 2 2 2 2 4 4 0 0 2 2 3 3 2 2 0 0 3 3 4 4 4 4 3 3 3 3 2 1 3 3 0 0 2 2 1 1 3 3 2 2 2 2 2 2 2 2 1 1 1 3 1 1 3 1 4 4 3 3 1 1 3 3 1 1 2 2 1 1 1 1 3 3 1 1 1 1 1 1 3 3 1 1 2 4 1 3 1 2 2 4 1 4 4 3 3 1 4 3 3 4 2 4 3 4 3 1 4 1 1 1 2 2 1 1 2 4 4 4 4 4 3 3 3 3 1 1 2 2 2 4 4 3 4 3 3 1 1 1 2 2 4 4 1 1 3 3 2 4 3 3 4 4 2 2 3 3


0 0
0 0




0 0
0 0
0
0
0
0
0
0
