colony_input
colony_input
20
140
556653
1
2
1
0
0 0
0
1
0
0
1
2
0
10000
0
2
2
MK@
0@
0.01 0.01 0.01 0.01 0.01 0.01 0.01 0.01 0.01 0.01 0.01 0.01 0.01 0.01 0.01 0.01 0.01 0.01 0.01 0.01 0.01 0.01 0.01 0.01 0.01 0.01 0.01 0.01 0.01 0.01 0.01 0.01 0.01 0.01 0.01 0.01 0.01 0.01 0.01 0.01 0.01 0.01 0.01 0.01 0.01 0.01 0.01 0.01 0.01 0.01 0.01 0.01 0.01 0.01 0.01 0.01 0.01 0.01 0.01 0.01 0.01 0.01 0.01 0.01 0.01 0.01 0.01 0.01 0.01 0.01 0.01 0.01 0.01 0.01 0.01 0.01 0.01 0.01 0.01 0.01 0.01 0.01 0.01 0.01 0.01 0.01 0.01 0.01 0.01 0.01 0.01 0.01 0.01 0.01 0.01 0.01 0.01 0.01 0.01 0.01 0.01 0.01 0.01 0.01 0.01 0.01 0.01 0.01 0.01 0.01 0.01 0.01 0.01 0.01 0.01 0.01 0.01 0.01 0.01 0.01 0.01 0.01 0.01 0.01 0.01 0.01 0.01 0.01 0.01 0.01 0.01 0.01 0.01 0.01 0.01 0.01 0.01 0.01 0.01 0.01
0.01 0.01 0.01 0.01 0.01 0.01 0.01 0.01 0.01 0.01 0.01 0.01 0.01 0.01 0.01 0.01 0.01 0.01 0.01 0.01 0.01 0.01 0.01 0.01 0.01 0.01 0.01 0.01 0.01 0.01 0.01 0.01 0.01 0.01 0.01 0.01 0.01 0.01 0.01 0.01 0.01 0.01 0.01 0.01 0.01 0.01 0.01 0.01 0.01 0.01 0.01 0.01 0.01 0.01 0.01 0.01 0.01 0.01 0.01 0.01 0.01 0.01 0.01 0.01 0.01 0.01 0.01 0.01 0.01 0.01 0.01 0.01 0.01 0.01 0.01 0.01 0.01 0.01 0.01 0.01 0.01 0.01 0.01 0.01 0.01 0.01 0.01 0.01 0.01 0.01 0.01 0.01 0.01 0.01 0.01 0.01 0.01 0.01 0.01 0.01 0.01 0.01 0.01 0.01 0.01 0.01 0.01 0.01 0.01 0.01 0.01 0.01 0.01 0.01 0.01 0.01 0.01 0.01 0.01 0.01 0.01 0.01 0.01 0.01 0.01 0.01 0.01 0.01 0.01 0.01 0.01 0.01 0.01 0.01 0.01 0.01 0.01 0.01 0.01 0.01
ROC_WLN_2009_001 2 1 2 2 4 3 2 2 4 3 3 1 2 2 2 2 2 2 2 2 1 4 2 2 1 1 4 4 4 4 1 1 3 3 1 1 3 3 4 4 1 1 4 4 3 1 1 1 1 3 2 2 2 2 3 3 2 2 3 3 1 2 3 3 4 4 1 1 1 1 2 2 3 3 4 4 1 1 2 4 1 2 3 1 3 4 3 4 3 2 3 3 1 4 2 4 4 1 1 3 2 2 3 3 2 2 4 4 2 2 3 2 3 3 2 2 2 2 3 3 3 3 3 3 2 2 2 1 2 1 2 2 4 4 3 3 1 1 4 4 4 4 1 1 1 1 3 3 3 4 4 4 1 1 3 3 2 2 2 1 2 2 1 1 4 4 4 4 2 2 2 2 4 4 2 4 2 2 2 2 1 3 3 3 3 3 1 1 1 1 3 3 1 3 4 4 1 1 1 1 3 3 1 4 2 2 2 2 1 1 1 1 2 2 1 1 4 4 3 3 4 4 3 3 2 2 3 3 3 3 4 2 4 4 3 1 3 3 1 3 4 2 3 3 1 1 4 4 2 4 2 2 4 4 4 4 0 0 1 2 2 4 3 3 4 4 4 4 3 1 3 3 4 4 2 2 2 4 3 4
ROC_WLN_2009_002 2 1 2 2 3 3 2 2 4 4 3 1 2 2 2 2 2 2 4 2 1 1 2 4 1 3 4 4 4 4 1 1 3 3 1 1 3 3 4 4 1 1 4 4 3 3 1 3 1 1 4 4 1 1 1 1 4 2 1 3 1 1 3 3 4 2 1 1 1 1 2 2 3 3 2 2 1 1 2 4 1 2 3 1 3 4 3 4 3 2 3 3 4 4 4 4 4 4 1 1 2 2 3 3 2 2 4 4 2 2 3 2 3 3 2 2 2 2 3 3 3 3 3 3 2 2 1 1 2 2 2 3 4 3 3 4 1 3 4 3 4 2 1 1 1 1 3 3 4 4 4 4 1 1 3 3 3 2 2 1 2 2 1 1 4 4 4 4 2 2 2 2 4 4 2 4 2 2 2 2 3 3 3 3 3 4 1 1 1 1 3 3 1 1 4 4 1 1 1 1 3 3 1 4 2 2 2 4 1 3 1 2 2 4 1 4 4 3 3 1 4 3 3 4 2 4 3 4 3 1 4 4 4 1 3 3 3 3 1 3 4 4 3 3 1 1 4 4 2 2 0 0 4 3 4 3 3 1 1 2 2 2 3 1 4 2 4 4 3 3 3 3 4 4 2 2 2 4 3 4
ROC_WLN_2009_003 2 1 2 1 3 3 2 2 4 3 3 1 2 4 2 2 2 2 4 4 1 1 2 2 1 1 4 4 4 4 1 1 3 3 1 1 3 3 4 4 1 1 4 4 3 3 1 3 1 3 2 2 2 2 3 3 4 2 1 3 1 1 3 3 4 2 3 1 1 1 2 2 3 3 4 2 1 1 2 4 1 2 3 1 3 4 3 4 3 2 3 3 1 1 2 4 4 4 1 1 2 2 3 1 2 4 4 2 2 2 3 2 3 3 2 2 2 2 3 3 3 3 3 3 2 2 2 2 2 1 2 2 4 4 3 3 1 1 4 4 4 4 1 1 1 1 3 3 4 4 4 4 1 2 3 1 3 3 1 1 2 2 1 1 4 4 4 4 2 2 2 2 4 4 2 2 2 2 2 2 1 3 3 3 3 3 1 1 1 1 3 3 1 1 0 0 3 3 1 1 3 3 1 4 2 2 2 2 1 1 1 1 2 2 1 1 4 4 3 3 4 4 3 3 2 2 3 3 3 3 4 2 1 1 3 3 3 3 1 1 4 4 3 3 1 1 4 4 2 2 2 2 4 4 4 4 0 0 2 2 2 2 3 3 4 2 4 2 1 1 3 3 4 4 2 2 4 4 4 4
ROC_WLN_2009_004 1 1 2 2 4 4 2 2 4 3 3 1 2 4 2 2 2 2 2 2 1 1 2 4 1 3 4 4 4 4 1 1 3 3 1 1 3 3 4 4 1 1 4 4 3 3 1 3 1 1 0 0 1 1 1 1 4 4 1 1 1 1 3 1 4 4 1 1 1 1 2 2 3 4 4 4 1 1 2 4 1 2 3 1 3 4 3 4 3 2 3 4 1 1 2 2 4 4 1 1 2 2 3 3 2 2 4 4 2 2 3 2 3 3 2 1 2 1 3 1 3 4 3 1 2 1 1 1 2 1 2 3 4 3 3 4 1 3 4 3 4 2 1 1 1 1 0 0 3 4 0 0 1 1 3 1 3 2 2 1 4 4 1 4 4 4 4 3 0 0 2 4 0 0 2 2 2 2 2 2 1 1 3 1 3 3 0 0 1 1 3 3 1 1 4 2 1 3 1 1 3 3 1 4 2 2 2 2 1 1 1 1 2 2 1 1 4 4 3 3 4 4 3 3 2 2 3 3 3 3 4 4 4 1 3 3 3 3 1 1 2 2 3 3 3 3 4 4 2 2 2 4 4 4 4 4 3 1 2 2 2 2 3 1 4 4 4 4 3 1 3 3 4 4 2 2 2 4 3 4
ROC_WLN_2009_005 1 1 2 2 3 3 2 2 0 0 3 1 0 0 2 2 2 2 4 2 1 1 2 4 1 3 4 4 4 4 1 1 3 3 1 1 3 3 4 4 0 0 0 0 3 3 1 1 1 1 2 4 2 1 3 1 2 2 3 3 1 1 3 3 4 2 1 1 1 1 2 1 3 3 2 2 1 1 2 4 1 2 3 1 3 4 3 4 3 2 3 3 1 4 2 2 4 1 1 1 2 2 3 3 2 2 4 4 2 2 2 2 3 3 2 2 2 2 3 3 3 3 3 3 2 2 2 2 2 1 0 0 4 4 3 3 1 1 4 4 4 4 1 1 1 1 3 3 3 3 4 4 1 1 0 0 3 3 2 1 2 4 1 1 0 0 4 4 2 2 2 2 4 4 2 2 2 2 2 2 0 0 3 1 3 3 1 1 1 1 3 3 1 1 4 4 1 3 1 1 3 3 4 4 2 2 2 2 1 1 1 1 2 2 1 1 4 4 3 3 4 4 3 3 2 2 3 3 3 3 4 4 4 4 3 3 3 3 1 3 2 2 3 4 1 1 4 4 2 4 2 2 4 4 4 4 0 0 1 2 2 2 3 1 4 4 4 4 3 3 3 3 4 4 2 2 2 2 3 3
ROC_WLN_2009_006 2 1 2 1 3 3 2 2 4 4 3 1 2 2 2 2 2 2 4 4 1 1 2 2 1 1 4 4 4 4 1 1 3 3 1 1 3 3 4 4 1 4 4 3 3 1 1 1 1 1 2 4 2 1 3 1 0 0 0 0 1 2 3 3 4 4 1 1 1 1 2 2 3 3 2 2 1 1 2 4 1 2 3 1 3 4 3 4 3 2 3 3 1 4 2 4 4 4 1 1 2 2 3 3 2 2 4 4 2 2 3 2 3 3 2 2 2 2 3 3 3 3 3 3 2 2 2 1 2 2 2 2 4 4 3 3 1 1 4 4 4 4 1 1 1 1 3 3 4 4 4 4 1 1 3 3 3 3 2 1 2 2 1 1 4 4 4 4 2 2 2 2 4 4 2 2 2 2 2 1 0 0 3 1 3 3 1 1 1 1 3 3 1 1 4 2 1 1 1 1 3 3 0 0 2 2 2 2 1 1 1 1 2 2 1 1 4 4 3 3 4 4 3 3 2 2 3 3 3 3 4 4 4 1 3 1 3 3 1 3 4 2 3 4 1 1 4 4 2 4 2 2 4 4 4 4 3 1 0 0 2 2 3 1 4 4 4 4 3 3 3 3 4 4 2 2 2 4 3 4
ROC_WLN_2009_007 2 2 2 2 4 3 2 2 4 4 3 1 2 2 2 2 2 2 4 4 1 4 2 2 1 1 4 4 4 4 1 1 3 3 1 1 3 3 4 4 1 1 4 4 3 3 1 1 1 1 2 4 2 1 3 1 2 2 3 3 1 1 3 3 4 2 1 1 1 1 2 2 3 3 4 4 1 1 2 4 1 2 3 1 3 4 3 4 3 2 3 3 1 4 2 4 4 1 1 3 2 2 3 3 2 2 4 4 2 2 3 3 3 3 2 2 2 2 3 3 3 3 3 3 2 2 2 1 2 2 2 3 4 3 3 4 1 3 4 3 4 2 1 1 1 1 0 0 3 4 4 1 1 1 3 3 3 3 1 1 2 2 1 1 4 4 4 4 2 2 2 2 4 4 2 2 2 2 2 2 1 1 3 3 3 3 1 1 1 1 3 3 1 1 4 4 1 1 1 1 3 3 4 4 2 2 2 2 1 1 1 1 2 2 1 1 4 4 3 3 4 4 3 3 2 2 3 3 3 3 0 0 4 1 3 3 3 1 1 1 4 2 3 3 3 1 4 2 2 4 0 0 4 4 4 4 3 3 2 2 2 2 3 3 4 4 4 4 3 1 3 3 4 4 2 2 2 2 3 3
ROC_WLN_2009_008 2 2 0 0 4 3 2 2 4 4 3 1 2 2 2 2 2 2 4 4 1 1 2 2 1 1 4 3 4 3 1 3 3 2 1 4 3 3 4 4 1 1 4 4 3 3 1 1 1 3 2 4 2 1 3 1 2 2 3 3 1 2 3 3 4 4 1 1 1 1 2 2 3 3 4 2 0 0 2 4 1 2 3 1 3 4 3 4 3 2 3 3 1 4 2 4 4 4 1 1 2 4 3 3 2 2 4 4 2 2 3 3 3 3 2 2 2 2 3 3 3 3 3 3 2 2 1 1 2 2 2 3 4 3 3 4 1 3 4 3 4 2 1 1 1 1 3 3 4 4 4 4 1 1 1 1 3 3 2 1 2 2 1 1 4 4 4 4 2 2 2 2 4 4 2 4 2 1 2 1 1 3 3 1 3 3 1 1 1 1 3 1 1 1 4 4 1 3 1 1 3 3 1 4 2 2 2 2 1 1 1 1 2 2 1 1 4 4 3 3 4 4 3 3 2 2 3 3 3 3 4 2 4 1 3 1 3 3 1 1 4 2 3 3 1 1 4 4 2 4 0 0 4 4 4 4 3 1 2 2 2 2 3 3 4 4 4 4 3 1 3 3 4 4 2 2 2 4 3 4
ROC_WLN_2009_009 2 1 0 0 0 0 2 2 4 4 3 1 2 4 2 2 2 2 0 0 1 1 0 0 0 0 4 4 0 0 0 0 3 3 1 1 3 1 0 0 1 1 4 4 3 1 0 0 0 0 2 4 2 1 3 1 0 0 0 0 1 1 0 0 0 0 3 1 1 1 0 0 0 0 4 4 0 0 2 2 1 1 3 3 3 3 0 0 0 0 0 0 0 0 2 4 0 0 1 1 2 4 3 3 2 2 0 0 0 0 3 2 0 0 0 0 2 2 3 3 3 3 3 3 2 2 0 0 2 1 2 3 4 3 3 4 1 3 4 3 4 2 1 1 1 1 0 0 0 0 4 4 1 1 0 0 0 0 2 1 0 0 1 1 4 4 0 0 0 0 2 2 0 0 2 2 2 2 2 2 0 0 3 3 0 0 0 0 0 0 3 3 3 3 4 4 1 1 1 1 3 4 0 0 2 2 0 0 0 0 0 0 0 0 0 0 0 0 0 0 0 0 0 0 0 0 0 0 0 0 0 0 4 1 0 0 3 3 0 0 0 0 0 0 0 0 4 4 2 2 0 0 4 3 4 3 0 0 1 2 2 4 3 1 0 0 0 0 0 0 0 0 4 4 2 2 0 0 0 0
ROC_WLN_2009_010 2 2 0 0 4 3 2 2 4 4 3 1 2 2 2 2 2 2 4 2 1 1 2 2 1 1 4 4 4 4 1 1 3 3 1 1 3 3 4 4 1 1 4 4 3 3 1 1 1 1 2 4 2 1 3 1 2 2 3 3 1 1 3 3 4 4 3 1 1 1 2 2 3 3 4 4 1 1 2 4 1 2 3 1 3 4 3 4 3 2 3 4 1 4 2 4 4 4 1 3 2 4 3 3 2 2 4 4 2 2 2 2 3 3 2 2 2 2 3 3 3 3 3 3 2 2 2 1 2 1 2 2 4 4 3 3 1 1 4 4 4 4 1 1 1 1 3 3 4 4 4 4 1 1 3 3 3 3 2 2 2 2 1 1 4 4 4 4 2 2 2 2 4 4 2 4 2 2 2 2 1 3 1 1 3 3 1 1 1 1 3 3 1 1 4 4 1 1 1 1 3 3 4 4 2 2 2 2 1 1 1 1 2 2 1 1 4 4 3 3 4 4 3 3 2 2 3 3 3 3 4 4 4 1 3 3 3 3 1 1 4 2 3 3 1 1 4 4 2 2 0 0 4 4 4 4 3 1 1 2 2 2 3 3 4 4 4 4 3 1 3 3 4 4 2 2 4 4 4 4
ROC_WLN_2009_011 2 2 2 2 3 3 2 2 0 0 3 1 2 2 2 2 2 2 0 0 1 1 0 0 0 0 4 3 4 3 1 3 3 2 1 4 3 3 4 1 1 1 4 4 3 3 0 0 1 1 2 4 2 1 3 1 4 2 1 3 1 1 3 3 4 4 3 1 1 1 2 2 3 3 4 2 1 1 2 2 1 1 3 3 3 3 3 3 3 3 0 0 0 0 2 4 4 4 1 3 2 4 3 3 2 2 4 4 0 0 3 2 3 3 2 2 2 2 3 3 3 3 3 3 2 2 2 1 2 2 2 3 4 3 3 4 1 3 4 3 4 2 1 3 1 4 0 0 4 4 0 0 1 1 3 1 3 3 2 1 0 0 1 1 4 4 4 4 2 2 2 2 4 4 2 2 2 2 2 2 3 3 1 1 3 3 0 0 1 1 3 3 1 1 4 4 1 1 1 4 3 3 4 4 2 2 0 0 0 0 0 0 0 0 0 0 0 0 0 0 0 0 0 0 0 0 0 0 0 0 4 4 4 1 1 1 3 3 1 1 4 2 3 3 0 0 4 4 2 2 2 2 4 4 0 0 3 1 2 2 2 2 3 3 4 2 0 0 3 1 3 3 4 4 2 2 2 2 0 0
ROC_WLN_2009_012 2 2 2 2 0 0 2 4 4 4 3 1 2 2 2 2 2 2 4 4 1 1 2 4 1 3 4 4 4 4 1 1 3 3 1 1 3 3 4 4 1 1 4 4 0 0 1 1 1 1 2 2 2 2 3 3 2 2 3 3 1 1 3 3 4 4 3 1 1 1 0 0 3 3 4 4 0 0 2 4 1 2 3 1 3 4 3 4 3 2 4 4 1 1 2 2 4 4 1 3 2 2 3 3 2 2 4 4 2 2 3 2 3 3 2 2 2 2 3 3 3 3 3 3 2 2 2 1 2 2 2 3 4 3 3 4 1 3 4 3 4 2 1 1 1 1 3 3 4 4 4 4 1 1 3 3 3 3 1 1 0 0 1 1 4 4 4 4 2 2 2 2 4 2 2 4 2 2 2 2 3 3 3 3 3 3 1 1 1 1 3 3 1 1 4 4 1 1 1 1 3 3 1 4 2 2 2 2 1 1 1 1 2 2 1 1 4 4 3 3 4 4 3 3 2 2 3 3 3 3 4 2 4 1 3 1 3 3 1 1 4 2 3 3 1 1 4 4 2 2 2 4 4 4 4 4 0 0 1 2 2 4 3 3 4 4 4 4 3 3 3 1 4 1 2 4 0 0 0 0
ROC_WLN_2009_013 2 1 2 2 4 3 2 2 4 4 3 1 2 2 2 2 2 2 4 2 1 4 2 2 1 1 4 4 4 4 1 1 3 3 1 1 3 3 4 4 1 1 4 4 3 3 1 1 1 1 2 4 2 1 3 1 4 2 1 3 1 1 3 3 4 2 3 1 1 3 2 2 3 3 4 4 1 1 2 4 1 2 3 1 3 4 3 4 3 2 3 3 1 1 2 4 4 4 1 3 2 2 3 3 2 2 4 4 2 3 3 2 3 3 2 2 2 2 3 3 3 3 3 3 2 2 1 1 2 2 2 3 4 3 3 4 1 3 4 3 4 2 1 1 1 1 3 3 4 4 4 4 1 1 3 3 3 2 2 1 2 2 1 1 4 4 4 4 2 2 2 2 4 4 2 2 2 2 2 2 3 3 3 1 3 3 1 3 1 1 3 3 1 3 4 4 1 3 1 1 3 3 1 4 2 2 2 2 1 1 1 1 2 2 1 1 4 4 3 3 4 4 3 3 2 2 3 3 3 3 4 4 4 1 3 1 3 3 1 1 4 2 3 3 3 3 4 4 2 4 2 4 4 3 4 3 3 1 1 2 2 2 3 3 4 4 4 4 3 1 3 3 4 4 2 2 2 2 3 3
ROC_WLN_2009_014 2 1 2 2 4 3 2 2 4 3 3 1 2 2 2 2 2 2 2 2 1 1 2 2 1 1 4 4 4 4 1 1 3 3 1 1 3 3 4 4 1 1 4 4 3 3 1 1 1 1 4 4 1 1 1 1 4 2 1 3 1 2 3 3 4 2 3 3 1 1 2 2 3 3 4 4 1 1 2 4 1 2 3 1 3 4 3 4 3 2 3 3 0 0 2 4 4 1 1 3 2 2 3 3 2 2 4 4 2 2 3 2 3 3 2 2 2 2 3 3 3 3 3 3 2 2 2 2 2 2 2 3 4 3 3 4 1 3 4 3 4 2 1 1 1 1 3 3 3 3 4 4 1 1 3 3 3 3 2 1 2 2 1 1 4 1 4 4 2 2 2 2 4 4 2 4 2 2 2 2 3 3 3 1 3 3 1 1 1 1 3 3 1 1 4 4 1 1 1 1 3 3 0 0 2 2 2 2 1 1 1 1 2 2 1 1 4 4 3 3 4 4 3 3 2 2 3 3 3 3 4 4 4 1 3 1 3 3 1 1 2 2 3 3 3 1 4 4 2 4 0 0 3 3 3 3 3 1 2 2 0 0 3 1 4 4 4 4 3 1 3 3 4 4 2 2 2 4 3 4
ROC_WLN_2009_015 1 1 2 1 4 3 2 2 4 3 3 1 2 2 2 2 2 2 2 2 1 1 2 4 1 3 4 4 4 4 1 1 3 3 1 1 3 3 4 4 1 1 4 4 3 1 1 1 1 1 4 4 1 1 1 1 4 2 1 3 1 1 3 3 4 4 3 3 1 1 2 2 3 3 4 2 1 1 2 4 1 2 3 1 3 4 3 4 3 2 3 3 1 4 2 4 4 4 1 3 2 4 3 3 2 2 4 4 2 2 3 3 3 3 2 2 2 2 3 3 3 3 3 3 2 2 2 1 2 1 2 3 4 3 3 4 1 3 4 3 4 2 1 1 1 1 3 2 3 3 4 4 1 1 3 3 3 2 2 1 2 2 1 1 4 4 4 4 2 2 2 2 4 4 2 2 2 2 2 2 1 3 3 3 3 3 1 1 1 1 3 3 1 3 4 4 1 1 1 1 3 3 1 4 2 2 2 2 1 1 1 1 2 2 1 1 4 4 3 3 4 4 3 3 2 2 3 3 3 3 4 4 1 1 3 1 3 3 1 1 2 2 3 3 3 1 4 4 2 2 2 4 4 3 4 3 3 1 2 2 2 2 3 1 4 4 4 4 3 3 3 3 4 4 2 2 2 4 3 4
ROC_WLN_2009_016 2 2 2 2 0 0 2 2 4 3 3 1 0 0 2 2 2 2 4 2 1 1 2 2 1 1 4 4 4 4 1 1 3 3 1 1 3 1 4 4 1 1 4 4 3 3 1 1 1 1 2 2 2 2 3 3 4 4 1 1 1 2 3 3 4 4 3 1 1 1 2 2 3 3 4 2 1 3 2 4 1 2 3 1 3 4 3 4 3 2 3 3 1 1 2 4 4 4 1 1 2 2 3 3 0 0 0 0 2 3 3 2 3 3 0 0 2 2 3 3 3 3 3 3 2 2 1 1 2 1 2 3 4 3 3 4 1 3 4 3 4 2 1 1 1 1 0 0 3 4 4 4 1 1 3 3 3 3 2 2 2 2 1 1 4 4 4 4 2 2 2 2 4 4 2 2 2 2 2 1 3 3 3 1 0 0 1 1 1 1 3 3 1 3 4 4 1 1 1 1 0 0 1 1 2 2 2 2 1 1 1 1 2 2 1 1 4 4 3 3 4 4 3 3 2 2 3 3 3 3 4 2 1 1 3 1 3 3 1 1 4 2 3 3 3 1 4 4 2 2 2 2 4 4 4 4 3 1 1 2 2 2 3 3 4 2 4 4 3 1 3 3 4 4 2 2 2 4 3 4
ROC_WLN_2009_017 2 1 2 1 4 4 2 2 4 3 3 1 2 2 2 4 0 0 0 0 1 1 0 0 0 0 4 4 4 4 1 1 3 3 1 1 3 3 4 4 1 1 4 4 3 1 1 1 1 1 0 0 0 0 1 1 4 4 1 1 1 1 3 3 4 4 3 1 0 0 0 0 3 3 4 2 1 1 2 4 1 2 3 1 3 4 3 4 3 2 0 0 1 4 0 0 4 4 1 3 2 4 3 3 2 2 4 4 2 2 3 2 3 3 2 1 2 1 3 1 3 4 3 1 2 1 2 1 2 2 0 0 4 4 3 3 1 1 4 4 4 4 0 0 0 0 0 0 4 4 4 4 1 1 3 1 3 2 2 1 0 0 1 4 0 0 4 3 2 4 2 4 4 4 2 2 2 2 2 2 1 3 3 1 3 3 0 0 1 2 3 3 1 1 4 4 1 1 1 1 3 3 1 4 0 0 2 2 1 1 1 1 2 2 1 1 4 4 3 3 4 4 3 3 2 2 3 3 3 3 0 0 1 1 3 3 3 3 1 1 2 2 3 3 3 1 4 4 2 4 2 2 4 4 4 4 0 0 1 2 2 2 3 3 4 2 4 4 3 3 3 3 4 4 2 2 2 4 3 4
ROC_WLN_2009_018 1 1 0 0 0 0 2 2 4 3 3 1 2 2 0 0 2 4 0 0 1 1 0 0 0 0 0 0 0 0 0 0 0 0 0 0 0 0 0 0 0 0 0 0 0 0 1 3 0 0 0 0 0 0 0 0 4 2 1 3 1 1 0 0 0 0 3 1 1 3 0 0 0 0 4 4 0 0 0 0 0 0 0 0 0 0 0 0 0 0 3 3 0 0 0 0 4 4 1 3 2 2 0 0 0 0 0 0 0 0 3 2 3 3 0 0 2 2 3 3 3 3 3 3 2 2 1 1 0 0 2 3 4 3 3 4 1 3 4 3 4 2 0 0 0 0 3 3 3 4 4 4 1 1 0 0 0 0 0 0 0 0 1 1 0 0 0 0 0 0 0 0 4 4 0 0 0 0 2 1 1 1 3 3 3 3 0 0 1 1 3 3 0 0 4 4 0 0 0 0 0 0 0 0 0 0 0 0 0 0 0 0 0 0 0 0 0 0 0 0 0 0 0 0 0 0 0 0 0 0 0 0 4 1 0 0 3 3 0 0 0 0 3 3 0 0 0 0 2 4 2 4 0 0 0 0 0 0 1 2 2 4 0 0 0 0 0 0 0 0 0 0 0 0 0 0 0 0 0 0
ROC_WLN_2009_019 2 1 2 2 4 3 2 2 4 4 3 1 2 2 2 4 2 2 4 2 1 1 2 4 1 3 4 4 4 4 1 1 3 3 1 1 3 3 4 4 1 1 4 4 3 1 1 1 1 1 2 4 2 1 3 1 4 2 1 3 1 1 3 3 4 2 3 3 1 1 2 2 3 3 4 4 1 1 2 4 1 2 3 1 3 4 3 4 3 2 3 3 4 4 2 2 4 1 1 1 2 2 3 3 2 2 4 4 2 2 3 3 3 3 2 2 2 2 3 3 3 3 3 3 2 2 2 1 2 1 2 2 4 4 3 3 1 1 4 4 4 4 1 1 1 1 3 3 3 4 4 4 1 1 3 3 3 3 2 1 2 2 1 1 4 4 4 4 2 2 2 2 4 2 2 2 2 2 2 2 3 3 3 3 3 3 1 1 1 1 3 3 1 1 4 4 1 1 1 1 3 3 1 4 2 2 2 2 1 1 1 1 2 2 1 1 4 4 3 3 4 4 3 3 2 2 3 3 3 3 4 2 4 1 3 3 3 3 1 1 4 4 3 3 3 1 4 4 2 4 2 2 4 4 4 4 0 0 1 2 2 4 3 3 4 4 4 4 1 1 3 3 4 4 2 2 2 4 3 4
ROC_WLN_2009_333 0 0 0 0 0 0 2 2 0 0 3 1 0 0 2 2 2 2 4 2 0 0 0 0 0 0 0 0 0 0 0 0 0 0 0 0 3 3 4 1 1 1 4 4 3 3 1 1 1 1 0 0 0 0 0 0 0 0 0 0 0 0 0 0 4 4 0 0 1 1 0 0 3 3 4 4 0 0 2 2 1 1 3 3 3 3 0 0 0 0 3 3 1 4 4 4 4 4 1 1 4 4 0 0 0 0 0 0 2 2 3 3 3 4 0 0 0 0 0 0 0 0 0 0 0 0 2 1 0 0 2 3 4 3 3 4 1 3 4 3 4 2 0 0 0 0 3 3 3 4 4 4 1 1 0 0 3 2 1 1 0 0 0 0 0 0 0 0 0 0 0 0 0 0 0 0 0 0 0 0 0 0 3 3 0 0 0 0 1 1 3 3 1 3 0 0 1 1 1 1 0 0 0 0 2 4 0 0 0 0 0 0 0 0 0 0 0 0 0 0 0 0 0 0 0 0 0 0 0 0 0 0 4 1 0 0 0 0 0 0 4 2 0 0 0 0 4 4 2 4 0 0 4 4 4 4 0 0 1 2 0 0 0 0 0 0 4 4 3 3 3 3 4 4 2 2 4 4 0 0


0 0
0 0




0 0
0 0
0
0
0
0
0
0
