colony_input
colony_input
19
154
688860
1
2
1
0
0 0
0
1
0
0
1
2
0
10000
0
2
2
MK@
0@
0.01 0.01 0.01 0.01 0.01 0.01 0.01 0.01 0.01 0.01 0.01 0.01 0.01 0.01 0.01 0.01 0.01 0.01 0.01 0.01 0.01 0.01 0.01 0.01 0.01 0.01 0.01 0.01 0.01 0.01 0.01 0.01 0.01 0.01 0.01 0.01 0.01 0.01 0.01 0.01 0.01 0.01 0.01 0.01 0.01 0.01 0.01 0.01 0.01 0.01 0.01 0.01 0.01 0.01 0.01 0.01 0.01 0.01 0.01 0.01 0.01 0.01 0.01 0.01 0.01 0.01 0.01 0.01 0.01 0.01 0.01 0.01 0.01 0.01 0.01 0.01 0.01 0.01 0.01 0.01 0.01 0.01 0.01 0.01 0.01 0.01 0.01 0.01 0.01 0.01 0.01 0.01 0.01 0.01 0.01 0.01 0.01 0.01 0.01 0.01 0.01 0.01 0.01 0.01 0.01 0.01 0.01 0.01 0.01 0.01 0.01 0.01 0.01 0.01 0.01 0.01 0.01 0.01 0.01 0.01 0.01 0.01 0.01 0.01 0.01 0.01 0.01 0.01 0.01 0.01 0.01 0.01 0.01 0.01 0.01 0.01 0.01 0.01 0.01 0.01 0.01 0.01 0.01 0.01 0.01 0.01 0.01 0.01 0.01 0.01 0.01 0.01 0.01 0.01
0.01 0.01 0.01 0.01 0.01 0.01 0.01 0.01 0.01 0.01 0.01 0.01 0.01 0.01 0.01 0.01 0.01 0.01 0.01 0.01 0.01 0.01 0.01 0.01 0.01 0.01 0.01 0.01 0.01 0.01 0.01 0.01 0.01 0.01 0.01 0.01 0.01 0.01 0.01 0.01 0.01 0.01 0.01 0.01 0.01 0.01 0.01 0.01 0.01 0.01 0.01 0.01 0.01 0.01 0.01 0.01 0.01 0.01 0.01 0.01 0.01 0.01 0.01 0.01 0.01 0.01 0.01 0.01 0.01 0.01 0.01 0.01 0.01 0.01 0.01 0.01 0.01 0.01 0.01 0.01 0.01 0.01 0.01 0.01 0.01 0.01 0.01 0.01 0.01 0.01 0.01 0.01 0.01 0.01 0.01 0.01 0.01 0.01 0.01 0.01 0.01 0.01 0.01 0.01 0.01 0.01 0.01 0.01 0.01 0.01 0.01 0.01 0.01 0.01 0.01 0.01 0.01 0.01 0.01 0.01 0.01 0.01 0.01 0.01 0.01 0.01 0.01 0.01 0.01 0.01 0.01 0.01 0.01 0.01 0.01 0.01 0.01 0.01 0.01 0.01 0.01 0.01 0.01 0.01 0.01 0.01 0.01 0.01 0.01 0.01 0.01 0.01 0.01 0.01
NFH_GAN_2017_002 0 0 3 1 2 1 0 0 3 4 1 1 3 3 0 0 3 1 0 0 0 0 0 0 0 0 0 0 0 0 0 0 3 3 1 1 2 2 0 0 1 1 2 2 1 3 0 0 3 3 0 0 2 2 0 0 0 0 0 0 0 0 0 0 2 2 3 3 3 3 0 0 1 1 2 4 2 1 3 1 0 0 0 0 1 2 4 2 0 0 1 1 0 0 0 0 0 0 0 0 0 0 0 0 0 0 0 0 0 0 0 0 0 0 3 4 1 4 2 4 0 0 3 1 0 0 0 0 0 0 0 0 0 0 0 0 0 0 1 1 0 0 3 3 0 0 4 4 3 1 2 4 4 2 2 3 3 2 0 0 2 2 0 0 0 0 0 0 2 2 4 4 3 3 1 1 4 4 4 4 2 2 0 0 0 0 3 4 0 0 0 0 0 0 2 1 3 3 4 4 4 4 0 0 0 0 2 1 0 0 0 0 3 3 0 0 3 3 0 0 2 4 2 1 1 1 1 1 2 2 1 1 2 2 0 0 3 3 0 0 0 0 2 4 1 3 4 4 0 0 0 0 1 1 1 1 0 0 3 3 3 3 0 0 3 4 0 0 2 2 4 4 2 4 3 3 2 2 4 4 4 4 0 0 2 2 0 0 2 2 3 3 4 2 2 2 0 0 1 4 4 1 2 4 0 0 0 0
NFH_GAN_2017_003 0 0 0 0 2 2 0 0 0 0 1 4 0 0 0 0 0 0 0 0 0 0 0 0 0 0 0 0 0 0 0 0 0 0 0 0 0 0 0 0 0 0 2 2 1 1 0 0 0 0 0 0 0 0 0 0 0 0 0 0 0 0 0 0 2 4 3 1 0 0 0 0 1 1 2 4 2 1 3 1 0 0 0 0 0 0 4 2 0 0 1 3 0 0 0 0 0 0 0 0 0 0 0 0 0 0 0 0 0 0 0 0 0 0 0 0 0 0 0 0 0 0 0 0 0 0 0 0 0 0 0 0 0 0 0 0 0 0 0 0 0 0 0 0 0 0 0 0 3 3 2 2 4 4 2 3 0 0 0 0 2 4 0 0 0 0 0 0 0 0 0 0 0 0 0 0 0 0 0 0 2 2 0 0 0 0 0 0 0 0 0 0 0 0 0 0 0 0 0 0 0 0 0 0 0 0 0 0 0 0 0 0 3 3 3 1 0 0 0 0 0 0 0 0 1 1 0 0 0 0 0 0 2 2 0 0 3 3 0 0 0 0 0 0 0 0 0 0 0 0 0 0 0 0 1 1 1 1 3 3 0 0 0 0 3 3 0 0 0 0 0 0 2 4 0 0 0 0 4 3 4 3 3 1 2 2 0 0 0 0 0 0 4 2 2 2 0 0 0 0 0 0 0 0 2 4 3 4
NFH_GAN_2017_004 0 0 3 3 0 0 0 0 0 0 1 1 3 3 0 0 0 0 1 1 2 2 0 0 0 0 0 0 0 0 0 0 0 0 0 0 0 0 0 0 1 1 0 0 0 0 0 0 3 3 3 3 2 2 0 0 4 4 0 0 0 0 0 0 2 2 3 1 3 3 0 0 1 1 2 2 2 2 3 3 0 0 0 0 1 1 4 4 3 1 0 0 1 1 0 0 3 3 0 0 0 0 0 0 0 0 0 0 0 0 0 0 0 0 3 3 1 4 2 4 0 0 0 0 2 2 2 2 1 1 0 0 2 2 4 4 4 4 1 1 1 1 1 1 1 1 0 0 0 0 0 0 0 0 0 0 0 0 0 0 2 2 0 0 0 0 0 0 0 0 4 3 3 4 1 3 4 3 4 2 0 0 3 3 1 1 3 4 1 4 0 0 3 2 2 2 3 3 0 0 0 0 0 0 0 0 0 0 3 3 0 0 3 3 3 1 0 0 0 0 2 4 2 1 0 0 0 0 0 0 1 1 2 2 0 0 3 3 0 0 0 0 2 2 1 1 0 0 0 0 0 0 1 1 1 1 0 0 0 0 0 0 0 0 0 0 3 3 2 2 0 0 0 0 0 0 0 0 0 0 0 0 3 1 2 2 1 1 2 2 3 3 4 2 2 2 3 3 0 0 0 0 0 0 0 0 0 0
NFH_GAN_2017_005 0 0 3 3 0 0 0 0 0 0 0 0 3 1 0 0 3 1 0 0 0 0 0 0 0 0 0 0 0 0 0 0 0 0 0 0 0 0 0 0 0 0 2 2 1 3 0 0 3 3 0 0 2 2 0 0 0 0 0 0 0 0 3 4 2 2 3 1 3 3 0 0 1 1 2 2 2 2 3 3 4 2 0 0 1 2 0 0 0 0 0 0 0 0 0 0 3 3 0 0 0 0 0 0 0 0 0 0 0 0 0 0 0 0 0 0 0 0 2 4 0 0 0 0 0 0 0 0 0 0 0 0 0 0 0 0 0 0 0 0 1 1 1 3 0 0 0 0 3 3 2 2 4 4 2 2 0 0 0 0 2 2 0 0 0 0 0 0 0 0 4 4 3 3 1 1 4 4 4 4 0 0 0 0 0 0 0 0 0 0 0 0 0 0 2 1 3 3 4 4 0 0 0 0 0 0 0 0 3 3 0 0 3 3 3 1 0 0 0 0 0 0 0 0 1 1 0 0 0 0 1 1 0 0 0 0 0 0 0 0 0 0 2 2 1 1 4 2 0 0 0 0 0 0 1 1 0 0 0 0 0 0 0 0 0 0 3 1 2 2 0 0 0 0 0 0 0 0 0 0 0 0 0 0 2 2 0 0 2 2 3 3 4 2 2 2 0 0 0 0 0 0 0 0 2 2 3 3
NFH_GAN_2017_006 0 0 3 3 2 2 0 0 0 0 1 1 3 3 0 0 0 0 1 2 2 4 0 0 0 0 0 0 0 0 0 0 0 0 0 0 0 0 0 0 1 3 0 0 0 0 4 4 3 4 0 0 2 1 0 0 0 0 0 0 0 0 0 0 2 2 3 3 0 0 0 0 1 1 2 4 2 1 3 1 0 0 0 0 1 2 4 2 0 0 0 0 0 0 0 0 0 0 0 0 1 4 0 0 0 0 0 0 0 0 0 0 0 0 3 3 1 1 2 4 0 0 0 0 2 2 2 2 1 1 0 0 0 0 4 3 4 1 1 3 1 2 0 0 1 2 4 2 3 3 2 2 4 4 2 2 0 0 0 0 2 4 0 0 0 0 0 0 0 0 4 4 3 3 1 1 4 4 0 0 2 2 0 0 0 0 0 0 0 0 0 0 0 0 2 1 3 3 4 1 0 0 0 0 0 0 0 0 0 0 0 0 0 0 3 1 3 3 0 0 0 0 0 0 1 2 0 0 0 0 1 1 2 2 0 0 3 1 0 0 0 0 0 0 0 0 4 2 0 0 0 0 1 1 0 0 1 2 3 3 3 1 0 0 0 0 3 3 2 4 4 4 2 4 3 1 0 0 4 4 4 4 0 0 2 2 0 0 2 2 0 0 0 0 0 0 0 0 0 0 0 0 0 0 2 2 0 0
NFH_GAN_2017_007 2 2 0 0 0 0 4 3 3 3 1 1 3 3 0 0 3 1 1 1 2 2 2 2 2 2 4 2 2 4 1 1 4 4 4 4 3 3 4 4 1 1 2 2 1 3 4 2 3 3 3 3 2 2 3 3 4 2 0 0 0 0 3 3 2 2 3 3 3 1 1 1 1 1 2 4 2 1 3 1 4 4 1 1 1 2 4 4 3 1 1 1 0 0 3 4 3 3 4 4 1 1 0 0 1 2 3 1 0 0 3 4 3 2 3 4 1 1 4 4 4 4 3 3 2 2 2 1 1 4 4 3 2 2 0 0 0 0 0 0 1 1 1 1 0 0 4 4 3 3 2 2 4 4 2 2 3 3 2 2 2 2 2 2 1 1 2 2 2 2 4 4 3 3 1 1 4 4 4 4 2 2 3 1 1 3 3 4 0 0 3 1 3 2 2 2 3 3 4 4 4 4 1 1 3 3 2 2 3 3 0 0 3 4 3 1 3 3 3 3 2 2 2 2 1 1 1 2 2 4 1 1 2 2 1 1 3 3 0 0 0 0 2 2 1 1 4 4 4 1 3 3 1 1 1 1 1 1 3 3 3 3 2 2 3 3 3 1 2 2 4 4 2 2 3 3 2 4 4 4 4 4 0 0 2 2 1 2 2 2 3 3 2 2 2 2 0 0 1 1 4 4 2 2 2 4 3 4
NFH_GAN_2017_008 2 1 3 3 0 0 4 3 3 3 1 1 3 1 4 4 3 1 1 1 2 2 2 2 2 2 2 2 2 2 1 1 4 4 4 4 3 3 4 1 1 1 2 2 1 3 4 4 3 3 3 3 2 2 3 1 4 4 0 0 0 0 3 3 2 4 3 1 3 3 1 3 1 3 0 0 2 2 0 0 4 2 1 3 1 2 4 2 3 1 1 1 0 0 0 0 3 3 4 4 1 1 2 4 1 2 3 1 3 4 3 4 3 2 3 3 1 1 2 4 4 4 3 3 2 2 2 2 1 1 4 4 2 2 4 4 4 4 1 1 1 1 1 1 1 1 4 4 3 3 2 2 4 4 0 0 3 2 2 2 2 2 2 2 1 1 2 2 2 3 4 3 3 4 1 3 4 3 4 2 2 2 3 3 1 1 3 3 1 1 3 1 3 2 2 1 3 3 4 4 4 2 1 1 3 3 2 2 3 3 0 0 3 3 1 1 3 3 3 1 2 2 2 2 1 1 1 1 2 2 1 3 2 2 1 4 3 3 4 4 3 3 2 2 1 1 4 2 1 1 3 3 1 1 1 1 1 1 3 3 3 3 2 2 3 3 3 1 2 4 4 4 2 2 3 3 2 2 4 3 4 3 3 1 2 2 1 2 2 2 3 3 2 2 2 2 1 1 1 1 4 4 2 2 4 4 4 4
NFH_GAN_2017_009 2 2 3 3 2 2 4 3 3 3 1 1 1 1 4 4 3 1 1 1 2 2 2 2 2 2 0 0 2 2 1 1 4 3 4 1 3 2 0 0 1 1 2 2 1 3 4 4 3 3 3 3 2 2 3 1 4 4 4 4 0 0 3 3 2 2 3 3 3 3 1 3 1 1 2 4 2 1 3 1 4 4 1 1 1 2 4 2 3 1 1 1 1 1 3 3 3 3 2 2 1 1 2 4 1 2 3 1 3 4 3 3 3 3 3 3 1 1 2 2 4 4 3 3 2 2 2 1 1 4 4 3 2 2 4 4 4 4 1 1 1 1 1 3 1 1 4 4 3 3 2 2 4 4 2 2 2 2 2 2 2 2 2 2 1 1 2 2 2 3 4 3 3 4 1 3 4 3 4 2 2 2 3 3 1 1 3 3 1 1 3 3 3 3 2 2 3 4 4 4 4 2 1 1 3 3 0 0 3 3 1 3 3 3 1 1 3 3 3 1 2 4 2 1 1 1 1 1 2 2 1 1 2 2 1 1 3 3 4 4 3 3 2 2 1 1 4 4 4 1 3 3 1 1 1 1 1 1 3 3 3 3 0 0 3 3 3 1 2 2 4 4 2 2 3 3 2 4 4 3 4 3 3 1 2 2 2 2 2 2 3 1 4 4 2 4 3 3 1 1 4 4 2 2 2 2 3 3
NFH_GAN_2017_010 2 2 3 3 2 2 4 3 3 3 1 1 3 3 4 4 3 1 1 1 2 2 2 2 2 2 4 2 2 2 1 1 4 4 4 4 3 3 4 4 1 1 2 2 1 1 4 4 3 3 3 3 2 2 3 3 4 4 4 4 4 4 3 3 2 4 3 1 3 3 1 1 1 1 2 2 2 2 3 3 4 4 1 1 1 2 4 4 3 3 1 1 1 1 3 3 3 3 4 2 1 1 2 4 1 2 3 1 3 4 3 4 3 2 3 3 1 1 2 4 4 4 3 3 2 2 2 2 1 1 4 4 2 2 4 4 4 4 1 1 1 1 1 1 1 1 4 4 3 3 2 2 4 4 2 2 3 3 2 2 2 2 2 2 1 1 2 2 2 2 4 4 3 3 1 1 4 4 4 4 2 2 3 3 1 1 3 4 1 1 3 1 3 3 2 1 3 3 4 4 4 4 1 1 3 3 0 0 3 3 1 3 3 3 1 1 3 3 3 3 2 4 2 1 1 1 1 1 2 2 1 1 2 2 1 1 3 3 4 4 3 3 2 2 1 1 0 0 4 4 3 3 1 1 1 1 1 1 3 3 3 3 4 2 3 3 3 1 2 2 4 4 2 2 3 3 2 2 4 3 4 3 3 1 2 2 1 1 2 4 3 3 4 2 2 2 3 1 1 1 4 1 2 4 2 2 3 3
NFH_GAN_2017_011 2 2 3 3 0 0 4 3 3 3 1 1 3 1 4 4 3 1 1 1 2 2 2 2 2 2 4 4 2 2 1 1 4 4 4 4 3 3 4 4 1 1 2 4 1 3 4 4 3 3 3 3 2 2 3 3 4 4 4 4 4 4 3 3 2 4 3 3 3 3 1 3 1 3 2 4 2 1 3 1 4 2 1 3 0 0 4 4 1 1 1 3 1 1 3 3 4 4 4 2 1 1 2 4 1 2 3 1 3 4 3 4 3 2 3 3 1 1 2 4 4 4 3 3 2 4 2 2 1 1 4 3 2 2 4 4 4 4 1 1 1 1 1 1 1 1 4 4 3 3 2 2 4 4 2 2 3 2 2 2 2 4 2 2 1 1 2 2 2 3 4 3 3 4 1 3 4 3 4 2 2 2 3 3 1 1 3 3 1 1 3 3 3 2 2 2 3 4 4 4 4 2 1 1 3 3 2 2 3 3 1 1 3 3 3 1 3 3 3 1 2 2 2 2 1 1 1 1 2 2 1 1 2 2 1 1 3 3 4 4 3 3 2 2 1 1 4 2 1 1 3 3 1 1 1 4 1 1 3 3 3 3 4 2 3 3 3 1 2 2 4 4 2 2 3 3 2 2 4 4 4 4 3 1 2 2 2 2 2 2 3 3 4 4 2 2 3 3 1 1 1 1 4 4 2 4 3 4
NFH_GAN_2017_012 2 2 0 0 2 2 0 0 0 0 0 0 0 0 4 4 3 1 1 1 2 2 2 2 2 2 0 0 2 2 1 1 0 0 0 0 0 0 0 0 1 1 0 0 1 3 0 0 3 3 3 3 0 0 0 0 4 4 0 0 0 0 3 3 2 4 0 0 0 0 0 0 1 3 2 4 2 1 3 1 4 2 1 3 1 2 0 0 0 0 0 0 0 0 0 0 3 3 4 2 0 0 0 0 0 0 0 0 0 0 0 0 0 0 3 3 1 1 2 4 4 4 0 0 4 4 0 0 0 0 4 3 2 2 0 0 0 0 0 0 0 0 0 0 0 0 0 0 0 0 0 0 0 0 0 0 0 0 2 2 2 4 0 0 0 0 0 0 0 0 0 0 0 0 0 0 0 0 0 0 2 1 3 3 1 1 3 4 1 1 3 3 3 2 2 1 3 3 4 4 0 0 1 1 3 3 0 0 0 0 0 0 3 3 3 1 0 0 0 0 2 2 2 2 1 1 1 1 2 2 1 1 2 1 0 0 0 0 4 4 3 3 0 0 0 0 4 4 1 1 0 0 1 1 1 1 1 1 3 3 3 3 0 0 0 0 3 1 0 0 0 0 2 2 3 3 2 2 4 3 4 3 3 1 2 2 0 0 0 0 0 0 2 2 2 2 3 3 1 4 0 0 0 0 2 2 3 3
NFH_GAN_2017_013 2 2 3 3 2 2 0 0 3 3 1 1 3 3 4 4 3 1 1 1 2 2 2 4 2 2 4 2 2 2 1 1 4 4 4 4 3 3 4 4 1 1 2 2 1 1 4 4 3 3 3 3 2 2 3 3 4 4 4 4 4 4 3 3 2 2 3 1 3 3 0 0 1 1 2 4 2 1 3 1 4 2 1 3 1 1 4 4 3 3 1 3 1 1 3 3 3 3 4 2 1 1 2 4 1 2 3 1 3 4 3 4 3 2 3 3 1 1 2 4 4 1 3 3 2 2 2 2 1 1 4 4 2 2 4 4 4 4 1 1 1 1 1 3 1 1 4 4 3 3 2 2 4 4 2 3 3 2 2 2 0 0 2 2 2 1 2 2 2 2 4 4 3 3 1 1 4 4 4 4 0 0 3 3 1 1 3 3 1 1 3 1 3 3 2 2 3 3 4 4 4 2 1 1 3 3 2 2 3 3 1 3 3 3 3 1 3 3 3 3 0 0 2 2 1 1 1 1 2 2 1 1 2 2 1 4 3 3 4 4 3 3 2 2 1 1 4 2 4 1 3 1 1 3 1 1 1 1 3 1 3 3 4 2 3 4 1 1 2 4 4 4 2 2 3 3 2 2 4 4 4 4 3 1 2 2 1 1 2 4 3 3 4 2 2 2 3 1 1 1 4 1 2 4 2 4 3 4
NFH_GAN_2017_014 2 2 3 3 2 2 4 4 3 3 1 1 3 3 4 4 3 1 1 1 2 2 2 2 2 2 4 2 2 2 1 1 4 3 4 1 3 2 4 4 1 1 2 2 1 1 4 4 3 3 3 3 2 2 3 1 4 4 4 4 0 0 3 3 2 2 3 3 3 3 1 3 1 1 2 4 2 1 3 1 4 4 1 1 1 1 4 4 3 1 1 1 1 3 3 3 3 3 2 2 1 1 2 4 1 2 3 1 3 4 3 4 3 2 3 3 1 1 2 2 4 4 3 3 2 2 2 2 1 1 4 3 2 2 4 4 4 4 1 1 1 1 1 3 1 1 4 4 3 3 2 2 4 4 2 2 2 2 2 2 2 2 2 1 1 1 2 2 2 3 4 3 3 4 1 3 4 3 4 2 2 2 3 3 1 1 3 3 1 1 3 3 3 2 2 2 3 4 4 4 4 4 1 1 3 3 2 2 3 3 3 3 3 3 1 1 3 3 3 3 2 2 2 2 1 1 1 1 2 2 1 1 2 2 1 1 3 3 4 1 3 4 2 2 1 1 4 2 4 1 3 3 1 1 1 1 1 1 3 3 3 3 4 4 3 3 3 1 2 2 4 4 2 2 3 3 4 4 4 4 4 4 3 1 2 2 2 2 2 2 3 3 4 4 2 2 3 3 1 1 4 4 2 2 2 2 3 3
NFH_GAN_2017_015 2 2 3 3 2 2 4 4 3 3 1 1 3 3 4 4 3 1 1 1 2 2 2 4 2 2 4 4 2 2 1 1 4 3 4 1 3 2 4 4 1 1 2 2 1 1 4 4 3 3 3 3 2 2 3 1 4 4 4 4 4 4 3 3 2 2 3 3 3 3 1 1 1 1 2 4 2 1 3 1 4 2 1 3 1 2 4 4 3 3 1 3 1 1 3 3 3 3 4 2 1 1 2 4 1 2 3 1 3 4 3 4 3 2 3 3 1 4 2 2 4 4 3 3 2 2 2 2 1 1 4 3 2 1 4 4 4 4 1 1 1 1 1 3 1 1 4 4 3 3 2 2 4 4 2 2 3 2 2 2 2 4 2 2 0 0 2 2 2 2 4 4 3 3 1 1 4 4 4 4 2 2 3 3 1 1 3 3 1 1 3 3 3 3 1 1 3 3 4 4 4 4 1 4 3 1 2 2 3 4 1 1 3 3 3 3 3 1 3 3 2 4 2 1 1 1 1 1 2 2 1 3 2 2 1 1 3 3 4 4 0 0 2 2 1 1 2 2 1 1 3 3 1 1 1 1 1 1 3 1 3 3 4 4 3 3 1 1 2 2 4 4 2 2 3 3 2 4 3 3 3 3 0 0 2 2 1 1 0 0 3 3 4 2 2 2 3 3 1 1 4 1 2 4 2 2 3 3
NFH_GAN_2017_016 2 2 0 0 0 0 4 3 3 3 0 0 3 3 4 4 3 1 1 1 2 2 2 2 2 4 4 4 2 2 1 4 4 4 4 4 3 3 4 4 1 1 2 2 1 3 4 4 3 3 3 3 2 2 3 1 4 4 4 1 4 2 3 3 2 2 3 3 3 3 1 1 1 1 2 4 2 1 3 1 2 2 3 3 1 2 4 4 3 1 1 3 0 0 0 0 3 3 4 4 1 1 2 4 1 2 3 1 3 4 3 4 3 2 3 3 1 1 2 4 4 4 3 3 0 0 2 1 1 4 3 3 2 2 4 4 4 4 1 1 1 1 3 3 1 1 4 4 3 3 2 2 4 4 0 0 3 3 2 2 2 2 2 2 2 1 2 4 2 2 4 4 3 3 1 1 4 4 4 4 2 2 3 3 1 1 3 4 1 1 3 3 3 3 2 1 3 3 0 0 4 4 1 1 3 3 2 2 3 3 1 1 3 3 3 3 3 1 0 0 2 4 2 1 1 1 1 1 2 2 1 1 2 2 1 1 3 3 4 4 3 3 2 2 1 1 4 2 4 4 3 3 1 1 1 1 1 1 3 3 3 3 4 4 3 3 3 3 2 2 4 2 2 2 3 3 2 2 4 4 4 4 3 1 2 2 1 1 2 2 1 1 4 4 2 2 3 3 1 1 4 1 0 0 2 2 3 3
NFH_GAN_2017_017 2 2 3 3 2 2 4 3 3 3 1 1 3 1 4 4 3 1 1 1 2 2 2 2 2 2 4 2 2 2 1 4 4 4 4 4 3 3 4 4 1 1 2 2 1 1 4 4 3 3 3 3 2 2 3 3 4 4 4 4 4 4 3 3 2 2 3 3 3 3 1 1 1 3 2 4 2 1 3 1 4 4 1 1 1 2 4 4 3 3 1 3 1 1 3 3 3 3 4 2 1 1 2 4 1 2 3 1 3 4 3 4 3 2 3 3 1 1 2 2 4 4 3 3 2 2 2 2 1 1 4 3 2 2 4 4 4 4 1 1 1 1 1 3 1 1 4 4 3 1 2 4 4 2 2 2 3 2 2 2 4 4 2 2 2 1 2 2 2 3 4 3 3 4 1 3 4 3 4 2 2 2 3 3 1 1 3 3 1 1 1 1 3 2 2 2 3 3 4 4 4 2 1 1 3 3 0 0 3 3 1 1 3 3 3 1 3 3 3 1 4 4 1 1 1 1 1 1 2 2 1 1 2 2 4 4 3 3 4 4 3 3 2 2 1 1 4 2 4 4 3 3 1 1 1 1 1 1 3 3 3 3 2 2 3 3 3 3 2 2 4 4 2 2 3 3 2 2 4 3 4 3 3 1 2 2 2 2 2 2 3 3 4 2 2 2 3 3 1 1 4 1 2 4 2 2 3 3
NFH_GAN_2017_018 2 2 0 0 2 2 0 0 0 0 1 1 3 3 4 4 3 1 1 1 2 2 0 0 0 0 4 2 2 2 1 1 4 4 4 4 3 3 0 0 1 1 2 2 1 1 4 4 3 3 0 0 2 2 0 0 4 4 0 0 0 0 3 3 2 4 3 1 3 3 1 1 1 1 2 2 2 2 3 3 0 0 1 1 1 2 4 2 3 1 1 1 0 0 0 0 3 3 4 2 0 0 0 0 0 0 0 0 0 0 0 0 0 0 3 3 1 4 2 4 4 4 3 3 0 0 0 0 0 0 4 3 2 2 4 4 4 4 1 1 1 1 3 3 1 1 4 4 3 3 2 2 4 4 2 3 0 0 2 1 2 4 2 2 0 0 0 0 0 0 4 4 3 3 1 1 0 0 0 0 2 2 0 0 0 0 3 4 1 1 3 3 0 0 2 1 3 3 4 4 4 4 0 0 0 0 0 0 3 3 0 0 3 3 3 1 3 3 3 3 2 4 2 1 1 1 1 1 0 0 1 1 2 2 1 4 3 3 0 0 0 0 2 2 1 1 4 4 0 0 3 3 1 1 1 1 1 1 3 3 3 3 0 0 3 3 3 1 2 2 4 4 2 2 3 3 2 2 4 4 4 4 3 1 2 2 0 0 2 4 3 3 4 2 2 2 3 3 1 1 4 1 2 4 2 2 3 3
NFH_GAN_2017_019 2 2 3 3 2 2 4 4 3 3 1 1 3 3 4 3 3 1 1 1 2 2 2 2 2 2 4 4 2 2 1 1 4 4 4 4 3 3 4 4 1 1 2 2 1 1 4 4 3 3 3 2 2 2 3 1 4 4 4 1 4 2 3 3 2 2 3 1 3 3 1 1 1 1 2 2 2 2 3 3 4 2 1 3 2 2 4 2 3 1 3 3 1 1 3 3 3 4 4 4 1 1 2 4 1 2 3 1 3 4 3 4 3 2 3 4 1 1 2 2 4 4 3 3 2 2 0 0 0 0 4 3 2 2 4 4 4 4 1 1 1 1 1 3 1 1 4 4 3 3 2 2 4 4 0 0 3 3 2 2 2 2 2 2 1 1 2 2 2 2 4 4 3 3 1 1 4 4 4 4 2 2 3 3 1 1 3 4 1 1 3 3 3 2 2 2 3 3 4 4 4 4 1 1 3 3 2 2 3 3 1 1 3 3 3 3 3 3 3 3 2 4 2 1 1 1 1 1 2 2 1 1 2 2 1 1 3 3 0 0 0 0 2 2 1 1 4 2 4 4 3 3 1 1 1 4 1 1 3 3 3 3 4 2 3 3 0 0 2 2 4 4 2 2 3 3 2 4 4 4 4 4 3 1 2 4 1 2 2 2 3 3 4 4 2 4 3 1 1 1 4 4 2 2 2 4 3 4
NFH_GAN_2017_020 2 2 3 3 0 0 4 3 0 0 1 1 3 1 4 4 3 1 1 1 2 2 2 2 2 2 4 4 2 2 1 1 4 3 4 1 3 2 4 4 1 1 2 2 1 3 4 4 3 3 3 3 2 2 3 1 0 0 0 0 0 0 3 3 2 2 3 3 3 3 1 1 1 1 2 4 2 1 3 1 4 2 1 3 1 2 4 4 3 1 1 1 0 0 3 3 3 3 4 2 0 0 2 4 1 2 3 1 3 4 3 4 3 2 3 3 4 4 2 2 4 4 3 3 2 4 2 2 1 1 3 3 2 2 4 4 4 4 1 1 1 1 1 3 1 1 4 4 3 3 2 2 4 4 2 3 2 2 2 2 2 2 0 0 0 0 0 0 2 2 4 4 3 3 1 1 4 4 4 4 2 2 3 3 1 1 4 4 1 1 3 3 0 0 2 2 3 4 4 4 4 4 1 1 3 3 2 1 3 3 1 1 3 3 3 1 3 3 3 3 2 2 2 2 1 1 1 1 2 2 1 1 2 2 1 1 3 3 4 4 3 3 2 2 1 1 4 2 4 1 3 3 1 3 1 1 1 1 3 3 3 3 0 0 3 3 3 3 2 2 4 4 2 2 3 3 2 2 3 3 3 3 3 1 2 2 1 1 2 2 3 3 4 4 2 2 3 3 1 4 4 4 2 2 2 4 3 4


0 0
0 0




0 0
0 0
0
0
0
0
0
0
